AMCHITKA ISLAND     AK - 704545                                                 														
 51 deg    23' N  179 deg    16' E - Elev   69m   LST=GMT+99 hours   *NT=+12    														
 01/73-08/73 06/87-10/93                                                        														
SPEED BY YEAR                                                                   														
	Year	ALL	JAN	FEB	MAR	APR	MAY	JUN	JUL	AUG	SEP	OCT	NOV	DEC
	ALL	7.85	9.73	9.5	9.28	7.76	7.31	6.36	6.19	6.8	7.09	7.57	8.33	9.01
	1973	8.49	10.74	10.98	8.93	9.22	-1	9.11	6.79	5.99	-1	-1	-1	-1
	1987	8.66	-1	-1	-1	-1	-1	7.5	7.51	7.61	8.13	9.02	10.27	11.08
	1988	8.25	9.83	9.21	9.77	7.67	9.42	7.91	5.48	6.33	7.96	8.28	8.4	11.93
	1989	7.31	11.92	11.12	9.35	9.43	7.18	6.48	6.1	6.7	7.2	7.83	8.13	7.3
	1990	8.23	9.96	9.53	8.75	7.9	7.56	5.84	6.63	7.51	6.72	9.07	8.8	10.47
	1991	8.43	11.48	10.02	11.15	8.2	7.1	6.62	5.99	7.39	6.78	5.51	7.04	8.79
	1992	7.35	6.65	9.1	8.93	7.3	7.16	6.39	5.96	5.84	7.39	6.23	8.72	8.94
	1993	7.13	8.74	8.65	7.23	7.23	6.97	6.13	5.47	5.62	7.44	9.2	-1	-1
POWER BY YEAR                                                                   														
	Year	ALL	JAN	FEB	MAR	APR	MAY	JUN	JUL	AUG	SEP	OCT	NOV	DEC
	ALL	568	1047	891	907	520	380	272	245	294	403	474	716	808
	1973	620	1020	1104	723	659	-1	247	499	173	-1	-1	-1	-1
	1987	710	-1	-1	-1	-1	-1	363	428	451	569	758	1087	1451
	1988	707	1104	1232	1061	582	750	619	176	279	474	623	696	1677
	1989	444	1581	1528	862	843	365	296	221	270	425	463	683	440
	1990	635	1166	875	745	583	397	202	285	367	360	661	798	1177
	1991	690	1276	945	1459	570	328	341	228	341	331	238	431	662
	1992	474	436	759	793	412	393	224	211	201	449	325	842	735
	1993	446	961	777	358	395	337	246	177	190	518	481	-1	-1
NUMBER OF SPEED OBSERVATIONS BY YEAR                                            														
	Year	ALL	JAN	FEB	MAR	APR	MAY	JUN	JUL	AUG	SEP	OCT	NOV	DEC
	ALL	28173	2310	2135	2348	2020	2118	2700	2636	2683	2321	2380	2235	2287
	1973	149	25	14	23	12	0	15	38	22	0	0	0	0
	1987	606	0	0	0	0	0	69	115	85	91	87	85	74
	1988	859	59	69	47	75	63	84	65	121	74	83	68	51
	1989	5308	72	72	95	70	205	664	683	690	673	695	683	706
	1990	8173	706	634	687	683	687	681	677	685	677	695	667	694
	1991	5574	693	618	692	396	403	400	388	430	377	420	376	381
	1992	4747	396	379	403	403	394	408	423	414	391	399	356	381
	1993	2757	359	349	401	381	366	379	247	236	38	1	0	0
NUMBER OF SPEED OBSERVATIONS BY HOUR                                            														
	Hour	ALL	JAN	FEB	MAR	APR	MAY	JUN	JUL	AUG	SEP	OCT	NOV	DEC
	0	644	61	54	60	31	35	55	57	58	55	60	57	61
	1	628	55	53	60	28	35	54	56	53	59	59	57	59
	2	650	58	54	58	30	36	56	59	65	60	60	56	58
	3	1029	58	54	58	73	89	131	129	126	101	93	57	60
	4	1336	106	86	106	106	108	148	133	120	108	122	97	96
	5	1488	105	105	105	110	127	138	143	148	141	121	121	124
	6	1535	115	115	131	119	123	141	150	149	130	123	116	123
	7	1507	116	125	132	119	112	136	143	146	124	122	119	113
	8	1497	124	116	133	112	118	142	142	154	118	114	113	111
	9	1485	114	107	128	116	116	144	153	154	115	117	108	113
	10	1476	116	106	119	111	120	156	148	150	108	123	108	111
	11	1439	125	108	119	107	106	134	139	146	113	110	116	116
	12	1392	124	106	114	109	109	128	133	139	108	111	105	106
	13	1357	112	105	111	108	102	129	130	133	105	107	110	105
	14	1339	100	93	113	104	110	132	129	141	102	108	105	102
	15	1390	107	102	110	108	114	139	139	136	111	114	99	111
	16	1406	118	98	102	113	118	153	106	111	117	132	113	125
	17	1396	120	111	114	109	111	123	110	111	104	126	133	124
	18	1274	108	100	113	93	102	124	101	107	109	112	99	106
	19	1171	105	96	101	77	84	101	99	103	101	102	98	104
	20	779	83	78	82	42	37	59	57	60	58	62	78	83
	21	650	61	57	59	31	34	57	61	58	60	60	58	54
	22	654	61	54	62	32	36	59	61	56	57	60	55	61
	23	651	58	52	58	32	36	61	58	59	57	62	57	61
	24	644	61	54	60	31	35	55	57	58	55	60	57	61
SPEED BY HOUR                                                                   														
	Hour	ALL	JAN	FEB	MAR	APR	MAY	JUN	JUL	AUG	SEP	OCT	NOV	DEC
	0	7.9	11.05	9.09	9.35	6.89	7.23	5.28	5.89	6.65	6.53	8.01	8.74	8.9
	1	7.83	10.81	9.6	9.59	7.05	7.08	5.51	5.83	6.62	6.02	8.15	8.37	8.61
	2	8.03	11.09	9.94	9.91	8.59	6.69	5.74	6.02	6.59	6.31	8.07	8.37	9.18
	3	7.37	11.21	10.33	9.54	7.41	6.17	6.06	6.13	6.38	6.52	7.33	8.21	8.89
	4	7.39	9.69	9.75	8.74	7.24	6.29	5.69	5.9	6.35	6.66	7.22	8.21	8.82
	5	7.42	9.53	9.75	8.86	7.02	6.5	5.95	5.45	6.05	6.81	7	8.5	9.27
	6	7.48	9.24	9.47	8.86	7.18	6.84	5.82	5.66	6.22	6.94	7.08	8.48	9.1
	7	7.53	9.36	9.97	8.4	7.38	7.01	6.29	5.89	6.18	6.8	6.9	8.13	8.72
	8	7.75	9.77	9.78	8.71	7.63	7.4	6.53	5.91	6.63	7.02	7.11	8.17	9.26
	9	7.79	9.57	9.51	8.77	7.64	7.6	6.78	6.4	7	6.95	7.38	8.01	8.9
	10	8.03	10.22	9.6	9.03	7.86	7.69	6.84	6.3	7.35	7.56	7.68	8.75	8.74
	11	8.17	9.6	9.73	9.4	8.28	7.66	6.75	6.62	7.3	7.48	7.79	8.7	9.42
	12	8.28	9.71	9.66	9.79	8.13	7.74	6.81	6.68	7.25	8.08	8.11	8.61	9.5
	13	8.35	9.2	9.46	9.89	8.52	8.2	6.68	6.87	7.29	7.9	8.54	8.67	9.78
	14	8.25	9.39	9.55	9.62	8.5	7.98	6.73	6.91	7.26	8.16	8.11	8.46	9.58
	15	8.21	9.21	9.61	9.75	8.29	7.9	7.1	6.79	7.46	7.96	7.94	8.22	9.25
	16	8.13	9.27	9.41	9.45	8.35	7.78	6.97	6.42	7.17	7.87	7.94	8.2	9.19
	17	7.98	9.41	8.9	9.44	8.18	7.53	6.71	6.31	7.09	7.52	7.39	8.49	8.62
	18	7.59	8.93	8.99	9.1	7.6	7.26	6.38	6	6.8	6.83	6.83	8	8.57
	19	7.53	9.31	9.15	8.99	7.56	6.93	6.37	5.94	6.6	6.74	6.93	7.48	8.24
	20	7.89	9.69	9.21	9.41	7.46	7.33	5.89	6.13	6.42	6.47	7.96	7.71	8.65
	21	7.89	10.51	9.07	10.15	6.85	7.55	5.67	5.89	6.34	6.45	7.95	8.46	9.15
	22	7.83	10.72	9.26	9.79	7.15	7.19	5.52	5.79	6.69	6.18	8.03	8.36	8.64
	23	7.77	10.66	9.02	10.12	7.38	7.16	5.43	5.9	6.41	5.77	7.82	8.57	8.79
	24	7.9	11.05	9.09	9.35	6.89	7.23	5.28	5.89	6.65	6.53	8.01	8.74	8.9
POWER BY HOUR                                                                   														
	Hour	ALL	JAN	FEB	MAR	APR	MAY	JUN	JUL	AUG	SEP	OCT	NOV	DEC
	0	605	1317	771	996	447	378	163	214	270	401	504	802	754
	1	578	1133	896	1125	413	342	211	199	300	250	499	642	730
	2	636	1168	981	1216	899	300	230	227	276	317	537	697	869
	3	503	1315	1073	1057	500	252	253	269	259	395	441	607	788
	4	510	1092	923	812	491	282	232	231	262	376	415	617	729
	5	516	1037	939	781	415	303	250	231	217	376	393	706	886
	6	552	1034	1014	841	486	363	223	207	241	449	467	704	845
	7	555	1127	1153	753	479	377	245	237	230	357	398	730	733
	8	574	1087	1094	790	511	391	304	205	283	366	437	682	938
	9	546	1110	931	756	493	408	351	258	301	353	447	623	770
	10	582	1220	944	821	523	418	313	241	346	431	462	823	759
	11	592	1026	905	905	559	418	309	269	335	391	457	711	947
	12	612	1028	913	951	527	418	291	267	331	477	585	799	913
	13	592	839	758	911	578	509	278	300	341	461	658	758	884
	14	588	924	901	893	604	461	273	293	339	497	528	694	924
	15	580	918	807	986	530	440	320	291	391	487	494	664	865
	16	591	991	800	875	556	457	359	249	333	532	572	689	775
	17	577	917	766	965	540	380	294	238	354	460	442	797	717
	18	539	951	803	891	483	354	261	221	276	416	387	787	672
	19	522	945	730	844	475	315	271	223	256	423	400	689	647
	20	610	1104	786	990	556	325	230	254	242	328	481	638	778																									
	21	592	1125	790	1178	439	281	199	205	239	311	504	794	849																									
	22	580	1164	789	1025	547	316	197	228	261	281	496	712	785																									
	23	589	1127	778	1194	593	343	176	217	249	230	463	790	856																									
	24	605	1317	771	996	447	378	163	214	270	401	504	802	754																									
SPEED BY DIRECTION                                                              																																							
	Month	calm	0	10	20	30	40	50	60	70	80	90	100	110	120	130	140	150	160	170	180	190	200	210	220	230	240	250	260	270	280	290	300	310	320	330	340	350	360
	ALL	0	7.95	7.86	7.89	7.85	7.92	8.28	8.09	7.75	8.38	8	8.76	8.19	8.89	8.94	8.85	8.6	7.87	7.63	8.33	7.59	8.15	8.08	7.85	8	8.18	7.97	7.87	7.83	7.95	7.73	7.27	6.49	6.97	7.94	8.43	7.95	7.95
	1	0	10.7	9.8	11.3	10.2	10.3	11	10.5	10.4	11.6	10	11.7	8.9	9.1	9.8	9.3	11.7	12.7	12.5	11.6	10.2	9.1	9.6	9.4	9.4	9.6	9.5	9.5	9.9	10	9.4	6.5	5.9	7.4	8.8	11.6	10.5	10.7
	2	0	10.5	10.4	10.3	10.7	11.4	9.8	10.6	9.3	8.6	8.4	9.6	10.4	13.1	14.3	11.4	13.1	10.6	11.2	8.7	9.2	10.6	9.5	9.7	8.7	8.3	7.7	7.8	9.9	10.6	10	8.6	6.4	6.6	7	8.5	10.2	10.5
	3	0	9	9.3	9.1	8.8	8.6	9.1	8	7	9.4	9	8.7	9.3	11.7	12.2	12.4	11.2	9.7	9.7	11.3	8.1	11.6	11	10.2	11.4	10.5	9.4	10.2	9.2	9.2	9.4	7.1	5.7	6.4	8.1	9.6	8.8	9
	4	0	8.7	6.8	7.2	7.7	6.6	7.4	6.5	5.9	7	7.1	7.3	7.3	8.4	8.8	10.3	8.1	7.4	6.4	8	7.2	7.2	7.5	8.5	7.3	8.9	8.2	9.1	8.5	8.7	10	7.4	7	8.3	9	7.7	8.6	8.7
	5	0	7.3	7.5	7.6	6.6	6.9	6.4	7.5	7.2	6.9	6.8	8.1	8.2	8.4	10.1	8.8	8.8	7.1	6.3	7	7.3	6.5	7.7	6.3	7.4	8.1	7.2	7.3	7.6	7.8	6.9	6.5	6.1	6	7.5	7.4	7.4	7.3
	6	0	6	6.2	7.8	6.6	6	7.2	6.5	5.9	8.1	6.4	6.5	6.8	6.5	7.2	7.5	6.2	6	5.4	5.3	5.3	5.9	5.5	5.5	5.2	5.9	6.3	6.2	6	6.1	6.8	7.2	6.6	5.8	7.3	7.4	6.5	6
	7	0	5.8	4.7	5	5.6	5	6.1	6.1	7.2	7.4	7.2	7.3	7.1	8.1	7	6.9	6.1	5.4	5.5	6.6	5.1	5.7	6.4	6.2	6.7	6.8	6.3	6	5.9	6	6	6.2	4.9	5.7	6.7	7	6.2	5.8
	8	0	6.2	6.7	5.9	7.2	6.6	4.4	5.5	5.5	5.3	6.8	7.3	7.4	7.1	6.3	6.6	6.9	7	6.3	7.5	6.5	6.9	7.1	6.6	7.2	6.7	7.4	7	6.5	6.7	6.5	6.6	6	7.5	8.8	8.4	6.8	6.2
	9	0	6.3	5.8	7.2	7.9	8.2	7.3	8.3	7.2	5.4	5	7.1	6.3	6.3	6	7.8	8.5	7.8	8	8.7	7.7	7.5	7	7.3	7.9	7.8	8.2	6.5	6.2	5.9	6.8	6.4	6.6	6.8	7.3	8.6	6.6	6.3
	10	0	6.9	6.4	4	6.7	6.2	6.1	5.1	6.1	7.4	8.9	9.9	9.6	10.3	9.7	8.2	7.1	6.5	6.6	7.4	8.4	7.9	7.4	7.2	7.8	7.7	7.9	7.9	7.7	7.6	8.2	8.5	7	7.1	8.1	8	7.8	6.9
	11	0	8.3	7.6	7.1	7.7	6.9	7	7.1	4.9	5	5.6	6.9	7.6	9.1	8.6	8.9	7.5	7.9	9.1	10.6	9.3	9.7	8.1	9.5	9.4	9.4	9.4	9.6	9.5	9.6	8.7	7.7	5.9	7.1	9	9.9	8.6	8.3
	12	0	9	9.2	8.2	9.2	10.7	9.2	8.1	8.8	8.2	9.6	11.2	9.7	12	12	10.3	10.7	8.9	8.3	10.3	8.8	9.4	9.8	9.7	8.4	9	8.4	8.4	9.5	10.3	9.4	8.4	7.9	7.7	7.2	8.4	8.4	9
FREQUENCY BY DIRECTION                                                          																																							
	Month	calm	0	10	20	30	40	50	60	70	80	90	100	110	120	130	140	150	160	170	180	190	200	210	220	230	240	250	260	270	280	290	300	310	320	330	340	350	360
	ALL	1.65	2.9	2.04	1.79	1.99	2.41	2.22	2.12	1.95	2.15	1.88	1.82	1.67	2.37	2.53	2.2	2.07	2.21	2.36	4.44	2.87	2.92	3.13	3.21	3.43	3.3	3.01	2.97	3.76	3.78	3.85	3.69	2.84	3.08	3.71	4.13	3.21	2.9
	1	2.8	3	2.2	1.3	1.6	2.9	5	4.6	3.3	5.3	4.5	3.3	1.4	1.6	1.2	1.2	1.1	1.7	1.5	2.7	2.4	1.9	3.1	3.6	2.8	3.1	3.3	2.4	2.9	3.3	2.4	2.4	2.8	4	2.9	4.1	3.1	3
	2	1.3	3.6	3.7	3.4	2.3	2.4	3.1	3.1	4	2.7	3.7	2.8	2.1	2	1.8	2.4	2.4	1.9	2.9	4.2	2.2	3.1	2.7	2.4	3.5	3.8	2.6	1.9	2.6	2.5	2	1.6	3.2	3.7	2.8	2.3	2.8	3.6
	3	1.6	3.2	2.6	2.3	1.9	2.7	2.7	2.3	2	2.3	1.9	1.4	1.4	2.3	1.9	2.4	2.4	2.6	2.2	5	2.1	3.2	4.8	3.4	3	2.7	2.6	2.6	2.8	3.9	2.7	2.9	3.4	4.2	4.1	3.3	3	3.2
	4	1.4	4.8	3.2	3	2.6	3.6	3.3	3.7	2.2	2.4	3.1	1.9	1.6	3.4	4.2	2.4	1.6	2	1.3	2.6	1.6	1.7	1.5	2.3	2.3	1.6	1.7	1.5	2.1	1.7	2.2	3.8	3.1	4.6	5.7	5.4	4.7	4.8
	5	1.1	4.5	2.2	2.1	2	3	1.9	1.7	1.9	1.2	1.4	1.8	2.2	3.1	2.5	2.3	2.1	1.7	2.5	3.2	2.4	2.4	2.7	1.9	3.5	4.2	3.9	2.8	4.4	3.2	3.5	2.3	1.9	2.5	5	5	5.3	4.5
	6	1.6	3	2	2	2.8	3.5	2.9	1.8	1.4	3.8	1.7	1.7	2.3	3.2	4.2	3.1	1.9	3.1	2.9	3.7	2.7	2	2.5	2.7	2.4	2.1	1.8	1.8	2.4	3.5	4.6	2.8	1.7	1.7	3.7	6.2	4.7	3
	7	1.3	2.8	1.3	1	1.7	0.8	0.9	0.7	0.8	1.1	0.8	1.7	2.3	3.1	4.2	2.8	3.5	2.8	3	6.8	3.3	3.2	4.1	3.5	4.2	3.7	3.2	3.2	4.7	5	4.8	3.3	1.4	1.5	2.9	3.6	2.4	2.8
	8	1.3	1.8	1.2	1.3	2.3	1.6	0.8	0.8	0.5	0.7	0.9	1.3	1.7	2.5	2.8	2.5	2.3	2.6	3.1	7.2	4.4	5.3	5.1	6.2	4.6	3.1	3.1	3.6	3.5	4	4.7	3.9	1.9	1.3	2.8	3.2	1.4	1.8
	9	1.2	2.3	1.9	1.7	2.7	4.5	3.2	2.7	1.4	0.8	1.3	1.7	1.2	2	0.7	1.4	0.9	1.6	2.1	4	3	2.3	1.3	1.7	2.1	2.9	2.4	2.8	4.8	4.8	5.8	6	3.6	4.3	4.6	6.2	3.3	2.3
	10	2.2	1.9	1	1	0.9	1.1	0.9	0.9	0.9	1.5	1.2	2	1.6	1.5	1.9	1.8	1.9	1.4	2.4	4.9	4.1	3	2.8	4	4.4	4.1	4.3	5.8	5.9	4	5	6.9	3.7	2.6	2.4	3.4	3.1	1.9
	11	2.5	2.5	1.6	1.4	1.2	1.3	1.1	2	1.9	1.9	1.3	0.9	0.6	1.2	1.7	1.8	1.8	1.8	2.2	4.6	3.6	3.8	3.9	2.7	4	4.3	3.4	4.2	4.8	4.5	4.7	4.5	3.6	3.6	4.8	3.8	2.8	2.5
	12	1.5	2	2.2	1.4	1.7	2	1.4	1.9	3.9	2.5	1.6	1.6	1.6	2.4	2.9	2	2.7	3	1.9	3.5	2.2	2.5	2.4	3.5	3.9	4.2	4.1	2.9	4	4.4	3	3.7	4.5	3.9	3.4	3	2.3	2
FREQUENCY OF SPEED                                                              																																							
	Month	0	1	2	3	4	5	6	7	8	9	10	11	12	13	14	15	16	17	18	19	20	21	22	23	24	25												
	ALL	1.7	1.3	5.7	6	7.8	12	10.4	12.8	7.6	7.8	8.2	4.9	4.5	1.9	1.9	1.8	0.9	0.5	1	0.5	0.4	0.2	0.1	0.2	0.1	0												
	1	2.8	1.6	4.7	3.6	5.7	6.8	5	8	6	7.8	10.7	7	7.3	3.4	3.9	4.3	2.5	1.1	2.5	1.9	1.1	0.7	0.3	0.3	0.2	0.3												
	2	1.3	0.7	3.6	3.2	5.2	8.1	6	10.6	7.4	9.7	11.6	7.8	6.8	3.7	4.1	3.3	1.4	0.7	1.9	0.8	0.6	0.4	0.1	0.5	0.2	0												
	3	1.6	0.5	4.1	4.3	5.9	9.2	7.6	10.7	5.7	8.6	10.3	5.9	7.7	2.5	3.1	3.9	1.8	1.1	2.1	1.1	1	0.3	0.1	0.6	0.2	0.1												
	4	1.4	0.9	6.1	6.3	7.3	11.2	10	13.9	6.4	8.9	9.5	5.7	4.9	2	1.6	1.6	0.5	0.2	0.6	0.2	0.1	0.1	0	0.2	0	0												
	5	1.1	1.1	4.6	5.1	8.4	14.3	12	14.4	10.5	8.7	9.2	3.5	3.6	1.3	0.8	0.7	0.2	0.1	0.1	0	0	0	0	0	0	0												
	6	1.6	2	7.2	8.9	11.3	15.4	14.4	14.5	7.5	5.8	5.3	2.1	1.7	1.1	0.5	0.3	0.2	0	0.1	0	0	0	0	0.1	0	0												
	7	1.3	1.4	8.7	9.7	10.4	16.4	13.7	14.7	8.1	6.2	4.3	2.2	1.3	0.6	0.4	0.2	0.1	0	0	0	0	0	0	0	0	0												
	8	1.3	1.1	5.2	5.7	9.7	16	13.3	15.6	10.7	8.4	6	3.5	2	0.7	0.6	0	0	0.1	0	0	0	0	0	0	0	0												
	9	1.2	1.2	5.6	8.3	10.3	13.9	13	12.8	7.1	7.1	6.5	4.4	3.2	1.2	1.1	1.1	0.8	0.3	0.5	0.1	0.1	0	0	0	0	0												
	10	2.2	1.4	6.8	5.8	6.5	11.1	10.6	13.1	8.4	7.4	9.4	5.6	5.1	1.5	1.9	1.7	0.5	0.1	0.5	0.1	0	0.1	0	0.1	0	0												
	11	2.5	1.6	6.2	5.5	6.7	10.3	9	11.1	6.6	7.1	8.2	5.2	5.1	3.4	3.3	2.5	1.5	0.5	1.6	1	0.3	0.3	0.1	0.3	0.2	0
	12	1.5	1.4	4.2	3.8	4.7	8.9	8.9	13.4	7	8.3	9.4	6.6	7	2.1	2.7	2.9	1.4	1.4	1.8	0.9	0.9	0.2	0.1	0.3	0.1	0.1
PERCENT OF POWER BY SPEED                                                       																											
	Month	0	1	2	3	4	5	6	7	8	9	10	11	12	13	14	15	16	17	18	19	20	21	22	23	24	25
	ALL	0	0	0.1	0.3	0.7	2	3	6.1	5.2	7.1	10.1	8.1	10.3	5.3	6.5	7.3	4.3	2.6	6.2	4.1	3.4	1.9	0.8	2.8	1.4	0.9
	1	0	0	0	0.1	0.3	0.6	0.8	2.1	2.2	3.9	7.2	6.3	9	5.2	7.1	9.4	6.6	3.4	8.9	8.6	5.8	4.1	1.7	2.6	1.9	2.5
	2	0	0	0	0.1	0.3	0.9	1.1	3.2	3.2	5.7	9.3	8.3	10	6.6	8.9	8.5	4.3	2.7	8.1	4.4	3.7	2.6	1.1	4.1	2.4	0.5
	3	0	0	0	0.1	0.3	0.9	1.4	3.2	2.4	4.9	7.9	6.1	11	4.4	6.4	9.8	5.4	4.1	8.6	5.6	6.1	2	0.6	5.6	2.2	1
	4	0	0	0.1	0.3	0.7	2	3.2	7.3	4.8	9	12.9	10.7	12.2	6.1	6.1	7	2.9	1.2	4.5	2.2	1.5	1.8	0.6	2.9	0	0
	5	0	0	0.1	0.3	1.1	3.5	5.2	10.2	10.7	11.9	17	8.8	12.3	5.5	4	4	1.7	0.8	1.4	0	0.7	0.7	0	0	0	0
	6	0	0	0.2	0.8	2.1	5.3	8.7	14.2	10.6	11.1	13.9	7.3	8.2	6	3.4	2.2	1.8	0	1.5	0	0.7	0	0	2.1	0	0
	7	0	0	0.3	0.9	2.1	6.1	9	16	12.7	13	12.1	8.5	6.7	4.1	3.2	2.1	1.2	0	0.6	0	0	0	0	1.3	0	0
	8	0	0	0.2	0.5	1.6	5.1	7.3	14	13.8	14.5	14	10.9	8.7	3.5	3.6	0.3	0.3	0.8	0.5	0.6	0	0	0	0	0	0
	9	0	0	0.1	0.5	1.3	3.2	5.2	8.4	6.5	8.9	11.1	10.2	10.1	4.6	5	6	5.2	2.4	4.7	1.5	1.7	0	0.7	0.8	0.9	1.1
	10	0	0	0.1	0.3	0.7	2.1	3.6	7.5	6.8	8	13.9	11	13.7	4.8	7.6	8	2.9	0.6	3.5	1.2	0.5	1.1	0	2.1	0	0
	11	0	0	0.1	0.2	0.5	1.4	2.1	4.2	3.5	5.2	8	7	9.1	7.5	8.7	7.9	5.7	2.4	8.1	6.3	2.3	2.7	0.8	2.9	2.8	0.6
	12	0	0	0	0.1	0.3	1	1.8	4.4	3.3	5.3	8.1	7.8	11	4.1	6.3	8.3	4.6	5.4	8.2	5	6.2	1.4	1.1	3	1.5	1.7
PREVAILING DIRECTION BY HOUR                                                    																											
	Month	0	1	2	3	4	5	6	7	8	9	10	11	12	13	14	15	16	17	18	19	20	21	22	23	24	
	ALL	180	320	280	280	340	330	300	280	340	270	290	290	290	180	180	280	180	340	300	180	340	180	280	220	180	
	1	90	90	90	100	320	220	70	280	220	50	270	270	250	340	50	50	100	340	320	50	50	40	280	60	90	
	2	310	180	360	320	170	100	50	90	150	240	250	180	70	60	70	180	20	90	80	10	10	10	360	20	310	
	3	210	210	210	200	210	330	20	330	180	180	250	210	160	280	280	280	180	10	360	330	310	210	280	180	210	
	4	360	10	60	330	340	310	320	320	320	330	350	330	330	10	330	330	340	340	300	320	320	50	40	310	360	
	5	270	160	350	330	310	340	320	180	340	360	330	250	270	360	240	350	350	340	330	240	150	340	280	250	270	
	6	110	80	350	250	310	180	160	160	340	290	340	280	130	350	340	130	290	340	350	340	340	340	120	340	110	
	7	270	340	330	160	120	210	180	130	270	270	180	180	180	180	110	290	180	130	130	180	290	180	180	220	270	
	8	220	220	230	210	210	200	300	200	230	190	170	180	180	180	180	180	180	180	180	220	180	220	200	190	220	
	9	320	320	270	280	270	290	300	340	320	340	270	290	290	300	340	290	300	340	300	180	300	320	190	330	320	
	10	260	260	260	270	260	270	270	300	260	300	300	290	270	230	300	180	270	340	280	300	180	230	260	220	260	
	11	180	280	210	260	190	330	210	260	210	180	330	180	230	280	260	290	280	240	270	270	200	200	300	190	180	
	12	330	300	130	280	240	320	130	120	310	240	270	70	270	230	250	220	280	250	240	180	150	80	70	330	330	
SPEED FOR PREVAILING DIRECTION BY HOUR                                          																										
	Month	0	1	2	3	4	5	6	7	8	9	10	11	12	13	14	15	16	17	18	19	20	21	22	23	24
	ALL	8.78	6.04	7.01	8.21	7.43	7.22	6.65	7.84	8.64	6.5	7.52	7.6	7.89	8.49	7.91	8.5	8.65	7.96	6.29	7.9	8.34	8.76	7.71	7.19	8.78
	1	9.76	9.43	11.62	10.8	6.3	6.94	10.23	6.5	9.19	12.22	9.15	9.21	9.12	9.89	9.54	11.76	11.26	8.5	6.58	10.18	9.63	11.85	11.92	10.1	9.76
	2	3.62	10.3	10.92	7.32	10.49	9.17	10.87	6.82	12.63	11.32	7.72	8.24	9.63	10.29	7.87	9.54	9.18	7.57	7.87	9.41	11.23	10.7	8.86	10.62	3.62
	3	11.77	12.34	11.46	15.37	10.63	7.45	7.72	7.67	8.12	9.91	10.02	11.32	9.83	10.1	9.5	9.46	10.23	10.53	8.87	6.97	6.46	12.3	9.27	12.62	11.77
	4	6.87	7.73	3.77	8.73	7.95	5.29	4.38	8.66	7.38	7.97	8.1	9.34	10.06	7.4	11.13	10.09	8.33	8.35	6.75	8.23	9.12	7.37	7.03	3.6	6.87
	5	9.78	6.67	7.2	4.31	4.52	7.79	5.58	8.16	6.9	6.6	7.14	8.13	8.9	7.1	8.89	7.2	7.4	6.61	7.46	8.31	8.93	5.15	5.9	8.73	9.78
	6	3.1	6.26	6.42	8.48	5.1	5.62	5.9	6.02	7.44	6.11	7.71	5.57	7.01	5.97	7.72	7.54	7.62	7.83	5.52	8.36	7.22	6.5	4.82	5.77	3.1
	7	5.15	5.39	5.37	5.73	8.46	5.99	6.07	7.69	4.95	6.21	7.49	6.17	6.83	7.72	8.19	7.14	6.72	5.45	7.34	7.13	4.98	5.76	4.94	5.4	5.15
	8	6.07	7.47	6.83	7.32	6.91	5.97	5.11	6.21	7.82	6.96	7.46	7.66	8.15	7.79	6.84	8.56	7.94	7.29	6.84	7.77	6.88	5.92	7.32	6.52	6.07
	9	5.98	5.14	6.68	7.36	3.78	6.67	6.58	7.3	5.84	9.16	6.73	6.18	7.47	7.41	10.67	7.6	6.69	9.1	5.92	8.89	5.07	5.39	5.83	4.97	5.98
	10	5.25	6.47	6.03	8.35	8.69	8.35	7.71	5.14	7.46	8.22	8.09	7.9	8.36	8.74	9.15	7.59	7.19	6.56	7.32	10.17	7	6.93	8.52	6.1	5.25
	11	11.47	8.35	8.52	11.3	9.56	10.55	7.07	10.59	6.98	8.09	6.63	11.53	9.96	8.26	9.44	7.82	10.02	8.63	10.44	8.86	12.52	12.1	7.63	9.46	11.47
	12	5.66	7.7	10.93	12.34	10.04	5.98	11.19	11.46	6.12	9	9.53	9.99	9.33	8.34	9.04	8.69	8.8	7.01	7.62	8.71	7.98	8.54	10.2	8.14	5.66
