ANAKTUVUK PASS      AK - 701625                                                 														
 68 deg    08' N  151 deg    44' W - Elev  643m   LST=GMT+99 hours   *NT=-10    														
 06/81-11/81 01/87-10/89 03/94-09/02                                            							Adjusted to Alaska Time Zone (GMT-9)							
SPEED BY YEAR                                                                   														
	Year	ALL	JAN	FEB	MAR	APR	MAY	JUN	JUL	AUG	SEP	OCT	NOV	DEC
	ALL	3.79	4.12	4.17	3.94	3.82	3.74	3.71	3.47	3.71	3.48	3.62	3.78	3.98
	1981	2.97	-1	-1	-1	-1	-1	2.61	3.6	-1	4.1	7.2	1.25	-1
	1987	3.03	3.59	3.31	3.21	2.74	2.61	3.14	2.89	2.63	2.6	2.32	3.5	3.05
	1988	3.09	3.22	3.35	3.34	3.21	3.42	3.05	2.86	3.11	4.37	2.76	2.3	3.18
	1989	3.79	3.71	5.26	4.56	3.7	3.23	3.53	3.61	2.95	3.05	2.6	-1	-1
	1994	4.45	-1	-1	5.23	7.09	1.74	3.84	3.3	4.55	4.11	3.82	4.55	5.05
	1995	3.62	4.16	4.33	4.06	3.39	3.86	3.58	3.66	3.19	3.21	3.37	3.36	3.26
	1996	4.23	4.05	4.92	4.47	4.31	3.53	4.1	3.96	4.13	4.34	3.87	5.17	3.86
	1997	3.68	4.46	3.42	4.41	3.34	3.93	3.73	3.42	3.65	3.1	3.36	3.86	4.25
	1998	3.85	4.74	4.11	3.94	3.68	3.5	3.28	3.15	4.09	3.81	4.01	3.57	4.92
	1999	3.69	4.42	4.19	3.34	3.59	3.72	4.46	3.5	3.73	2.78	3.46	3.55	3.91
	2000	3.88	4.85	4.13	3.95	3.73	4.08	3.52	3.66	3.96	3.74	3.33	3.81	3.8
	2001	4.18	3.25	3.83	4	4.44	4.18	4.23	4.32	4.66	3.75	4.51	4.36	5.23
	2002	3.97	5.2	4.57	3.72	4.55	4.21	4.18	3.43	3.66	1.7	-1	-1	-1
POWER BY YEAR                                                                   														
	Year	ALL	JAN	FEB	MAR	APR	MAY	JUN	JUL	AUG	SEP	OCT	NOV	DEC
	ALL	71	97	98	86	79	65	56	49	56	51	61	75	90
	1981	68	-1	-1	-1	-1	-1	79	26	-1	39	210	2	-1
	1987	33	50	44	40	26	20	35	28	19	17	15	50	34
	1988	37	40	42	43	41	42	33	49	34	73	21	20	31
	1989	62	55	126	107	56	44	41	40	27	28	19	-1	-1
	1994	108	-1	-1	134	305	46	50	44	90	77	65	131	157
	1995	70	100	135	98	64	77	55	53	44	39	50	55	76
	1996	98	119	164	112	98	51	72	66	76	90	87	141	80
	1997	66	102	59	111	66	75	57	46	48	39	53	78	98
	1998	71	123	68	85	63	54	44	38	83	63	70	61	127
	1999	70	115	98	76	53	76	87	51	57	34	52	61	92
	2000	80	155	105	86	68	89	48	57	69	60	57	72	89
	2001	83	61	89	94	121	90	63	69	78	46	86	82	136
	2002	73	152	109	85	123	75	75	47	48	11	-1	-1	-1
NUMBER OF SPEED OBSERVATIONS BY YEAR                                            														
	Year	ALL	JAN	FEB	MAR	APR	MAY	JUN	JUL	AUG	SEP	OCT	NOV	DEC
	ALL	82267	6482	6356	6490	6901	7831	7015	8293	8588	5902	5839	6447	6123
	1981	15	0	0	0	0	0	9	2	0	1	1	2	0
	1987	6300	667	497	545	541	576	575	611	556	222	269	630	611
	1988	5708	594	535	624	443	394	555	568	597	29	65	640	664
	1989	5009	610	638	666	667	671	483	289	328	536	121	0	0
	1994	3929	0	0	12	181	5	8	293	728	706	666	693	637
	1995	8163	673	656	676	662	673	703	691	628	693	732	671	705
	1996	7436	698	652	731	712	727	548	384	648	424	635	665	612
	1997	7451	459	550	309	672	731	638	744	732	690	674	712	540
	1998	7707	424	499	677	681	653	695	717	700	638	701	710	612
	1999	6437	547	499	306	393	543	363	540	510	671	646	703	716
	2000	8180	707	677	729	707	671	713	729	555	704	671	661	656
	2001	6560	589	618	585	580	543	600	672	421	564	658	360	370
	2002	9372	514	535	630	662	1644	1125	2053	2185	24	0	0	0
NUMBER OF SPEED OBSERVATIONS BY HOUR                                            														
	Hour	ALL	JAN	FEB	MAR	APR	MAY	JUN	JUL	AUG	SEP	OCT	NOV	DEC
	0	3246	249	243	227	289	310	282	341	358	246	219	246	236
	1	3460	283	284	264	271	321	285	337	340	240	267	293	275
	2	3334	264	267	261	282	322	293	318	336	209	246	274	262
	3	3305	258	246	266	288	295	297	337	350	268	219	251	230
	4	3405	281	292	262	264	326	299	309	335	234	248	290	265
	5	3371	270	264	277	281	305	295	332	339	225	251	264	268
	6	3345	245	239	267	290	323	307	349	362	269	223	242	229
	7	3464	288	279	263	285	326	305	350	349	228	245	289	257
	8	3398	280	263	264	265	331	277	357	350	237	246	268	260
	9	3363	247	245	267	291	319	314	357	379	265	213	247	219
	10	3549	291	292	285	298	330	294	342	363	242	257	285	270
	11	3422	268	266	279	282	326	280	353	351	237	256	266	258
	12	3430	246	260	288	307	339	289	352	384	270	217	242	236
	13	3614	280	267	294	296	340	306	368	356	259	273	295	280
	14	3444	273	272	287	294	322	275	353	359	235	255	260	259
	15	3435	258	249	265	300	339	302	364	375	272	231	249	231
	16	3542	286	280	271	288	342	296	341	365	253	259	289	272
	17	3517	272	271	280	301	341	285	349	364	248	263	276	267
	18	3410	251	252	279	289	343	298	365	360	264	223	244	242
	19	3560	291	275	278	290	335	284	346	373	248	271	290	279
	20	3443	279	271	281	290	321	289	339	364	229	243	272	265
	21	3391	259	246	271	297	330	292	363	376	261	218	248	230
	22	3485	286	278	274	278	331	286	336	349	242	256	293	276
	23	3334	277	255	240	285	314	285	335	351	221	240	274	257

SPEED BY HOUR                                                                   														
	Hour	ALL	JAN	FEB	MAR	APR	MAY	JUN	JUL	AUG	SEP	OCT	NOV	DEC
	0	3.36	4.21	4.03	3.84	3.4	2.82	3.03	2.73	2.97	2.81	3.4	3.97	3.8
	1	3.32	4.09	4.07	3.74	3.32	2.85	2.73	2.52	2.97	2.81	3.4	3.72	3.93
	2	3.25	4.2	4.04	3.51	3.18	2.65	2.58	2.28	2.91	3	3.34	3.71	4.07
	3	3.19	4.02	4.04	3.6	3.31	2.68	2.41	2.2	2.85	2.81	3.32	3.84	4.01
	4	3.28	4.19	3.85	3.61	3.03	2.79	2.43	2.31	2.92	2.98	3.57	3.86	4.13
	5	3.36	4.07	4.11	3.6	3.27	2.88	2.63	2.59	3.04	3.09	3.46	3.8	4.23
	6	3.38	4.07	4.03	3.66	3.26	3.01	3.1	2.64	3.06	2.98	3.43	3.95	4.07
	7	3.55	4.01	4.12	3.72	3.33	3.36	3.26	2.95	3.35	3.22	3.49	3.72	4.3
	8	3.71	3.99	4.04	3.77	3.63	3.66	3.57	3.4	3.75	3.43	3.53	3.68	4.13
	9	3.81	4.04	4.03	3.81	3.66	3.87	3.88	3.69	3.88	3.44	3.63	3.86	3.99
	10	3.98	4.11	4.29	3.87	3.92	4	4.05	3.85	4.24	3.84	3.85	3.58	4.02
	11	4.07	4.14	4.27	4.2	4.22	4.2	4.24	3.99	4.23	4.04	3.77	3.62	3.86
	12	4.23	4.17	4.44	4.38	4.41	4.47	4.57	4.07	4.43	4.08	3.94	3.73	3.77
	13	4.3	4.2	4.41	4.36	4.47	4.72	4.6	4.26	4.36	4.3	4.04	3.81	4
	14	4.38	4.27	4.57	4.46	4.63	4.69	4.72	4.44	4.46	4.49	4.05	3.74	3.8
	15	4.36	4.21	4.39	4.48	4.58	4.71	4.76	4.37	4.52	4.3	3.87	3.85	3.84
	16	4.28	4.03	4.36	4.29	4.6	4.58	4.68	4.33	4.45	4.2	3.82	3.84	4
	17	4.24	4.15	4.06	4.23	4.47	4.69	4.56	4.36	4.38	4.2	3.69	3.83	3.99
	18	4.18	4.09	4.15	4	4.38	4.61	4.67	4.32	4.42	3.79	3.51	3.93	3.84
	19	3.94	3.82	4.18	4.09	3.91	4.14	4.29	4.1	3.96	3.47	3.59	3.72	3.93
	20	3.81	4.06	4.1	3.94	3.71	3.83	3.95	3.78	3.78	3.25	3.49	3.84	3.85
	21	3.64	4.05	4.09	3.65	3.71	3.55	3.78	3.53	3.45	2.92	3.46	3.65	3.97
	22	3.58	4.32	4.12	3.66	3.47	3.38	3.53	3.11	3.25	2.92	3.49	3.8	3.99
	23	3.49	4.32	4.18	3.85	3.46	3.11	3.15	2.92	3.07	2.81	3.53	3.79	4.04

POWER BY HOUR                                                                   														
	Hour	ALL	JAN	FEB	MAR	APR	MAY	JUN	JUL	AUG	SEP	OCT	NOV	DEC
	0	59	93	103	79	64	40	31	28	39	35	60	80	83
	1	60	96	103	79	63	43	28	23	40	35	55	71	90
	2	57	99	91	70	55	36	28	21	37	38	56	72	98
	3	55	94	90	77	58	35	23	20	37	35	53	75	93
	4	57	96	82	77	52	38	24	23	41	38	62	73	92
	5	61	96	91	69	63	38	26	49	43	43	56	71	100
	6	58	96	85	73	57	41	36	29	40	40	57	83	93
	7	63	93	92	76	63	51	38	32	44	46	59	71	107
	8	66	96	92	79	70	57	45	42	55	48	56	68	97
	9	68	94	95	85	65	65	56	46	55	49	60	81	93
	10	74	94	113	79	81	68	58	51	67	60	70	67	86
	11	79	100	106	98	95	76	68	57	70	65	66	70	85
	12	83	97	108	102	95	87	89	62	75	62	71	72	78
	13	88	102	109	103	103	97	94	73	72	74	76	73	90
	14	89	106	114	103	105	99	91	74	79	78	76	76	72
	15	88	99	102	103	106	101	93	74	78	74	64	80	81
	16	86	89	100	92	110	94	93	70	82	68	63	81	92
	17	84	97	92	88	104	95	86	83	68	68	61	76	93
	18	83	102	99	87	97	94	89	73	74	58	57	84	83
	19	73	81	95	98	82	76	68	59	55	49	57	73	85
	20	70	98	91	94	80	64	54	55	54	41	56	78	82
	21	64	89	95	78	81	54	48	47	45	34	57	70	89																									
	22	65	106	93	80	67	53	43	36	43	34	58	82	93																									
	23	64	105	102	83	69	44	33	29	42	34	62	80	98																									

SPEED BY DIRECTION                                                              																																							
	Month	calm	0	10	20	30	40	50	60	70	80	90	100	110	120	130	140	150	160	170	180	190	200	210	220	230	240	250	260	270	280	290	300	310	320	330	340	350	360
	ALL	0	3.22	3.43	3.36	3.75	4.67	5.37	5.27	4.96	4.39	3.18	2.85	2.86	3.18	3.43	3.6	3.48	3.43	4.15	4.62	4.73	4.32	3.84	4.19	4.84	5.41	4.1	2.39	1.94	1.98	2.28	1.59	1.79	2.05	2.34	2.63	2.89	3.22
	1	0	3.3	3.5	3.5	4	4.9	6.3	6.7	6.7	8	2.3	3.1	2.4	4.2	3.7	4.3	3.7	3.7	4.5	5	5.1	4.9	4	4.9	5.8	7.2	5	1.9	2.1	1.1	0.5	1.8	1.4	2.1	2.4	2.6	2.8	3.3
	2	0	3.3	3	3.4	4	4.9	6.4	6.2	6.8	5.2	3.5	3.7	3.4	3.5	4	3.9	4.2	4.5	5.3	5.5	5.5	4.7	4.5	4.5	6.1	7	4.5	1.9	1.6	1.2	0.5	1.8	2.8	2.3	2.1	3	3.3	3.3
	3	0	3.6	4.1	3.8	4.4	5.3	5.8	5.9	5.4	5.2	2.1	4.1	1.7	3	3.8	4.2	4	4	5	5.2	5.3	4.5	3.6	3.7	5.4	6.4	5.2	2.9	1	0.9	1.4	1.2	1.8	1.9	2.4	3.1	3.7	3.6
	4	0	3	3.2	3.4	4.1	5.1	6	6.2	5.8	4.3	2.8	0.5	2.8	4	3.9	3.9	3.6	3.4	4.4	5	4.7	4.4	3.6	4.5	5	5.6	3.5	1.6	1.3	1	1.5	1.2	1.5	1.9	1.9	2.7	3	3
	5	0	3.2	4.1	3.5	3.5	5.1	5.8	5.4	4.4	3.9	3	2.4	3.1	2.2	2.5	2.4	2.8	2.8	3	3.5	4	4.1	3.7	3.9	4.5	4.6	3.9	1.8	2	1.5	1.1	1.7	1.7	1.5	1.7	1.8	2.9	3.2
	6	0	3.4	3.9	3.7	3.7	4.4	5.5	4.8	4.3	3.9	3.6	3.4	2.5	2.5	3.1	2.7	2.8	2.8	3.3	3.6	3.6	3.7	3.5	3.9	4.2	4.4	3.6	2.5	2.3	3.3	3.1	1.8	1.9	3.2	3.8	3.4	2.8	3.4
	7	0	3.4	3.2	3.1	3.4	4.3	4.9	4.7	4	3.7	3.3	2.6	3.5	3.8	3.8	3.6	3.4	2.9	3.3	3.5	3.9	3.6	3.7	4.1	4.1	4.5	4.2	2.9	2.1	2	3.7	1.6	1.8	2.3	2.7	3.2	2.7	3.4
	8	0	2.9	3.5	3.3	3.3	4.2	4.8	4.5	4.1	4	3.4	1.6	1.8	2.2	2.4	3.1	2.7	2.7	3.5	4.2	4.5	4.3	4	4.2	4.5	4.7	4.2	2.7	1.7	1.6	2	2	1.4	1.3	1.8	1.8	2.1	2.9
	9	0	3	3	3.2	3.4	4.3	4.8	5	4.5	3.9	3	2.6	2.1	2.2	3	2.6	2.8	2.8	3.3	3.8	3.8	3.8	3.7	3.9	4.4	4.3	3.6	1.6	1.8	2.3	1.8	1.6	1	2.8	2.1	2	2.4	3
	10	0	2.4	2.7	2.7	3.3	4.1	4.8	5.4	5.6	4.6	3	2.8	3.8	2.3	3.2	3	3.1	3.4	4.5	4.6	4.6	4.7	4	4.1	4.7	5.5	4.2	3.6	4.1	1.5	1.5	2.1	1	1.6	1.1	1.6	1.9	2.4
	11	0	3.4	3.2	3.1	3.6	4.5	5.5	5.7	5.6	5.4	1.5	-1	1.2	3.8	3.5	3.3	3.9	4	4.8	5.1	4.9	4.5	3.7	4.1	4.7	5.5	4.5	2.2	1.4	1.9	1.2	1.4	1.1	1.7	2.2	2.1	3.2	3.4
	12	0	2.9	3.1	3.5	4	5.1	5.9	6.2	6.3	5.3	2.5	3	2.8	2.9	3.1	3.2	3.2	3.3	4.4	5.1	5.3	4.6	3.9	4.8	6.6	6.9	4.3	2.8	2	1.5	-1	0.8	1.7	1.7	2.4	2.5	2.5	2.9
FREQUENCY BY DIRECTION                                                          																																							
	Month	calm	0	10	20	30	40	50	60	70	80	90	100	110	120	130	140	150	160	170	180	190	200	210	220	230	240	250	260	270	280	290	300	310	320	330	340	350	360
	ALL	11.23	4.25	3.94	4.79	5.85	9.19	9.55	5.55	2.28	0.64	0.21	0.13	0.18	0.36	0.76	1.37	2.13	2.35	3.13	5.06	6.86	6.25	5.53	4.78	3.81	2.37	0.61	0.18	0.14	0.08	0.08	0.16	0.37	0.91	1.36	1.91	2.88	4.25
	1	10.4	4	4.3	5.1	6	6.2	5.4	3.5	1.6	0.3	0.1	0.1	0.2	0.7	1.3	2.5	3.9	3.6	4.2	6.1	8.6	7	5.9	4.4	3.1	2.3	0.3	0.1	0	0.1	0.1	0.1	0.5	1.2	1.9	2.2	3.2	4
	2	11.6	2.7	3.5	4.8	7.4	7.5	4.6	2.9	1.2	0.4	0.2	0.2	0.3	0.6	1.2	2.7	4	3.5	4.6	7.7	9.7	7.4	5.2	3.4	2.8	2.4	0.4	0.2	0.1	0.1	0	0.1	0.8	2	1.9	1.6	1.9	2.7
	3	12.9	4.7	5.1	5.7	6.8	7.9	4.7	2.7	1.3	0.3	0.1	0.1	0.1	0.2	1.1	2.4	3.1	3.6	3.4	6.2	8.7	7.2	5.1	2.9	2.5	1.6	0.3	0.1	0	0.1	0.1	0.2	1.1	1.9	2.4	2.6	4.1	4.7
	4	12.6	3.7	4.4	4.9	6.8	9.6	7.1	3.6	1.4	0.3	0.1	0	0.1	0.2	0.8	1.2	1.7	2.7	3.7	5.4	7.7	6.5	5.5	4.9	3.6	2.4	0.4	0.2	0.1	0.1	0	0.2	0.5	1.2	1.9	3.3	3.9	3.7
	5	10.5	5.1	4.4	4.3	5	10.9	12.1	4.8	1.8	0.5	0.3	0.2	0.3	0.3	0.7	0.6	1.5	1.9	2.7	3.2	4.7	6	6.8	6.2	5.3	2.6	0.6	0.2	0.2	0.1	0.1	0.1	0.1	0.3	0.6	1.3	4	5.1
	6	9.1	5.6	4.6	5.7	5	11.2	13.7	7.1	3.3	1.2	0.4	0.3	0.2	0.6	0.5	0.7	1.2	1.9	2.5	3.5	3.7	4.1	3.7	4	2.9	1.7	1	0.3	0.2	0.2	0.2	0.3	0.2	0.7	1.5	2.5	3.6	5.6
	7	11.1	4.8	3.5	4.3	5.5	10.1	11.4	6.5	2.7	1.3	0.4	0.2	0.3	0.7	0.8	1.3	2	1.9	2.8	3.4	4.6	5.4	5	5.2	4.3	2.6	1.4	0.2	0.3	0.1	0.2	0.3	0.2	0.9	1.1	1.7	2.6	4.8
	8	9.6	3.3	3.1	3.5	3.5	8	12.3	9.4	3.3	0.8	0.3	0.1	0.1	0.2	0.5	0.7	1.4	1.9	3.3	5.1	6.2	7	7.1	6.5	5.8	2.7	0.8	0.2	0.2	0.1	0.1	0.1	0.2	0.2	0.2	0.6	1.1	3.3
	9	12.4	2.4	2.3	3.8	5.7	10.1	13.3	9	3.4	0.7	0.3	0.1	0.1	0.2	0.5	0.9	1.4	1.8	2.5	4.2	5.3	5.7	7	7.6	4.6	2.5	0.5	0.1	0.2	0.1	0.1	0.2	0.1	0.3	0.6	0.9	1.6	2.4
	10	12.2	3	4.5	6.4	7.7	11.4	12.7	7.3	3.4	0.6	0.1	0.2	0.2	0.2	0.4	1	1.4	1.4	2.2	4.9	7	5.4	5.4	4.5	2.5	2	0.3	0.2	0.1	0	0	0.1	0.1	0.3	0.5	0.7	1.8	3
	11	11.4	6.8	3.5	4.2	4.9	6.8	7	4.5	2.2	0.6	0	0	0	0.1	0.4	1.1	1.2	1.4	2.7	6.2	9.7	7.6	4.5	3.8	3.9	3.4	0.7	0.3	0.2	0.1	0.1	0.1	0.4	1.4	2.7	3.4	4.1	6.8
	12	12	4.4	4.1	5.5	7.3	10.6	8.5	4.4	1.5	0.3	0.1	0.1	0.1	0.3	0.8	1.8	3.2	2.7	3.1	6.1	8	5.8	4.8	3.3	3	2	0.3	0.2	0.1	0	0	0.1	0.4	0.6	1.3	2.3	3	4.4
FREQUENCY OF SPEED                                                              																																							
	Month	0	1	2	3	4	5	6	7	8	9	10	11	12	13	14	15	16	17	18	19	20	21	22	23	24	25												
	ALL	11.2	8.5	15	17.6	16.7	13.4	8.7	5	2.4	0.9	0.3	0.1	0	0	0	0	0	0	0	0	0	0	0	0	0	0												
	1	10.4	8.2	14.4	14.9	16	12.6	9.3	6.2	4.5	2.1	1	0.3	0.1	0	0	0	0	0	0	0	0	0	0	0	0	0												
	2	11.6	7.3	12.2	14.6	15.2	14.5	10.5	6.9	3.8	1.9	0.7	0.4	0.1	0	0	0	0	0	0	0	0	0	0	0	0	0												
	3	12.9	8.8	13.6	14.7	13.6	13.3	10.2	6.9	3.7	1.6	0.4	0.1	0	0	0	0	0	0	0	0	0	0	0	0	0	0												
	4	12.6	8.7	14.4	17.2	15.3	12.6	8.3	5.4	3.1	1.4	0.6	0.2	0	0	0	0	0	0	0	0	0	0	0	0	0	0												
	5	10.5	9.9	14.8	18	16.2	13.5	9.1	5.1	2.1	0.6	0.2	0	0	0	0	0	0	0	0	0	0	0	0	0	0	0												
	6	9.1	8.3	16	20.2	18	14.2	8.3	4.4	1.3	0.3	0.1	0	0	0	0	0	0	0	0	0	0	0	0	0	0	0												
	7	11.1	8.7	17.2	20.8	18.2	13.5	7.2	2.3	0.7	0.2	0.1	0	0	0	0	0	0	0	0	0	0	0	0	0	0	0												
	8	9.6	7.1	15.9	19.7	19.6	15.3	7.7	3.3	1.2	0.4	0.1	0.1	0	0	0	0	0	0	0	0	0	0	0	0	0	0												
	9	12.4	8.5	16.8	18.9	18	13.5	7.1	3.5	1.1	0.1	0	0	0	0	0	0	0	0	0	0	0	0	0	0	0	0												
	10	12.2	7.9	16.2	18.5	17.4	12.6	8.2	4.7	1.9	0.4	0.1	0	0	0	0	0	0	0	0	0	0	0	0	0	0	0												
	11	11.4	11	14	16.2	15.4	12.8	8.8	6.1	2.8	1	0.5	0.1	0	0	0	0	0	0	0	0	0	0	0	0	0	0												
	12	12	8.1	13.5	15.5	16.2	12.2	10.1	6.5	3.6	1.4	0.5	0.3	0.1	0.1	0	0	0	0	0	0	0	0	0	0	0	0
PERCENT OF POWER BY SPEED                                                       																											
	Month	0	1	2	3	4	5	6	7	8	9	10	11	12	13	14	15	16	17	18	19	20	21	22	23	24	25
	ALL	0	0.2	1.7	5.7	11.7	17.8	19.5	17.7	12.5	7	3.4	1.7	0.6	0.3	0.1	0.1	0	0	0	0	0	0	0.1	0	0.1	0
	1	0	0.1	1.2	3.6	8.4	12.5	15.8	16.4	17.5	11.9	7.5	2.8	1.3	0.8	0	0	0	0	0	0	0	0	0	0	0	0
	2	0	0.1	1	3.5	8.1	14.3	17.5	18	14.6	10.6	5.2	4.3	1	0.5	0.6	0.7	0	0	0	0	0	0	0	0	0	0
	3	0	0.2	1.3	4.1	8.1	15	19.4	20.9	16.1	9.9	3.2	1.4	0.4	0	0	0	0	0	0	0	0	0	0	0	0	0
	4	0	0.2	1.5	5.1	9.9	15.4	17.1	17.5	14.8	9.6	5.4	3	0.7	0	0	0	0	0	0	0	0	0	0	0	0	0
	5	0	0.3	1.8	6.2	12.3	19.3	22.1	19.2	11.5	5.1	2	0.2	0	0	0	0	0	0	0	0	0	0	0	0	0	0
	6	0	0.2	2.2	8	15.2	22.7	22.4	18.6	7.7	2.2	0.8	0	0	0	0	0	0	0	0	0	0	0	0	0	0	0
	7	0	0.3	2.7	9.4	17.6	24.4	22	10.9	5	2.3	0.9	0	1	0	0	0	0	0	0	0	0	0	1.5	0	2	0
	8	0	0.2	2.2	7.8	16.7	24.7	20.9	13.9	7.1	3.8	1.1	1	0.2	0	0.4	0	0	0	0	0	0	0	0	0	0	0
	9	0	0.3	2.6	8.4	17	24.5	21.2	16.4	7.8	1.3	0.2	0.3	0	0	0	0	0	0	0	0	0	0	0	0	0	0
	10	0	0.2	2.2	7.1	14.3	19.7	21.8	19.4	11.1	3.1	0.6	0.5	0	0	0	0	0	0	0	0	0	0	0	0	0	0
	11	0	0.2	1.5	5.1	10.4	16.7	19.3	20.6	13.7	7	4.6	0.8	0	0	0	0	0	0	0	0	0	0	0	0	0	0
	12	0	0.2	1.2	4.1	9.3	13.5	19	18.8	15.3	8.4	4.2	2.9	1.7	1.5	0	0	0	0	0	0	0	0	0	0	0	0
PREVAILING DIRECTION BY HOUR                                                    																									
	Month	0	1	2	3	4	5	6	7	8	9	10	11	12	13	14	15	16	17	18	19	20	21	22	23
	ALL	50	50	50	50	50	50	40	40	50	50	50	40	40	40	40	50	50	50	50	40	40	50	50	50
	1	190	180	190	190	210	190	190	30	190	180	190	180	50	200	200	190	190	190	190	200	200	180	190	190
	2	190	190	190	200	210	180	190	40	180	200	190	40	180	180	200	190	180	180	190	190	190	30	190	200
	3	190	190	190	190	200	190	200	30	200	190	40	200	190	190	30	40	190	180	40	40	190	40	180	190
	4	20	190	40	30	190	30	30	40	190	40	190	210	40	40	40	40	40	30	40	40	40	40	50	50
	5	50	20	50	50	60	50	200	40	210	50	40	40	50	40	50	50	50	50	50	50	50	50	50	40
	6	50	50	20	20	20	40	40	40	40	50	50	50	50	50	50	50	50	50	50	50	50	40	60	50
	7	60	60	60	50	50	50	50	200	50	50	50	50	50	40	50	50	50	40	40	40	40	50	50	60
	8	60	50	60	60	200	60	60	210	50	50	40	210	40	50	50	50	50	50	50	50	50	60	50	60
	9	50	50	50	60	60	50	60	50	50	50	50	40	220	50	40	50	50	40	50	50	50	60	50	50
	10	40	50	50	50	50	50	40	40	50	50	50	40	40	40	40	50	50	40	50	40	50	50	50	50
	11	190	190	190	190	190	190	200	190	190	200	190	190	210	190	50	190	190	190	190	190	180	190	190	190
	12	40	40	40	40	40	40	40	40	40	50	50	190	40	40	40	40	40	50	50	190	40	30	40	40
SPEED FOR PREVAILING DIRECTION BY HOUR                                          																									
	Month	0	1	2	3	4	5	6	7	8	9	10	11	12	13	14	15	16	17	18	19	20	21	22	23
	ALL	4.88	5	4.97	4.85	5.02	5.02	4.27	4.46	5.02	5.32	5.46	4.65	4.8	5.03	4.91	5.96	5.9	5.69	5.7	4.8	4.67	5.19	4.84	4.98
	1	5.58	5.62	4.97	4.57	5.23	5.37	5.18	3.4	4.85	6.48	5.03	5.08	5.95	5.18	4.84	5.38	4.7	5.73	4.28	4.46	4.58	5.3	5.2	5.33
	2	6.2	6.68	5.65	5.28	4.18	5.05	5.46	4.88	5.07	4.64	5.63	4.93	5.87	5.61	4.73	5.75	5.29	5.81	4.68	5.05	5.17	3.9	5.33	5.08
	3	5.65	5.22	5.02	4.49	4.2	4.97	3.6	4.57	4.52	4.9	5.19	4.79	5.59	5.88	4.23	5.28	5.49	5.2	5.86	5.76	5.36	5.15	5.62	5.59
	4	3.36	4.33	4.51	3.83	3.75	3.68	4.44	4.29	5.09	4.58	5.41	3.48	5.18	5.43	5.2	5.62	5.83	4.98	5.55	5.68	5.3	5.74	5.74	6.36
	5	4.81	2.81	4.65	4.5	5.4	5.16	3.06	4.27	3.75	5.66	4.53	5.29	6.33	5.5	6.28	6.7	6.55	6.23	6.36	6.26	6.18	5.67	5.26	4.53
	6	4.48	4.1	2.72	3.01	3.12	3.45	3.79	3.3	4.06	5.19	5.61	5.51	6.33	6.4	6.44	6.56	5.91	6.13	5.93	5.65	5.03	4.01	4.24	3.7
	7	4.01	4.21	3.97	3.96	4.37	3.87	4.48	3.07	4.44	4.59	5.1	4.63	5.11	4.83	5.73	5.54	5.54	5.33	5.02	4.78	4.21	4.5	4.39	3.6
	8	4.39	4.34	4.07	4.03	4.4	3.32	3.91	3.71	4.54	4.87	3.9	4.94	4.53	4.93	5.54	5.4	5.73	5.12	5.07	5.06	4.69	4.24	4.14	4.42
	9	4.38	4.41	4.12	5.11	4.88	4.91	4.92	4.7	4.82	4.88	5.14	4.1	4.76	5.61	5.18	5.39	5.14	4.86	5.42	4.64	4.1	4.62	4.1	4.69
	10	4.03	4.37	4.64	4.38	4.68	4.61	4.11	4.25	4.62	5.05	5.56	4.21	4.75	4.64	4.13	4.73	4.65	4.29	4.76	4.08	4.87	4.61	4.83	4.63
	11	5.84	4.88	4.53	5.46	4.97	4.93	4.39	4.86	4.46	4.71	4.3	4.77	3.45	5.15	5.12	5.02	5.13	5.07	4.35	4.56	5.22	4.84	5.27	5.16
	12	5.28	5.28	4.92	4.84	4.92	5.23	5.78	5.5	5.13	5.61	5.7	5.24	4.45	5.3	4.55	5.03	4.92	5.7	4.94	4.6	5.4	4.1	4.64	5.71
