ANCHORAGE INTL ARPT AK - 702730                                                 														
 61 deg    10' N  150 deg    01' W - Elev   40m   LST=GMT+99 hours   *NT=-10    														
 01/73-09/02                                                                    						Adjusted to Alaska Timezone (GMT-9)								
SPEED BY YEAR                                                                   														
	Year	ALL	JAN	FEB	MAR	APR	MAY	JUN	JUL	AUG	SEP	OCT	NOV	DEC
	ALL	3.3	3.09	3.16	3.17	3.36	3.87	3.86	3.42	3.21	3.28	3.19	3.01	2.99
	1973	2.59	2.59	2.31	2.35	3.24	4.23	3.51	2.98	2.45	1.12	1.98	1.88	2.35
	1974	2.9	2.38	2.59	2.38	2.75	3.03	3.48	3.2	3.04	3.09	3.48	3.12	2.23
	1975	3.01	2.72	3.2	2.29	2.6	3.58	4.01	3.15	3.11	3.4	3.07	2.23	2.87
	1976	3.4	2.45	3.01	3.33	3.51	4.07	3.86	4.13	3.18	3.41	3.02	3.54	3.2
	1977	3.22	3.43	2.81	3.3	3.8	3.79	3.9	3.71	2.81	3.32	2.86	2.35	2.39
	1978	3	1.97	3.58	2.48	2.73	3.71	3.94	2.98	2.64	2.6	3.25	2.69	3.29
	1979	3.4	2.67	4.47	3.05	2.87	4.29	3.61	3.34	2.7	3.25	3.29	4.16	3.28
	1980	3.29	4.24	3.45	2.97	3.51	4.32	3.69	3.16	3.09	2.99	3.22	2.69	2.12
	1981	3.18	3.29	3.13	2.75	3.19	3.43	3.9	3.56	3.56	3.19	2.78	2.72	2.66
	1982	3.47	3.13	4.24	3.76	4.01	3.71	3.76	3.57	2.83	3.37	3.5	2.4	3.45
	1983	2.99	3.65	2.18	2.45	2.99	3.41	3.59	2.91	3.4	3.4	3.38	2.68	1.77
	1984	2.88	3.05	3.17	2.35	2.97	3.43	3.58	3.02	3.08	2.33	2.47	2.4	2.69
	1985	3.59	3.14	3.6	3.61	3.73	4.33	4.2	3.75	3.74	3.88	3.37	2.84	2.89
	1986	3.19	3.08	3.13	3.1	3.83	3.93	4.32	3.33	2.97	2.71	2.37	2.71	2.84
	1987	3.21	3.32	3.56	2.94	2.68	2.76	4.06	3.23	3.22	3.65	3.55	3.05	2.61
	1988	3.49	2.48	4.32	3.25	3.63	4.05	3.43	3.56	3.54	3.31	3.39	3.29	3.6
	1989	3.6	3.47	2.53	4.07	3.21	3.42	4.27	3.43	3.48	3.31	4.33	4.15	3.41
	1990	3.62	3.8	3.24	3.38	3.11	4.11	3.87	3.7	3.66	4.06	3.22	3.99	3.24
	1991	3.5	3.73	3.38	3.07	3.37	4.32	3.76	3.33	3.19	3.62	3.1	3.44	3.66
	1992	3.5	2.94	2.78	3.48	3.39	4.27	3.67	3.37	3.69	3.91	3.31	3.74	3.45
	1993	3.49	3.32	3.08	3.34	3.11	3.58	3.8	3.22	3.41	4.3	3.52	4.05	3.12
	1994	3.69	3.47	4.41	3.82	3.44	4.13	4.39	3.74	3.52	3.11	3.47	3.7	3.14
	1995	3.44	2.45	3.73	3.72	3.37	4	4.1	3.56	3.39	3.13	2.9	3.28	3.7
	1996	3.58	2.27	3.4	3.93	4.11	3.25	4.24	3.76	3.48	3.7	3.92	3.18	3.73
	1997	3.97	4.05	3.76	4.93	4.01	4.56	3.87	3.76	3.58	3.55	4.08	3.6	3.88
	1998	3.31	3.4	3.06	3.54	4.52	5.15	3.43	3.09	3.61	3.75	2.47	1.48	1.93
	1999	3.13	2.86	2.2	3	3.59	3.85	3.78	3.42	2.71	3.3	3.02	2.52	3.37
	2000	2.95	3.08	1.93	2.59	2.78	3.64	3.97	3.31	3.02	3.06	2.6	2.8	2.67
	2001	3.25	2.87	2.21	3.37	3.44	4.02	3.93	3.46	3.3	3.32	3.58	2.49	3.08
	2002	3.27	3.37	2.73	2.6	3.35	3.76	3.65	3.79	3	1.28	-1	-1	-1
POWER BY YEAR                                                                   														
	Year	ALL	JAN	FEB	MAR	APR	MAY	JUN	JUL	AUG	SEP	OCT	NOV	DEC
	ALL	55	56	73	61	53	69	67	49	44	52	48	48	45
	1973	39	50	25	22	46	99	63	50	32	11	22	22	25
	1974	46	66	26	43	44	46	62	48	38	38	75	43	22
	1975	47	44	64	25	30	66	84	38	40	58	51	21	46
	1976	52	31	46	45	51	73	65	76	42	53	45	60	37
	1977	49	59	35	45	70	64	67	60	37	53	33	21	41
	1978	44	20	72	29	31	63	68	33	27	24	51	64	44
	1979	77	34	324	46	29	90	52	66	28	48	54	101	74
	1980	61	181	71	39	63	92	57	42	37	39	41	31	30
	1981	45	52	45	29	50	50	65	52	59	39	32	34	33
	1982	68	57	197	76	79	63	69	57	30	59	59	23	61
	1983	39	64	15	19	37	56	59	28	50	53	48	27	13
	1984	35	47	48	19	31	46	57	34	38	23	32	22	29
	1985	60	38	78	58	57	87	79	56	64	73	49	47	31
	1986	50	42	56	50	82	66	87	39	27	42	43	32	31
	1987	50	50	112	47	24	28	83	35	46	67	59	31	27
	1988	56	26	116	46	57	70	37	49	60	53	45	46	62
	1989	79	84	44	302	43	47	80	43	45	39	86	83	47
	1990	63	66	43	46	38	73	60	56	62	74	41	141	52
	1991	57	88	51	44	43	86	61	44	44	59	43	55	69
	1992	56	40	50	61	51	77	46	36	52	73	44	76	63
	1993	53	47	65	58	32	45	51	32	39	87	54	78	43
	1994	66	52	200	58	46	69	81	54	56	36	46	68	41
	1995	56	22	137	74	42	65	72	45	37	35	24	58	63
	1996	67	29	49	115	97	47	81	58	49	60	103	36	79
	1997	77	95	60	202	70	95	62	55	45	47	72	53	74
	1998	60	52	29	49	106	137	62	52	75	82	28	14	19
	1999	54	85	25	52	65	69	67	59	38	59	44	24	71
	2000	48	64	35	32	37	60	82	50	50	62	32	48	32
	2001	51	49	38	63	65	68	67	51	48	53	49	18	40
	2002	57	54	42	34	78	71	70	68	38	6	-1	-1	-1
NUMBER OF SPEED OBSERVATIONS BY YEAR                                            														
	Year	ALL	JAN	FEB	MAR	APR	MAY	JUN	JUL	AUG	SEP	OCT	NOV	DEC
	ALL	248925	21226	19768	21423	20943	21578	20716	21358	21228	19847	20646	19824	20368
	1973	8002	713	601	676	661	681	679	673	675	656	668	642	677
	1974	7900	678	604	689	648	687	638	657	662	646	691	651	649
	1975	7853	647	563	640	624	615	626	676	693	680	713	690	686
	1976	8095	696	681	711	695	737	699	709	661	635	631	625	615
	1977	7827	634	639	653	622	704	675	703	663	654	656	624	600
	1978	8114	579	591	687	691	731	658	667	712	696	716	691	695
	1979	8433	720	650	719	696	719	690	718	728	704	712	657	720
	1980	8522	730	679	728	700	728	698	725	716	706	721	668	723
	1981	8606	731	664	736	711	734	711	724	723	709	734	712	717
	1982	8458	721	648	721	691	715	708	700	720	706	714	693	721
	1983	8515	738	659	725	707	731	686	728	728	686	722	693	712
	1984	8569	734	669	738	706	728	709	733	715	697	721	702	717
	1985	8581	724	661	737	708	728	679	728	723	713	734	709	737
	1986	8600	732	662	735	708	727	705	727	739	709	732	709	715
	1987	8479	715	638	729	704	721	691	727	716	682	733	694	729
	1988	8600	725	686	730	705	732	707	727	715	701	730	709	733
	1989	8628	725	659	729	710	739	717	731	734	713	738	701	732
	1990	8636	729	668	722	712	731	711	734	733	717	736	710	733
	1991	8648	732	667	733	704	737	716	732	733	711	737	713	733
	1992	8654	738	688	729	708	736	711	733	736	707	732	706	730
	1993	8580	734	665	722	712	733	703	729	735	706	713	706	722
	1994	8562	729	649	730	700	725	700	724	730	707	731	708	729
	1995	8561	729	668	724	714	737	715	735	721	692	732	679	715
	1996	7939	685	647	691	711	738	689	662	675	628	637	588	588
	1997	7616	607	567	629	620	643	665	683	631	592	648	659	672
	1998	7379	558	595	576	633	697	632	615	621	618	588	626	620
	1999	8599	664	669	702	685	692	671	686	696	699	818	802	815
	2000	9454	834	773	807	779	786	773	788	772	745	811	788	798
	2001	8439	817	795	810	772	722	659	701	649	613	697	569	635
	2002	6076	728	763	765	806	744	695	783	773	19	0	0	0
NUMBER OF SPEED OBSERVATIONS BY HOUR                                            														
	Hour	ALL	JAN	FEB	MAR	APR	MAY	JUN	JUL	AUG	SEP	OCT	NOV	DEC
	0	10253	858	823	873	848	889	857	893	871	825	853	820	843
	1	10237	870	808	877	844	897	853	877	872	813	860	817	849
	2	9462	815	747	812	791	828	819	819	791	743	788	749	760
	3	12149	1035	958	1042	1015	1043	998	1045	1058	973	1021	971	990
	4	10138	851	799	865	841	890	852	871	863	814	844	816	832
	5	10169	865	816	871	861	880	839	870	854	808	848	817	840
	6	10171	871	816	889	851	876	835	866	842	809	850	823	843
	7	10138	863	806	873	859	867	840	880	861	806	847	801	835
	8	9518	813	770	824	807	823	798	810	790	745	790	752	796
	9	11634	1002	947	1014	984	974	931	985	1019	929	970	934	945
	10	9975	847	791	857	844	866	828	856	847	798	826	809	806
	11	10007	858	800	880	862	863	829	842	836	808	831	796	802
	12	10139	866	803	878	858	887	835	875	867	807	845	790	828
	13	10150	856	806	883	855	883	835	872	872	805	840	814	829
	14	9487	822	765	821	794	833	806	808	774	739	790	750	785
	15	11904	1014	937	1025	1006	1019	977	1028	1060	952	975	942	969
	16	10185	886	809	863	870	892	856	864	866	815	829	811	824
	17	10217	857	807	877	868	890	855	878	881	807	846	819	832
	18	10285	869	803	872	876	892	863	876	898	834	844	816	842
	19	10331	881	803	891	858	912	866	884	891	837	863	801	844
	20	9573	826	763	823	810	833	818	822	801	746	792	755	784
	21	12178	1032	957	1045	1012	1057	1007	1054	1066	974	995	981	998
	22	10306	881	814	882	864	892	869	893	876	831	847	814	843
	23	10319	888	820	886	865	892	850	890	872	829	852	826	849

SPEED BY HOUR                                                                   														
	Hour	ALL	JAN	FEB	MAR	APR	MAY	JUN	JUL	AUG	SEP	OCT	NOV	DEC
	0	3.17	3.01	2.98	3.09	3.02	3.62	3.82	3.33	3.14	3.05	3.01	2.87	2.99
	1	3.14	3.03	3.02	3.02	3.01	3.47	3.72	3.2	3.08	3.06	3.09	2.92	2.99
	2	3.06	3.02	3.03	2.99	2.9	3.25	3.49	3.04	2.96	3	2.97	2.96	3.04
	3	2.93	3.01	2.84	2.95	2.84	3	3.14	2.9	2.81	2.98	2.99	2.74	2.98
	4	2.83	2.97	2.94	2.87	2.64	2.77	2.78	2.74	2.71	2.86	2.99	2.85	2.91
	5	2.8	2.98	2.95	2.87	2.68	2.63	2.66	2.54	2.66	2.89	3.09	2.84	2.9
	6	2.81	3.03	2.99	2.88	2.64	2.67	2.73	2.53	2.54	2.79	3.06	2.9	2.94
	7	2.88	3.03	2.99	2.92	2.72	2.9	2.94	2.73	2.63	2.88	3.01	2.94	2.91
	8	2.98	3.02	3.08	2.92	2.92	3.02	3.04	2.85	2.88	2.95	3.05	3	2.98
	9	3.1	3.05	3.03	3.06	3.12	3.27	3.21	3.03	3.03	3.22	3.2	2.96	3
	10	3.25	3.12	3.19	3.29	3.33	3.48	3.42	3.19	3.15	3.44	3.45	3.05	2.93
	11	3.46	3.24	3.32	3.49	3.53	3.83	3.73	3.41	3.28	3.58	3.64	3.26	3.16
	12	3.61	3.29	3.63	3.63	3.72	4.14	3.96	3.56	3.42	3.7	3.68	3.36	3.18
	13	3.69	3.31	3.58	3.55	3.81	4.44	4.22	3.83	3.66	3.68	3.67	3.4	3.15
	14	3.76	3.29	3.65	3.53	3.99	4.65	4.43	3.98	3.7	3.62	3.65	3.36	3.15
	15	3.81	3.24	3.48	3.56	4.16	4.96	4.73	4.11	3.85	3.73	3.47	3.21	3.1
	16	3.81	3.14	3.44	3.47	4.2	5.19	4.85	4.18	3.88	3.68	3.39	3.17	3.03
	17	3.77	3.17	3.34	3.44	4.2	5.15	4.84	4.29	3.85	3.69	3.12	3.03	2.95
	18	3.68	3.03	3.19	3.26	4.12	5.04	4.88	4.14	3.77	3.55	3.04	2.94	2.98
	19	3.54	3.04	3.12	3.06	3.81	4.82	4.71	4.04	3.54	3.33	2.99	2.98	2.91
	20	3.42	3.01	3.07	3.05	3.52	4.44	4.54	3.81	3.26	3.25	3.06	2.99	2.94
	21	3.34	3.08	2.95	3.06	3.38	4.27	4.44	3.68	3.08	3.3	3.02	2.89	2.92
	22	3.25	3.06	3.04	3	3.17	3.98	4.14	3.49	3.06	3.23	2.98	2.9	2.88
	23	3.2	3.06	2.97	3.02	3.04	3.71	3.95	3.48	3.11	3.26	2.97	2.88	2.92

POWER BY HOUR                                                                   														
	Hour	ALL	JAN	FEB	MAR	APR	MAY	JUN	JUL	AUG	SEP	OCT	NOV	DEC
	0	54	57	67	61	45	60	67	58	47	47	46	43	45
	1	51	56	66	55	44	55	64	45	43	44	47	44	44
	2	47	51	66	48	40	48	57	38	39	45	43	45	45
	3	45	53	59	50	39	42	44	41	36	44	42	40	48
	4	42	54	61	47	33	36	35	31	34	44	44	44	44
	5	41	51	55	49	34	34	32	27	33	43	46	43	41
	6	40	50	63	45	33	32	30	26	29	41	44	45	43
	7	42	50	64	51	36	35	32	28	31	42	42	46	43
	8	43	52	68	50	38	36	33	30	33	39	43	47	45
	9	45	54	65	49	40	42	37	33	37	47	46	44	45
	10	49	55	70	56	46	47	42	35	36	50	55	50	42
	11	56	66	76	67	53	59	52	40	41	57	60	57	49
	12	61	63	89	80	57	71	61	44	45	61	61	56	48
	13	64	61	89	69	61	86	72	53	51	61	57	56	50
	14	68	62	92	70	70	93	83	72	50	58	55	57	47
	15	70	61	85	68	78	108	97	66	58	62	53	51	46
	16	70	54	81	69	79	121	103	68	58	62	49	51	46
	17	71	58	83	78	80	117	102	74	58	62	44	47	43
	18	69	54	85	69	76	113	106	69	59	59	45	48	43																									
	19	65	58	76	67	68	101	98	65	55	53	41	50	44																									
	20	62	54	83	65	59	87	93	59	48	49	51	52	44																									
	21	61	61	69	67	58	83	93	61	46	56	48	48	45																									
	22	59	59	75	64	55	74	82	54	47	55	49	45	43																									
	23	55	58	68	60	47	64	75	53	47	56	46	44	44																									

SPEED BY DIRECTION                                                              																																							
	Month	calm	0	10	20	30	40	50	60	70	80	90	100	110	120	130	140	150	160	170	180	190	200	210	220	230	240	250	260	270	280	290	300	310	320	330	340	350	360
	ALL	0	3.64	3.94	3.91	3.67	3.35	3.05	2.73	2.53	2.37	2.31	2.29	2.37	2.61	3.29	4.4	5.22	5.3	4.58	3.97	3.81	3.75	3.28	2.99	2.89	2.77	2.93	2.97	2.93	3.04	3.22	3.3	3.2	3.02	3.13	3.43	3.5	3.64
	1	0	4.1	4.2	4	3.5	3.2	2.9	2.6	2.4	2.2	2.3	2.3	2.4	2.5	2.8	4.3	5	5.2	4.2	3.8	4	3.8	3.5	3.3	2.9	2.4	2.4	2.6	2.7	2.7	3.1	3.2	3.1	2.9	3.3	3.7	3.8	4.1
	2	0	4	4.3	4.4	4.2	4.1	3.3	2.6	2.4	2.2	2.2	2.2	2.2	2.4	2.6	4.2	5.3	5.1	3.8	3.3	3.3	3.5	3.3	3.2	2.7	2.5	2.7	2.6	2.6	2.9	2.9	2.9	3	3	3.3	3.7	3.7	4
	3	0	3.6	4.1	4.5	4.3	3.6	3.3	2.9	2.5	2.3	2.3	2.3	2.2	2.7	3.2	4.2	4.9	4.7	4.3	3.8	3.6	3.6	3	2.7	2.6	2.4	2.4	2.4	2.7	2.7	2.8	2.8	2.8	2.9	3	3.6	3.6	3.6
	4	0	3.5	3.8	3.7	3.6	3.5	3.2	2.8	2.8	2.5	2.4	2.3	2.7	3	3.8	4.9	5.4	5.4	4.6	3.9	3.7	3.4	2.9	2.9	2.7	2.6	2.6	2.8	2.8	3.1	3.2	3.2	3.2	3.1	3.4	3.6	3.4	3.5
	5	0	2.9	3.3	3.4	3.3	3.2	2.9	2.9	2.8	3	2.5	2.6	2.8	3.1	3.9	4.8	5.6	5.7	5	4.4	3.9	4	3.4	3.3	3.4	3.2	3.5	3.4	3.5	3.3	3.6	3.6	3.5	3.3	3.2	2.9	2.9	2.9
	6	0	2.8	3	3.5	3.1	3.2	2.8	2.7	2.7	2.5	2.4	2.1	2.5	2.9	3.7	4.8	5.6	5.7	5.2	4.2	3.7	4	3.3	3.1	3.2	3.2	3.4	3.6	3.4	3.4	3.6	3.6	3.5	3.1	2.9	2.7	2.7	2.8
	7	0	2.3	2.9	3.2	3.1	2.9	2.9	2.8	2.6	2.7	2.5	2.2	2.3	2.8	3.6	4.5	5.2	5.2	4.5	4	3.5	3.5	3.2	3	2.9	3	3.3	3.3	3.2	3.3	3.4	3.5	3.4	3.1	2.7	2.5	2.4	2.3
	8	0	2.9	3.2	3.3	3.2	3.1	3	2.7	2.7	2.5	2.2	2.4	2.3	2.8	3.4	4.1	5.1	5.1	4.4	3.8	3.8	3.7	3.2	2.9	2.7	2.8	2.8	2.8	2.9	2.9	3.1	3.2	3.1	2.8	2.7	2.9	2.8	2.9
	9	0	3.4	3.5	3.5	3.4	3.2	3	2.8	2.7	2.4	2.4	2.4	2.4	2.7	3.7	4.5	5.2	5.1	4.4	3.9	4	3.9	3.5	2.8	2.6	2.5	2.7	2.7	2.6	2.8	2.9	3	3	2.8	3.1	3.5	3.3	3.4
	10	0	3.7	4	3.9	3.7	3.3	3.1	2.7	2.5	2.4	2.4	2.2	2.4	2.3	3.1	4	4.7	4.9	4.1	3.7	4	4.2	3.3	2.7	2.8	2.3	2.3	2.4	2.4	2.7	2.9	3.1	3	3	3.2	3.6	3.5	3.7
	11	0	3.7	4	3.9	3.6	3.2	3	2.7	2.4	2.4	2.3	2.2	2.4	2.4	2.7	3.9	4.9	4.8	4.1	4.2	4.2	3.3	3.1	2.7	2.2	2	2.3	2.5	2.4	2.7	2.8	3	3	3.1	3.2	3.4	3.7	3.7
	12	0	3.6	4.1	3.9	3.5	3.1	2.9	2.7	2.4	2.3	2.2	2.2	2.1	2.2	2.6	3.7	4.4	4.6	3.8	3.7	4.2	3.8	3.6	3.2	2.8	2.2	2.4	2.5	2.5	2.8	3	3	3.1	3.1	3.2	3.4	3.5	3.6
FREQUENCY BY DIRECTION                                                          																																							
	Month	calm	0	10	20	30	40	50	60	70	80	90	100	110	120	130	140	150	160	170	180	190	200	210	220	230	240	250	260	270	280	290	300	310	320	330	340	350	360
	ALL	9.1	5.85	5.68	5.14	4.26	3.37	2.61	2.05	1.13	0.79	0.8	0.77	0.83	0.97	1.12	2.02	3.73	5.81	5.32	3.81	3	3.39	2.21	1.91	1.87	2.01	1.62	1.5	1.68	2.11	3.01	3.73	3.02	2.33	2.36	3.39	4.81	5.85
	1	13	9.1	8.7	7.7	6.3	5	3.8	3.2	1.8	1.3	1.4	1.5	1.4	1.3	1.1	1.6	2.1	2.5	2.2	2.1	1.8	1.9	1.5	1.2	1	1.2	0.9	0.9	1.1	1.2	1.7	2.5	2.5	2.2	2.8	4.3	7.1	9.1
	2	13.1	9.4	8.5	7.5	6.3	5.1	3.8	2.8	1.5	1.3	1.3	1.1	1.2	1	1.2	1.6	2	2.4	2.2	1.8	1.5	1.8	1.6	1.2	1.2	1.4	1	1.2	1.2	1.3	2.2	2.5	2.3	2.2	3	5.1	7.7	9.4
	3	10.5	8	7.9	7.2	5.6	4.4	3.1	2.1	1.2	0.7	0.7	0.7	0.7	0.9	0.9	1.7	2.4	3	2.7	2.3	1.8	2.1	1.6	1.4	1.2	1.5	1.4	1.4	1.9	2.8	3.2	3.4	2.6	2.3	2.7	4.8	7.8	8
	4	7.3	4.8	4.7	4.3	3.7	2.7	2.5	1.4	0.8	0.5	0.6	0.5	0.6	0.7	1.2	2.2	3.8	5.8	5.8	3.9	3.1	3.1	2.1	1.6	1.8	1.7	1.6	1.6	2.3	3.5	4.8	4.8	3.5	2.7	2.7	3.8	4.7	4.8
	5	4.7	1.6	1.9	1.8	1.8	1.4	1.1	1	0.6	0.4	0.3	0.4	0.6	0.7	1.1	2.9	6.1	10.9	9.3	6.2	5	4.9	3	2.8	2.8	2.8	2	2	2.2	2.9	4.2	5.2	3.3	2.2	1.7	1.5	1.6	1.6
	6	4.9	1	1	1	1	0.8	0.8	0.6	0.3	0.3	0.3	0.2	0.4	0.6	0.9	2.4	6	11.2	10.2	6.5	4.7	5.6	3.3	3.2	3.2	3.5	2.9	2.8	2.5	3.1	4.4	5.7	4	2.1	1.4	1.1	1.1	1
	7	6	1.4	1.4	1.8	1.6	1.4	1.3	0.9	0.5	0.4	0.3	0.3	0.4	0.8	1	2.1	5	9.1	8.5	5.7	3.9	5.1	3.5	3.1	3.4	3.7	3.3	2.6	2.6	2.9	4.7	6.2	4.6	2.4	1.6	1.3	1.1	1.4
	8	8	2.6	2.6	3	3	2.5	1.9	1.6	0.9	0.6	0.4	0.5	0.6	1	1.4	2.4	4.9	7.9	7.6	4.9	3.9	4.7	2.9	2.5	2.8	2.8	2.2	2	2.1	2.4	3.7	4.8	3.9	2.7	2	2.2	2.1	2.6
	9	9.3	4.4	4.2	4.7	4	3	2.4	2.1	1	0.7	0.7	0.8	0.9	1.2	1.5	3.1	5.9	7.6	6.6	5.1	4	4.7	2.4	1.8	1.6	2	1.4	1.2	1.3	1.4	2	2.6	2.7	2.1	2.2	3	3.8	4.4
	10	9.9	10.2	9.1	7.9	6.1	4.5	3.2	2.6	1.2	0.8	0.9	0.8	0.8	1.1	1	1.5	2.4	3.4	2.9	2.5	2.2	2.8	1.6	1.3	1.1	0.9	0.7	0.7	0.9	1	1.5	2	2.3	2.2	3.1	5.1	7.7	10.2
	11	11.9	10	10.3	8.3	6.9	5.6	4.1	3.6	2.1	1.4	1.5	1.4	1.4	1.3	1	1.4	1.8	2.1	2.1	1.9	1.7	1.5	1.3	1	0.9	1	0.8	0.7	0.9	1.1	1.4	1.6	1.9	2.3	2.6	4.5	6.8	10
	12	11.4	9.5	9.6	7.9	5.9	4.8	4	3.1	1.9	1.3	1.3	1.4	1.3	1.3	1	1.3	1.8	2.1	2.1	2.1	1.9	1.8	1.5	1.3	1.1	1.1	0.9	0.8	1	1.4	1.6	2.5	2.3	2.6	2.8	4.5	7.4	9.5
FREQUENCY OF SPEED                                                              																																							
	Month	0	1	2	3	4	5	6	7	8	9	10	11	12	13	14	15	16	17	18	19	20	21	22	23	24	25												
	ALL	9.1	12.1	24.9	20.9	13	8.3	5.6	3.5	1.5	0.6	0.3	0.1	0.1	0	0	0	0	0	0	0	0	0	0	0	0	0												
	1	13	14.7	24.8	17.7	11.1	7.2	5.1	3	1.6	0.8	0.4	0.2	0.1	0.1	0.1	0	0	0	0	0	0	0	0	0	0	0												
	2	13.1	14.1	25.4	18.6	10.9	6.8	4.2	2.9	1.6	0.7	0.6	0.4	0.2	0.2	0.1	0.1	0.1	0.1	0.1	0	0	0	0	0	0	0												
	3	10.5	13.5	26.3	19.8	12.1	7.7	4.7	2.6	1.2	0.6	0.3	0.2	0.1	0.1	0.1	0	0	0	0	0	0	0	0	0	0	0												
	4	7.3	11.8	25.8	22.3	12.6	8.2	6	3.6	1.4	0.6	0.3	0.1	0	0	0	0	0	0	0	0	0	0	0	0	0	0												
	5	4.7	8.9	20.7	20.7	15.6	11.3	8.9	6.1	2.2	0.7	0.2	0	0	0	0	0	0	0	0	0	0	0	0	0	0	0												
	6	4.9	7.6	20.5	22.8	16.1	10.9	8.1	5.9	2.2	0.7	0.2	0	0	0	0	0	0	0	0	0	0	0	0	0	0	0												
	7	6	9.8	25	24.3	15.6	8.7	5.4	3.3	1.2	0.4	0.1	0	0	0	0	0	0	0	0	0	0	0	0	0	0	0												
	8	8	11.7	27.6	22.5	12.6	7.6	5.2	3	1.2	0.4	0.2	0	0	0	0	0	0	0	0	0	0	0	0	0	0	0												
	9	9.3	12.1	26	20.3	12	7.9	6.2	3.6	1.5	0.6	0.3	0.1	0.1	0	0	0	0	0	0	0	0	0	0	0	0	0
	10	9.9	12	25.5	21.2	13.2	8.5	5.1	2.8	1.1	0.5	0.2	0	0	0	0	0	0	0	0	0	0	0	0	0	0	0
	11	11.9	14.7	25.6	20.3	11.7	7	4	2.4	1.1	0.7	0.3	0.1	0.1	0.1	0.1	0	0	0	0	0	0	0	0	0	0	0
	12	11.4	15	26.3	19.7	11.9	7.1	4.2	2.3	1.1	0.6	0.3	0.1	0	0	0	0	0	0	0	0	0	0	0	0	0	0
PERCENT OF POWER BY SPEED                                                       																											
	Month	0	1	2	3	4	5	6	7	8	9	10	11	12	13	14	15	16	17	18	19	20	21	22	23	24	25
	ALL	0	0.4	3.7	8.8	11.8	14.1	16.6	16.2	9.8	5.5	3.5	1.9	1.6	1.1	1.1	0.8	0.7	0.6	0.5	0.3	0.3	0.1	0.1	0.1	0	0.2
	1	0	0.5	3.7	7.6	10.3	12.5	15.4	14.5	11.1	7.3	4.9	3	3.1	1.5	2	0.8	1	0.9	0	0	0	0	0	0	0	0
	2	0	0.4	2.9	6.2	7.8	9.1	9.7	10.8	8.4	5.1	5.6	5	4.4	3.9	3.8	3.6	4.8	2.6	3.3	1.3	0.8	0	0	0.6	0	0
	3	0	0.4	3.6	7.8	10.3	12.2	13	11.4	7.7	4.9	4.1	2.6	2.9	2.7	2.3	1.8	1.3	1.8	1.8	2.2	2.1	1.5	0.6	0	0	0.8
	4	0	0.4	4	9.9	11.9	14.7	18.5	17.7	9.8	5.8	3.7	1.8	1.1	0.4	0.2	0	0	0	0	0	0	0	0	0	0	0
	5	0	0.3	2.5	7	11.3	15.4	21.2	22.5	11.9	4.9	2.2	0.6	0.2	0.1	0	0	0	0	0	0	0	0	0	0	0	0
	6	0	0.2	2.5	7.9	11.8	15.1	19.4	22.4	12	5.5	2.4	0.6	0.3	0	0	0	0	0	0	0	0	0	0	0	0	0
	7	0	0.4	4.1	11.4	15.5	16.2	17.8	17	9	3.9	1.4	0.7	0.1	0	0	0	0	0	0	0	0	0	0.6	0	0	2
	8	0	0.5	4.9	11.3	13.8	15.5	18.5	17.3	10.1	4.4	2.7	0.6	0.1	0.2	0	0	0	0	0	0	0	0	0	0	0	0
	9	0	0.4	4	9	11.4	14.2	19.2	17.7	10.5	5.6	3.4	2	1.7	0.8	0.2	0	0	0	0	0	0	0	0	0	0	0
	10	0	0.5	4.3	10.3	13.8	16.7	17.2	15.1	8.3	4.8	2.9	0.9	1.1	0.7	1.5	1.2	0	0.6	0	0	0	0	0	0	0	0
	11	0	0.6	4.4	10.2	12.6	14.1	14	13.1	9	7.7	4.4	1.8	2.8	1.7	2.2	0.7	0.3	0	0.4	0	0	0	0	0	0	0
	12	0	0.7	4.9	10.6	13.8	15.4	15.7	13.6	9.2	7.1	4.1	2.7	1.3	0.2	0.6	0.3	0	0	0	0	0	0	0	0	0	0
PREVAILING DIRECTION BY HOUR                                                    																											
	Month	0	1	2	3	4	5	6	7	8	9	10	11	12	13	14	15	16	17	18	19	20	21	22	23		
	ALL	170	170	170	170	360	360	10	360	360	360	10	10	10	300	300	300	160	160	160	160	160	160	160	160		
	1	360	10	360	360	360	20	350	360	360	360	10	10	10	20	20	20	10	10	360	360	360	360	360	360		
	2	360	10	360	360	10	360	10	350	360	360	10	10	20	20	30	30	360	360	360	360	360	360	10	360		
	3	350	350	360	350	350	350	360	10	350	10	20	10	20	10	20	20	20	20	20	10	10	10	360	350		
	4	170	170	350	360	360	10	10	360	350	30	360	10	300	300	300	300	300	290	160	160	160	160	170	160		
	5	160	160	160	170	180	170	160	170	300	300	300	300	300	300	300	160	160	160	160	170	160	160	160	160		
	6	170	160	170	170	170	160	170	170	190	300	300	300	300	300	300	160	300	300	160	160	160	160	160	160		
	7	170	170	170	170	170	170	160	170	160	160	300	300	300	300	300	300	300	300	160	160	160	160	160	170		
	8	170	170	170	160	160	170	170	170	170	170	30	300	310	300	300	300	300	300	300	160	160	170	160	170		
	9	170	170	160	160	160	160	160	20	20	20	10	360	30	20	300	160	160	160	160	170	160	160	160	160		
	10	350	360	360	360	360	360	360	360	360	10	360	10	30	30	360	40	360	20	10	360	360	360	350	10		
	11	360	10	10	10	10	10	10	360	360	20	20	10	360	30	360	360	10	10	10	360	10	10	10	360
	12	10	10	10	360	360	10	10	360	350	360	10	10	10	10	360	10	360	360	360	10	360	10	360	10
SPEED FOR PREVAILING DIRECTION BY HOUR                                          																									
	Month	0	1	2	3	4	5	6	7	8	9	10	11	12	13	14	15	16	17	18	19	20	21	22	23
	ALL	4.41	4.35	4.12	3.99	3.53	3.6	3.81	3.38	3.47	3.58	3.7	3.77	3.94	3.65	3.7	3.69	6.11	5.99	5.88	5.71	5.54	5.54	5.18	5.15
	1	4.38	4.21	4.06	3.93	3.8	3.63	3.61	3.87	4.07	3.86	4.09	3.97	4.41	4.46	4.01	4.15	4.06	4.33	3.87	3.94	4.24	4.07	4.33	4.2
	2	4.19	4.42	3.97	4.23	4.27	3.9	4.38	3.58	4.21	3.92	4.12	4.04	4.09	4.66	4.51	4.33	3.89	4.13	3.93	4.24	3.87	4.06	3.69	4.2
	3	3.83	3.8	3.77	3.97	3.77	3.58	3.39	4.08	3.52	4.14	3.68	3.7	4.46	3.95	4.59	5.33	5.03	4.76	4.74	4.49	4.09	4.24	3.74	3.78
	4	3.81	4.31	3.03	3.42	3.42	3.56	3.7	3.29	3.22	3.32	3.33	3.7	3.39	3.56	3.6	3.77	3.52	3.52	5.78	5.58	5.13	5.43	3.91	4.83
	5	5.23	4.87	4.58	3.81	3.61	3.85	4.3	3.98	2.68	2.91	3.25	3.58	3.79	4.13	4.23	6.89	6.86	6.7	6.54	5.58	5.96	5.86	5.39	5.17
	6	4.95	5.12	4.54	4.28	3.99	4.31	4.07	4.12	3.21	3.09	3.34	3.69	3.89	3.88	4.07	6.92	4.04	3.99	6.81	6.41	6.25	6.35	5.7	5.81
	7	4.44	4.44	3.86	3.71	4.1	3.73	3.77	3.78	4.49	5.18	3.05	3.25	3.72	3.8	3.86	3.95	4.08	3.76	6.14	5.79	5.64	5.83	5.36	4.56
	8	4.44	4.07	3.97	4.49	4.5	3.73	3.81	3.67	4.31	4.08	3.1	2.77	3.18	3.42	3.65	3.56	3.67	3.63	3.31	5.61	5.56	4.26	5.24	4.35
	9	4.37	4.19	4.5	4.43	4.53	4.88	4.46	3.37	3.18	3.23	3.66	3.48	3.74	3.49	2.92	5.6	6.02	5.48	5.34	4.22	4.89	4.98	4.84	4.75
	10	3.74	3.95	3.5	3.67	3.3	4.01	3.76	3.22	3.63	3.73	3.84	3.87	3.99	3.84	3.68	3.53	3.88	3.68	3.88	3.65	3.78	3.79	3.77	3.87
	11	3.86	3.97	4.14	3.82	4.08	4.03	3.82	3.8	3.64	3.38	4.14	3.8	3.87	3.59	3.59	3.49	3.9	3.79	4.03	3.78	4.3	4.05	4.19	3.85
	12	4.16	4.13	3.94	3.78	3.53	4.24	4.1	3.67	3.41	3.89	3.56	4.13	4.15	4.29	3.48	4.24	3.77	3.31	3.54	3.77	3.47	4.09	3.81	4.13
