ANIAK (AWOS)        AK - 702320                                                 														
 61 deg    35' N  159 deg    32' W - Elev   26m   LST=GMT+99 hours   *NT=-11    														
 01/73-09/02                                                                    					Adjusted to Alaska Timezone (GMT-9)									
SPEED BY YEAR                                                                   														
	Year	ALL	JAN	FEB	MAR	APR	MAY	JUN	JUL	AUG	SEP	OCT	NOV	DEC
	ALL	2.69	2.73	3.07	3.07	3.03	2.84	2.47	2.2	2.27	2.59	2.76	2.77	2.65
	1973	2.82	4.76	-1	-1	-1	-1	7.4	2	-1	0	2	2.4	2.72
	1974	3.32	2.6	3.42	2.62	3.67	3.82	2.77	-1	-1	4.66	3.51	3.35	2.84
	1975	3.52	3.38	4.56	3.88	4.63	4.68	3.98	3.57	3.14	3.65	3.82	3.08	2.53
	1976	2.98	3.39	3.61	3.8	3.33	3.63	3.13	3.27	2.96	2.64	3.21	2.45	2.43
	1977	2.75	3.49	3.12	3.23	2.93	2.59	2.26	2.25	2.36	2.76	2.72	2.95	1.83
	1978	3.03	2.69	3.63	2.96	3.29	2.58	3.07	2.53	2.22	2.62	3.59	3.48	3.81
	1979	3.07	3.14	2.76	3.42	4.12	2.85	2.64	2.56	2.73	3.2	2.99	3.66	2.83
	1980	3.24	3.79	3.9	3.77	2.9	4.21	3.39	3.12	2.41	3.42	2.83	2.74	2.88
	1981	2.85	2.9	3.43	3.29	3.15	2.99	2.42	2.48	2.86	2.48	3.1	2.81	2.34
	1982	2.73	2.6	2.76	3.31	2.92	2.89	3.09	2.69	2.09	2.3	2.6	3.12	2.22
	1983	2.72	3.25	2.85	2.84	3.04	2.44	2.35	2.43	2.24	2.71	3.08	3.27	3.2
	1984	2.59	2.15	2.52	3.02	3.13	2.58	2.25	2.6	2.68	2.5	2.34	2.31	2.9
	1985	3.14	3.4	2.95	3.19	2.37	3.55	2.65	2.19	3.72	3.42	3.38	3.87	3.83
	1986	3.18	2.32	3.38	3.35	3.12	3.3	3.52	3.08	3.02	3.85	2.4	3.35	3.68
	1987	2.92	3.28	3.18	3.16	3.32	2.84	3.25	2.33	2.65	2.96	3.03	2.47	2.58
	1988	2.9	3.16	2.99	3.15	3.8	2.71	2.45	2.46	2.64	2.38	3	2.36	3.65
	1989	2.94	2.45	4.38	2.82	3.21	3.08	2.79	2.32	2.35	3.21	3.51	2.44	2.83
	1990	2.62	2.59	2.3	2.68	2.77	3.12	1.98	2.42	2.3	2.85	2.62	2.78	3.16
	1991	2.69	3	2.93	2.83	3.01	3.37	2.79	1.93	2.12	3.1	3.01	2.59	2.01
	1992	2.32	1.61	2.04	3.25	2.81	3.13	2.5	1.56	2.27	2.48	2.6	2.4	2.04
	1993	2.55	2.69	2.85	3.07	2.54	2.7	2.17	1.91	2.22	2.48	2.41	3.05	2.54
	1994	2.4	1.95	2.73	2.88	2.74	2.62	2.01	2.03	2.03	2.22	2.21	2.84	2.77
	1995	2.21	1.98	3.02	2.56	2.67	2.64	2.07	1.76	1.6	1.99	2.5	1.74	1.96
	1996	2.38	2.33	2.92	2.95	3.01	2.45	2.46	1.95	2.01	2.06	2.44	2.36	1.44
	1997	2.42	2.83	2.85	3.06	2.86	2.65	2.05	1.74	2.22	2.2	2.01	2.53	2.13
	1998	2.52	2.46	1.6	3.75	3	3.61	2.34	1.73	2.17	2.05	2.68	2.15	2.49
	1999	2.15	2.64	2.46	2.35	3.13	2.27	1.8	1.68	2.05	2.31	1.69	2.17	1.59
	2000	2.56	2.15	3.53	3.1	2.74	2.15	2.2	1.74	2.23	1.8	2.57	3.54	3.08
	2001	2.9	2.91	3.03	3.2	3.05	3.14	2.67	2.69	2.68	2.56	3.32	2.68	2.44
	2002	2.26	3.59	3.01	2.8	2.67	2.32	2.1	2.07	1.52	1.13	-1	-1	-1
POWER BY YEAR                                                                   														
	Year	ALL	JAN	FEB	MAR	APR	MAY	JUN	JUL	AUG	SEP	OCT	NOV	DEC
	ALL	39	44	57	50	48	40	26	21	27	31	38	46	46
	1973	53	100	-1	-1	-1	-1	335	5	-1	0	5	38	52
	1974	60	41	47	20	65	78	28	-1	-1	110	50	83	60
	1975	71	75	164	109	143	117	108	72	40	52	57	44	35
	1976	40	55	54	59	39	52	34	37	37	31	47	31	35
	1977	42	65	52	59	44	38	22	23	25	35	39	69	30
	1978	48	39	66	40	50	27	40	25	23	27	65	84	90
	1979	50	49	38	49	97	37	27	33	34	65	33	77	65
	1980	55	70	87	69	48	110	38	35	20	43	42	28	44
	1981	38	40	63	48	38	41	19	22	36	25	50	47	33
	1982	36	31	41	48	36	46	45	28	14	21	32	55	31
	1983	30	42	35	26	48	19	20	20	18	33	41	42	46
	1984	47	18	35	55	72	36	18	62	137	28	22	25	43
	1985	60	63	40	49	38	113	26	17	147	50	51	123	80
	1986	50	20	71	63	45	49	62	42	39	69	19	63	64
	1987	44	65	48	49	51	36	50	19	27	48	52	36	49
	1988	43	55	51	56	79	35	21	22	25	25	44	21	77
	1989	45	38	116	39	61	39	28	18	24	42	58	38	43
	1990	31	29	23	29	40	39	12	21	28	39	29	33	55
	1991	36	51	61	38	48	54	27	12	19	44	46	27	22
	1992	27	22	15	60	32	31	29	9	22	25	39	29	30
	1993	34	44	53	51	40	33	16	14	24	27	21	55	36
	1994	33	25	50	54	32	28	14	16	15	25	23	46	78
	1995	27	28	61	36	42	30	16	12	9	17	42	16	14
	1996	31	38	55	47	44	32	21	16	15	20	34	35	15
	1997	31	48	38	54	38	32	18	11	19	22	24	41	34
	1998	37	35	10	72	54	67	26	10	22	22	33	25	74
	1999	29	57	51	36	51	19	14	11	30	25	14	30	17
	2000	40	38	80	61	33	17	21	15	27	15	42	74	63
	2001	42	64	78	58	51	35	21	23	21	20	53	25	20
	2002	28	60	79	54	32	24	21	17	8	4	-1	-1	-1
NUMBER OF SPEED OBSERVATIONS BY YEAR                                            														
	Year	ALL	JAN	FEB	MAR	APR	MAY	JUN	JUL	AUG	SEP	OCT	NOV	DEC
	ALL	206565	16319	15775	17422	16747	18387	18394	18565	18320	16180	17316	16590	16550
	1973	345	33	0	0	0	0	2	1	0	1	1	113	194
	1974	944	148	135	5	126	107	49	0	0	48	90	120	116
	1975	1718	133	25	220	44	14	231	125	82	177	221	225	221
	1976	4132	166	231	194	211	172	183	195	320	698	694	620	448
	1977	7872	741	648	730	709	713	697	719	696	669	679	539	332
	1978	7871	591	664	715	229	716	699	743	668	715	732	679	720
	1979	8216	641	643	709	671	626	713	738	691	662	739	712	671
	1980	5893	190	689	578	714	578	138	141	407	315	729	675	739
	1981	8474	604	671	650	720	742	720	726	727	718	741	720	735
	1982	7872	732	653	737	720	739	562	729	724	425	591	695	565
	1983	5713	144	243	737	700	695	634	541	458	691	351	240	279
	1984	7544	580	436	650	623	636	573	689	682	654	676	650	695
	1985	6506	697	639	674	605	691	636	658	87	372	360	493	594
	1986	6877	544	600	576	580	602	537	303	664	364	714	676	717
	1987	8324	696	637	730	695	730	678	712	625	682	721	692	726
	1988	8352	707	685	727	682	709	642	710	662	697	703	701	727
	1989	8106	712	647	726	669	697	701	719	688	578	724	617	628
	1990	6433	701	623	591	609	613	548	422	574	494	468	346	444
	1991	5501	400	347	461	320	388	609	552	540	515	613	248	508
	1992	6485	415	349	333	364	368	546	742	725	646	551	715	731
	1993	7696	678	660	724	221	650	691	718	663	655	685	649	702
	1994	8100	671	579	562	578	738	690	732	741	707	733	695	674
	1995	8197	685	657	625	697	727	689	704	637	696	724	683	673
	1996	8100	720	691	705	700	701	675	509	728	707	601	709	654
	1997	8091	540	688	647	722	731	674	743	715	644	711	642	634
	1998	6452	591	82	262	673	707	697	703	618	570	601	574	374
	1999	8479	561	608	725	712	633	741	735	760	686	748	769	801
	2000	9798	814	761	814	809	832	823	846	847	815	806	801	830
	2001	7856	833	761	810	810	672	591	618	590	552	609	592	418
	2002	10618	651	723	805	834	1460	2025	2092	2001	27	0	0	0
NUMBER OF SPEED OBSERVATIONS BY HOUR                                            														
	Hour	ALL	JAN	FEB	MAR	APR	MAY	JUN	JUL	AUG	SEP	OCT	NOV	DEC
	0	8179	628	607	664	673	752	726	752	736	640	700	650	651
	1	8210	651	634	715	683	743	706	733	719	630	706	641	649
	2	8429	655	640	691	708	773	746	776	751	629	725	680	655
	3	8713	698	683	753	717	775	756	785	768	659	731	687	701
	4	8180	660	644	707	671	722	715	719	727	620	683	651	661
	5	8107	638	622	689	667	739	703	721	725	601	706	654	642
	6	8162	625	610	673	656	744	738	742	753	636	693	639	653
	7	8434	669	645	730	702	734	762	749	753	686	672	667	665
	8	8678	654	640	696	699	771	812	821	778	697	741	672	697
	9	9370	773	723	800	751	809	847	851	836	746	742	748	744
	10	8864	702	688	736	700	756	797	794	794	726	750	717	704
	11	8836	712	665	742	698	774	788	776	769	705	745	739	723
	12	8882	698	645	716	706	809	816	767	808	725	718	749	725
	13	8877	702	679	735	704	770	792	814	791	715	739	722	714
	14	9154	725	689	738	746	789	835	848	808	738	756	744	738
	15	9439	769	739	801	742	826	857	850	814	745	772	764	760
	16	8873	708	695	738	702	757	786	801	767	714	732	738	735
	17	8591	685	668	719	685	748	743	752	755	690	758	695	693
	18	8534	646	636	713	680	779	791	782	767	673	704	681	682
	19	8441	669	665	727	694	771	743	732	744	650	705	670	671
	20	8500	647	631	736	706	784	777	781	754	624	724	668	668
	21	8808	705	678	782	703	783	793	816	765	670	726	687	700
	22	8168	651	630	713	680	748	677	698	724	639	695	651	662
	23	8136	649	619	708	674	731	688	705	714	622	693	676	657

SPEED BY HOUR                                                                   														
	Hour	ALL	JAN	FEB	MAR	APR	MAY	JUN	JUL	AUG	SEP	OCT	NOV	DEC
	0	2.26	2.66	2.96	2.67	2.32	2.02	1.71	1.48	1.73	2.13	2.45	2.71	2.61
	1	2.25	2.67	2.81	2.53	2.3	1.98	1.71	1.49	1.74	2.1	2.48	2.76	2.59
	2	2.19	2.57	2.8	2.66	2.15	1.9	1.72	1.48	1.73	2.06	2.4	2.57	2.57
	3	2.21	2.61	2.85	2.58	2.23	1.85	1.6	1.49	1.72	2.08	2.4	2.68	2.59
	4	2.21	2.68	2.84	2.46	2.21	1.85	1.59	1.47	1.74	2.1	2.45	2.71	2.62
	5	2.23	2.71	2.8	2.56	2.26	1.89	1.65	1.48	1.8	2.15	2.45	2.61	2.6
	6	2.19	2.58	2.78	2.47	2.17	1.92	1.66	1.54	1.77	2.12	2.41	2.64	2.55
	7	2.31	2.69	2.69	2.4	2.24	2.19	1.99	1.79	1.93	2.23	2.46	2.66	2.59
	8	2.46	2.71	2.92	2.55	2.52	2.55	2.17	2.04	2.01	2.33	2.47	2.78	2.68
	9	2.58	2.59	2.78	2.58	2.85	2.88	2.42	2.25	2.37	2.47	2.48	2.69	2.67
	10	2.74	2.72	2.87	2.82	3.07	3.14	2.57	2.47	2.4	2.7	2.75	2.68	2.75
	11	2.92	2.75	2.99	3.13	3.39	3.43	2.84	2.61	2.64	2.92	2.94	2.73	2.76
	12	3.05	2.78	3.19	3.33	3.63	3.53	2.84	2.72	2.85	3.1	3.14	2.76	2.75
	13	3.19	2.74	3.29	3.59	3.91	3.69	3.04	2.91	3.02	3.23	3.24	2.93	2.73
	14	3.32	2.91	3.59	4.02	3.97	3.77	3.27	2.93	2.94	3.38	3.39	3.03	2.75
	15	3.39	2.98	3.63	4.13	4.12	3.82	3.26	2.95	3.1	3.41	3.47	3.02	2.82
	16	3.38	2.95	3.63	4.09	4.18	3.88	3.36	3.04	2.92	3.44	3.45	2.99	2.75
	17	3.3	2.88	3.58	4.03	4.14	3.77	3.2	2.87	2.89	3.27	3.31	2.92	2.75
	18	3.15	2.72	3.35	3.78	3.99	3.67	3.21	2.81	2.78	2.95	3	2.86	2.61
	19	2.95	2.8	3.12	3.39	3.74	3.51	3.16	2.62	2.41	2.62	2.74	2.72	2.51
	20	2.77	2.7	3.08	3.18	3.23	3.23	2.97	2.42	2.16	2.21	2.62	2.75	2.61
	21	2.56	2.73	2.99	2.98	2.8	2.83	2.51	2.04	1.92	2.13	2.59	2.66	2.58
	22	2.43	2.64	2.97	2.85	2.59	2.37	2.24	1.78	1.81	2.15	2.57	2.69	2.53
	23	2.35	2.65	2.93	2.79	2.51	2.12	1.94	1.59	1.77	2.16	2.46	2.74	2.68

POWER BY HOUR                                                                   														
	Hour	ALL	JAN	FEB	MAR	APR	MAY	JUN	JUL	AUG	SEP	OCT	NOV	DEC
	0	29	45	49	34	26	20	12	9	14	23	31	43	50
	1	28	43	47	34	25	19	14	8	12	22	30	46	44
	2	27	40	45	40	23	17	12	8	14	23	28	38	40
	3	29	41	51	38	26	17	11	8	14	24	30	45	46
	4	29	45	50	36	25	15	13	9	15	23	31	43	44
	5	28	45	48	35	30	17	12	8	15	23	30	39	42
	6	26	41	49	32	24	16	11	8	15	21	29	40	39
	7	29	43	47	32	24	22	15	12	17	26	31	40	40
	8	33	44	56	36	44	29	19	14	15	25	33	45	46
	9	47	39	50	37	70	65	24	44	88	26	32	41	45
	10	39	45	49	44	46	47	28	24	23	32	38	44	51
	11	44	46	59	54	57	56	31	25	37	35	44	45	48
	12	47	43	65	54	68	54	30	26	35	48	49	45	51
	13	52	43	73	63	83	63	34	31	37	44	51	58	50
	14	55	49	79	81	74	63	41	32	33	50	54	63	50
	15	63	53	82	98	88	80	42	41	65	51	56	50	54
	16	56	50	74	81	79	68	45	32	33	51	54	52	51
	17	52	46	71	76	77	56	39	27	33	46	50	49	52
	18	46	41	65	65	68	55	42	27	30	35	43	45	47																									
	19	41	44	51	53	57	51	42	23	22	31	35	41	41																									
	20	37	41	51	48	41	42	36	20	18	21	36	44	43																									
	21	34	45	52	42	33	31	25	23	17	20	36	43	45																									
	22	32	43	54	43	31	25	20	11	13	22	35	45	40																									
	23	30	41	51	38	31	21	15	10	13	23	33	45	47																									

SPEED BY DIRECTION                                                              																																							
	Month	calm	0	10	20	30	40	50	60	70	80	90	100	110	120	130	140	150	160	170	180	190	200	210	220	230	240	250	260	270	280	290	300	310	320	330	340	350	360
	ALL	0	3.16	3.11	2.73	2.3	2.2	2.52	2.95	3.35	3.57	3.59	3.71	3.86	3.8	3.85	3.91	3.8	3.36	3.1	2.94	2.82	2.7	2.63	2.62	2.6	2.51	2.5	2.49	2.48	2.46	2.77	2.97	3.13	3.35	3.22	3.05	3.09	3.16
	1	0	3.1	3.3	3	2.4	2.1	2.6	3.1	3.7	4	3.6	4	4.5	4.2	4.3	4.7	4.7	3.8	2.7	2.9	2.4	2.6	2.7	3.1	2.8	2.8	2.6	2.5	2.3	2.4	2.7	2.7	2.9	3.2	3	2.8	2.7	3.1
	2	0	3.1	3.4	3.2	2.5	2.4	2.7	3.2	3.7	3.9	3.8	4.3	4.3	4.4	4.9	4.9	4.7	3.7	2.7	2.8	3.3	2.9	2.9	2.7	2.5	2.6	2.5	2.5	2.5	2.3	2.9	3.2	3.5	3.7	3.6	3.2	3	3.1
	3	0	3.5	3.4	2.8	2.2	2.3	2.9	3.3	3.5	3.7	4.1	4.2	4.2	4.4	4.5	4.4	4	3.7	3.3	3.2	3.3	3.2	3.1	3	3.4	3.1	2.9	2.7	2.6	2.6	3	3.2	3.3	3.6	3.4	3.3	3.4	3.5
	4	0	3.4	3.3	2.6	2.3	2.5	2.7	3	3.5	3.7	3.8	4	4.2	4.3	4.5	4.4	4.6	4	3.7	3	3.1	2.9	3.1	2.8	2.9	2.8	2.7	2.6	2.6	2.5	3	3.3	3.4	3.5	3.2	3.2	3.4	3.4
	5	0	3.1	2.6	2.1	2	2	2.1	2.6	3.2	3.8	3.8	3.7	3.8	3.9	4	4.1	3.7	3.5	3.3	2.8	2.8	2.6	2.6	2.7	2.9	2.7	2.7	2.7	2.7	2.7	3	3.3	3	2.9	2.9	3.1	3.2	3.1
	6	0	2.7	2.4	2.2	1.9	1.7	2	2.3	2.7	3	3.4	3.3	3.6	3.4	3.3	3.5	3.5	3.3	3.1	3	2.9	2.6	2.5	2.6	2.5	2.4	2.5	2.5	2.5	2.4	2.6	2.6	2.8	2.9	3	3.2	3.1	2.7
	7	0	2.1	2	1.7	1.6	1.8	1.9	2	2.5	2.7	2.7	3	3.1	3.1	3.1	3.3	3.3	3	2.9	2.8	2.8	2.7	2.4	2.4	2.3	2.3	2.2	2.3	2.4	2.3	2.5	2.7	2.8	2.8	2.7	2.6	2.6	2.1
	8	0	2.7	2.4	1.9	2.1	2	1.8	2.2	2.7	2.9	3.1	3.1	3.2	3	3.4	3.6	3.5	3	3.2	2.8	2.8	2.7	2.4	2.4	2.4	2.3	2.3	2.4	2.3	2.4	2.6	2.8	2.7	2.6	2.6	2.6	2.7	2.7
	9	0	2.9	2.7	2.3	2.2	2	2.4	2.9	3.1	3.5	3.5	3.4	3.4	3.4	3.3	3.5	3.4	3.1	2.5	2.8	2.3	2.5	2.7	2.6	2.5	2.4	2.5	2.4	2.6	2.6	3.1	3.1	3.3	3.5	3.2	3.1	3.1	2.9
	10	0	3.5	3.4	3.1	2.8	2.3	2.9	3.4	3.9	3.5	3.5	3.6	3.8	3.5	3.4	3.6	3.4	3.5	3	2.9	2.6	2.5	2.3	2.4	2.3	2.3	2.5	2.4	2.4	2.7	2.9	3	3.2	3.3	3.3	3.1	3.4	3.5
	11	0	3.3	3.1	2.7	2.4	2.4	2.8	3	3.5	3.7	3.6	3.8	4.1	3.9	3.9	4	3.8	3.2	3.1	3.9	2.7	2.6	2.6	2.6	2.2	2.3	2.4	2.5	2.7	2.4	2.4	2.5	2.9	3.5	3.3	3	3	3.3
	12	0	3.1	2.9	2.6	2.3	2.2	2.6	3.2	3.5	3.9	4	4	4.2	4.3	4.3	4.3	4.3	3.1	3.3	3.1	3.1	2.8	3	2.7	2.5	2.5	2.4	2.4	2	2.1	2.3	2.8	3.1	3.6	3.4	3	2.9	3.1
FREQUENCY BY DIRECTION                                                          																																							
	Month	calm	0	10	20	30	40	50	60	70	80	90	100	110	120	130	140	150	160	170	180	190	200	210	220	230	240	250	260	270	280	290	300	310	320	330	340	350	360
	ALL	18.18	4.2	3.29	2.51	1.96	1.88	2.15	2.82	3.35	3.64	3.8	4.09	4.61	5.26	4.69	3.55	2.54	1.83	1.37	1.5	1.46	1.57	1.77	2.07	2.21	2.32	2.45	2.35	2.15	1.79	1.81	2.32	2.79	3.32	3.52	3.43	3.62	4.2
	1	20.1	6.3	6.6	5.1	3.7	3	3	3.8	4.3	4.2	4.3	4	3.9	4.2	3.6	2.9	1.9	0.9	0.7	0.7	0.5	0.8	1.1	1.3	1.3	1.3	1.4	1.1	1	1	1.2	1.7	2.2	3.3	4	4.3	5.2	6.3
	2	16.6	5.3	4.3	3.6	2.6	2.4	2.4	3.1	2.8	3.3	3.7	4.3	4.8	5.7	5.1	3	2	1.2	0.6	0.7	0.6	0.8	0.8	1	1.1	1.2	1.5	1.5	1.5	1.3	1.7	2.6	3.8	5.1	5.9	4.9	4	5.3
	3	14.3	5.8	4.9	3.3	2.5	2.3	2.5	3.4	3.8	3.5	3.9	3.8	4.1	4.2	3.7	2.3	1.5	1	0.9	0.9	0.9	1.1	1.2	1.3	1.7	1.6	1.9	1.4	1.5	1.1	1.4	2.3	3.9	5.3	5.6	5	4.6	5.8
	4	14.3	4.8	3.3	2.4	1.8	1.8	2.2	2.7	3	3.3	3.6	4.3	4.6	5.2	4.2	2.8	2.2	1.7	1.2	1.3	1.5	1.6	1.9	1.9	2.4	2.4	2.3	2.1	2.2	1.6	2.2	3	3.7	3.9	3.6	3.4	4	4.8
	5	15.1	2.6	1.9	1.5	1.5	1.5	2	2.4	2.9	3.7	4.2	4.5	4.7	5.7	5.6	4.8	3.7	3.1	2.2	1.7	1.7	1.6	1.8	2.6	2.5	2.8	2.8	2.9	2.4	1.8	2	2.4	2.4	2.6	2.3	2.7	2.5	2.6
	6	18.3	2.5	1.4	0.8	0.9	1	1.4	1.6	2.2	2.5	3.4	3.7	4.7	5.4	5.3	5.2	4	3.1	2.4	2.4	2.3	2.4	2.5	2.7	2.8	3	3.5	3.7	3.4	2.7	2.6	2.5	2.2	2.1	2.5	2.6	2.5	2.5
	7	21.1	1.3	0.9	0.8	0.7	0.8	1.1	1.6	2.1	2.4	2.9	3.3	3.8	5	6.2	5.7	3.7	2.8	2.2	2.7	2.8	3	3.1	3.7	4	3.9	4.2	4.3	3.8	3.3	2.4	2.4	2	2	1.8	1.7	1.4	1.3
	8	21.4	2.2	1.5	1	0.9	1	1.6	2.1	3.1	3.8	3.8	4.1	4.5	5.7	5.5	4.5	3.5	2.5	2.1	2.3	2.4	2.2	2.9	3.4	3.4	3.9	3.7	3.2	3.1	2.5	2	1.8	1.7	1.7	2	1.9	2.5	2.2
	9	18.4	3.5	2.1	1.6	1.5	1.4	1.9	2.6	3.4	3.7	4.4	4.9	5.7	5.7	5	3.6	2.6	2	1.4	2	1.4	1.6	2.1	2.4	2.6	2.5	2.8	2.5	2.1	1.8	1.9	2.7	3	2.9	2.6	2.9	3	3.5
	10	16.7	5.7	4.3	3.6	2.1	1.9	2.5	3.1	3.8	3.7	3.3	3.9	4.5	4.7	3.6	2.3	1.7	1.2	1	1.2	1.3	1.4	1.5	1.5	1.7	2	2	2	1.8	1.7	2.1	2.7	3.5	3.9	4	3.9	5.1	5.7
	11	18.6	5.1	4.2	3.3	2.9	2.8	2.8	4	4.6	5	4.1	4.3	5.4	6.3	4.2	2.5	1.8	1.1	0.8	1	0.9	1.1	1.1	1.3	1.3	1.4	1.4	1.6	1.3	1.2	1	2.1	2.6	3.6	4.2	3.9	4	5.1
	12	23.2	6	4.7	3.6	2.9	2.9	2.8	3.8	4.7	5	4.2	4	4.9	5.4	4.1	2.3	1.5	0.9	0.6	0.8	0.9	1	0.8	1.5	1.4	1.5	1.4	1.5	1.3	1.1	0.9	1.6	2.4	3.6	4.2	4.3	5.2	6
FREQUENCY OF SPEED                                                              																																							
	Month	0	1	2	3	4	5	6	7	8	9	10	11	12	13	14	15	16	17	18	19	20	21	22	23	24	25												
	ALL	18.2	17.1	23.3	16.5	10.8	6.9	3.7	2	0.9	0.4	0.2	0.1	0	0	0	0	0	0	0	0	0	0	0	0	0	0												
	1	20.1	15.8	22.5	15.8	9.8	6.9	4.3	2.4	1.1	0.7	0.3	0.1	0.1	0	0	0	0	0	0	0	0	0	0	0	0	0												
	2	16.6	15.2	20.3	15.8	11.9	8.1	5.3	3.3	1.7	0.9	0.5	0.2	0.1	0	0	0	0	0	0	0	0	0	0	0	0	0												
	3	14.3	13.9	21.9	17.8	13	9	5.3	2.8	1.2	0.6	0.3	0	0	0	0	0	0	0	0	0	0	0	0	0	0	0												
	4	14.3	14.9	21.6	17.1	13.5	9.3	4.9	2.6	1	0.5	0.2	0	0	0	0	0	0	0	0	0	0	0	0	0	0	0												
	5	15.1	17	22.4	18.5	11.6	7.8	4.3	1.9	0.8	0.3	0.1	0.1	0.1	0	0	0	0	0	0	0	0	0	0	0	0	0												
	6	18.3	18.1	26.3	17.6	10.1	5.3	2.5	1	0.4	0.1	0.1	0	0	0	0	0	0	0	0	0	0	0	0	0	0	0												
	7	21.1	20.9	26.8	16.5	8.4	4.1	1.5	0.5	0.2	0	0	0	0	0	0	0	0	0	0	0	0	0	0	0	0	0												
	8	21.4	20	26.4	15.6	8.7	4.5	1.9	0.8	0.4	0.2	0	0	0	0	0	0	0	0	0	0	0	0	0	0.1	0	0												
	9	18.4	18.8	22.8	16	11.3	7.2	3.1	1.5	0.5	0.2	0.1	0	0	0	0	0	0	0	0	0	0	0	0	0	0	0
	10	16.7	17	22.9	17	11.5	7.6	3.9	1.9	0.8	0.4	0.2	0.1	0	0	0	0	0	0	0	0	0	0	0	0	0	0
	11	18.6	17	23	15.2	10.2	7	3.8	2.7	1.2	0.8	0.3	0.1	0	0	0	0	0	0	0	0	0	0	0	0	0	0
	12	23.2	16	21.5	14.1	9.3	6.4	4.1	2.6	1.3	0.7	0.4	0.2	0.1	0	0	0	0	0	0	0	0	0	0	0	0	0
PERCENT OF POWER BY SPEED                                                       																											
	Month	0	1	2	3	4	5	6	7	8	9	10	11	12	13	14	15	16	17	18	19	20	21	22	23	24	25
	ALL	0	0.8	4.8	9.8	14.1	16.8	15.4	13	8.3	5.9	3.6	1.8	1.5	0.5	0.3	0.2	0.1	0	0	0	0.1	0	0.1	2.4	0.3	0.2
	1	0	0.6	4.2	8.5	11.8	15.1	16.1	14.5	9.6	8.2	5.2	2.6	2.1	0.9	0.5	0	0	0	0	0	0	0	0	0	0	0
	2	0	0.5	2.9	6.7	11.1	14.1	15.5	15.5	11	8.1	6.2	2.7	2.9	1.2	1.3	0.3	0	0	0	0	0	0	0	0	0	0
	3	0	0.5	3.6	8.5	13.8	17.6	17.5	14.6	9.3	6.1	3.6	0.7	0.9	0.4	0	0.5	0	0	0	0	0.6	0	0	0.8	0	1.1
	4	0	0.5	3.7	8.4	14.5	18.4	16.4	13.8	7.4	5.7	3.1	0.5	1	0.4	0.3	0.3	0	0	0	0	0	0	0	4.7	1.1	0
	5	0	0.7	4.4	10.7	14.6	18.4	17.1	11.9	7.3	4.1	1.7	1.4	1.8	0.2	0	0.6	0	0	0	0	0	0	0	5.1	0	0
	6	0	1.2	7.9	15.4	19.1	18.5	15	9.8	6	2.5	1.9	1.7	0.8	0	0	0	0	0	0	0	0	0	0	0	0	0
	7	0	1.7	10	17.6	19.7	18.1	11.1	5.9	3.1	0.9	1.5	0	0.3	0	0	0	0	0	0	0	0	0	0	9.9	0	0
	8	0	1.3	7.5	13	15.8	15.4	11.1	7.2	5	3.1	0.9	1.3	0	0	0	0	0.5	0	0	0	0	0	0	15.7	0	2.1
	9	0	1	5.6	11.7	18	21.1	15.6	11.8	5.7	2.8	1.7	1.3	1.4	0	0.4	0	0.5	0	0	0	0	0	1.3	0	0	0
	10	0	0.8	4.8	10.5	15.4	19	16.6	12.6	7.8	5.6	4	1.7	0.8	0.4	0	0	0	0	0	0	0	0	0	0	0	0
	11	0	0.7	4.1	7.9	11.7	15	13.7	15.7	9.9	9.1	4.5	3.1	1.1	0.6	0.5	0	0	0	0	0	0	0	0	0	2.4	0
	12	0	0.6	3.8	7.3	10.6	13.6	14.7	15.1	11.1	8.6	5.8	3.9	3.1	0.8	0.2	0.3	0.3	0	0	0	0	0	0	0	0	0
PREVAILING DIRECTION BY HOUR                                                    																											
	Month	0	1	2	3	4	5	6	7	8	9	10	11	12	13	14	15	16	17	18	19	20	21	22	23		
	ALL	120	120	120	120	120	120	120	120	120	120	120	120	120	120	110	120	130	120	120	130	360	130	130	120		
	1	10	10	360	10	20	10	10	10	10	360	10	10	360	10	360	360	360	360	360	10	10	20	10	10		
	2	330	330	330	330	120	330	120	110	120	110	120	120	130	100	120	320	320	320	340	330	330	330	320	340		
	3	340	360	360	10	340	10	340	330	330	340	330	360	340	360	330	320	320	310	320	320	330	360	330	330		
	4	330	320	120	110	120	120	120	70	120	120	100	120	120	350	350	340	130	350	360	360	360	120	320	330		
	5	130	130	130	120	120	110	80	130	120	90	90	140	140	140	140	130	140	120	140	140	130	130	120	130		
	6	140	120	120	120	120	120	120	110	110	140	120	130	140	120	140	250	140	140	150	130	140	250	130	120		
	7	130	120	130	130	120	130	130	120	130	130	140	220	260	140	140	130	140	140	140	280	130	140	130	130		
	8	120	130	120	130	120	120	130	120	120	120	130	120	130	140	140	270	240	250	280	130	260	140	120	120		
	9	130	120	120	110	130	110	120	120	110	120	110	100	110	110	110	130	90	100	100	120	120	130	130	340		
	10	360	360	360	360	120	120	360	360	360	350	360	360	100	360	350	350	340	350	310	360	360	20	10	10		
	11	120	80	120	110	120	80	120	120	120	360	120	120	120	120	120	120	120	60	120	360	70	80	70	70
	12	80	120	350	10	80	80	80	110	120	90	120	360	360	90	360	70	360	120	80	80	360	340	70	110
SPEED FOR PREVAILING DIRECTION BY HOUR                                          																									
	Month	0	1	2	3	4	5	6	7	8	9	10	11	12	13	14	15	16	17	18	19	20	21	22	23
	ALL	3.48	3.4	3.42	3.4	3.26	3.21	3.05	3.41	3.41	3.6	3.76	3.93	4.21	4.43	4.37	4.84	4.59	4.5	4.33	4.08	3.25	3.54	3.82	3.56
	1	3.02	3.33	2.64	3.23	3.09	3.42	2.72	3	3.23	3.21	3.69	3.18	3.33	3.07	3.47	3.34	3.5	3.21	3.06	3.37	3.48	2.87	2.92	3.54
	2	3.39	3.49	3.35	3.5	3.75	3.21	3.89	3.94	4.39	3.93	3.87	4.26	5.23	4.71	5.51	4.04	4.56	3.94	3.49	3.64	3.94	3.83	3.58	3.23
	3	2.59	2.99	2.49	2.96	3.63	2.82	2.83	3.12	2.86	3.22	3.28	3.49	3.59	4.34	3.87	3.85	4.12	3.87	4.05	4.2	3.71	3.12	3.14	3.28
	4	2.37	2.97	3.06	3.37	3.32	3.79	3.05	2.49	3.35	3.94	4.76	4.68	5.76	3.73	4.01	3.51	5.18	4.3	4.1	4.13	3.36	4.21	3.13	2.81
	5	2.84	2.82	3.2	2.79	2.85	2.8	2.9	3.42	3.71	3.76	4.04	4.53	4.58	4.76	4.8	4.72	5.22	4.64	4.6	3.96	4.17	3.64	3.36	2.8
	6	2.74	3.31	2.66	2.64	3.13	2.64	2.29	2.82	3.19	3.31	3.89	3.99	4	3.69	4.24	3.15	4.06	4.15	4.05	4.01	3.71	2.18	2.92	3.29
	7	2.57	2.15	2.38	2.72	2.67	2.57	2.4	2.85	3.23	3.62	3.95	2.47	2.62	4.04	4.12	4.22	4.15	3.58	4.06	2.44	3.7	3.11	2.84	2.76
	8	2.58	3.14	2.76	2.77	2.52	2.48	3	2.85	2.4	2.86	3.45	2.97	4.23	4.5	4.12	2.62	2.52	2.66	2.66	3.47	2.07	3.54	2.88	2.88
	9	3.19	2.67	3.42	3.12	2.57	2.88	2.92	3.24	3.18	2.89	3.29	3.85	4.02	4.08	4.11	4.41	4.09	3.76	3.83	2.92	3.33	3.08	3.75	2.46
	10	2.72	3.35	3.43	3.03	3.02	3.15	3.22	3.36	3.82	3.26	3.66	3.92	3.72	3.57	3.8	4.11	3.73	3.58	3.21	3.31	3.64	2.92	3.25	3.46
	11	3.96	3.47	3.81	4.37	3.96	3.7	3.73	4.25	3.81	3.29	3.91	3.6	3.82	4.33	4.22	4.07	3.98	3.25	3.64	3.06	3.5	3.95	3.84	3.08
	12	3.59	3.84	2.6	2.73	3.75	3.31	3.46	2.98	3.7	3.44	4.19	3.54	3.17	3.76	3.54	3.24	3.32	5.1	4.06	3.82	3.28	2.68	3.59	4.07
