ANVIK               AK - 702075                                                 														
 62 deg    39' N  160 deg    11' W - Elev   99m   LST=GMT+99 hours   *NT=-11    														
 02/95-09/02                                                                    					Adjusted to Alaska Timezone (GMT-9)									
SPEED BY YEAR                                                                   														
	Year	ALL	JAN	FEB	MAR	APR	MAY	JUN	JUL	AUG	SEP	OCT	NOV	DEC
	ALL	2.42	3.24	3.11	3.07	2.71	2.28	1.73	1.81	2.06	2.19	2.27	2.58	2.9
	1995	2.37	-1	2.99	2.25	2.55	2.21	1.52	1.71	1.54	2.33	2.3	2.75	3.81
	1996	2.38	3.29	3.08	3.26	3.13	2.21	1.83	2.14	2.19	1.87	2.25	0.85	2.25
	1997	2.28	2.88	3.09	2.77	2.3	2.34	1.52	1.35	2.07	2.31	2.23	2.58	2.15
	1998	2.63	3.72	3.34	3.23	2.81	2.73	2.13	1.84	2.74	2.43	2.3	2.31	1.98
	1999	2.2	3.45	1.93	2.75	2.91	1.95	1.57	1.99	1.73	2.24	1.7	2.93	2.67
	2000	2.65	2.39	3.32	3.66	2.93	2.28	1.82	1.74	2.08	1.91	2.45	3.22	4.03
	2001	2.84	3.37	2.89	3.45	2.5	2.44	2.51	2.48	2.47	2.37	2.75	3.33	3.25
	2002	2.13	3.66	3.15	2.88	2.68	2.2	1.54	1.69	1.93	0.75	-1	-1	-1
POWER BY YEAR                                                                   														
	Year	ALL	JAN	FEB	MAR	APR	MAY	JUN	JUL	AUG	SEP	OCT	NOV	DEC
	ALL	23	46	39	34	26	18	10	10	14	17	20	28	37
	1995	22	-1	35	20	23	16	8	9	7	17	20	30	54
	1996	25	52	48	36	33	16	10	15	17	13	23	7	20
	1997	21	43	31	31	15	20	8	5	14	21	24	23	20
	1998	27	56	37	31	31	26	16	10	27	23	17	20	25
	1999	22	62	11	25	29	12	10	13	12	15	14	39	38
	2000	27	26	39	43	28	23	11	8	16	14	18	40	63
	2001	27	42	37	49	25	15	14	14	12	13	25	33	36
	2002	17	46	46	30	27	18	8	8	12	2	-1	-1	-1
NUMBER OF SPEED OBSERVATIONS BY YEAR                                            														
	Year	ALL	JAN	FEB	MAR	APR	MAY	JUN	JUL	AUG	SEP	OCT	NOV	DEC
	ALL	64613	4404	4519	4981	5004	6671	6918	6908	6779	4719	4558	4596	4556
	1995	7112	0	414	677	668	716	690	707	413	696	734	685	712
	1996	8038	720	694	729	698	739	694	516	640	710	549	652	697
	1997	8114	515	692	683	694	721	668	719	737	703	717	652	613
	1998	8053	665	659	706	708	708	696	700	644	678	706	570	613
	1999	6998	579	106	103	76	479	957	918	993	697	648	713	729
	2000	8416	705	674	665	712	632	705	709	735	715	718	713	733
	2001	7058	737	592	704	717	622	510	541	582	497	486	611	459
	2002	10824	483	688	714	731	2054	1998	2098	2035	23	0	0	0
NUMBER OF SPEED OBSERVATIONS BY HOUR                                            														
	Hour	ALL	JAN	FEB	MAR	APR	MAY	JUN	JUL	AUG	SEP	OCT	NOV	DEC
	0	2758	192	188	209	217	286	297	299	289	212	186	195	188
	1	2665	181	195	212	206	273	284	284	270	191	187	189	193
	2	2705	185	181	211	225	286	278	293	276	185	191	203	191
	3	2739	186	192	201	215	278	297	309	294	208	192	181	186
	4	2650	182	186	205	202	273	282	281	276	188	184	200	191
	5	2660	180	194	206	221	261	274	286	287	187	195	183	186
	6	2717	184	188	209	207	285	302	286	285	213	181	193	184
	7	2642	182	195	215	204	269	280	282	273	189	184	182	187
	8	2655	185	196	200	217	262	280	279	281	175	189	193	198
	9	2715	178	191	212	197	278	300	301	286	209	188	189	186
	10	2673	182	186	211	206	281	280	286	269	202	192	184	194
	11	2739	185	189	217	209	281	287	290	290	194	203	206	188
	12	2764	187	195	207	209	292	307	287	299	209	188	194	190
	13	2667	180	184	216	194	271	297	291	276	198	194	192	174
	14	2681	186	183	206	201	269	284	294	276	191	197	190	204
	15	2702	188	187	207	192	286	293	289	279	204	190	193	194
	16	2686	178	181	197	216	277	298	273	294	195	195	188	194
	17	2694	177	191	201	211	278	281	275	296	194	201	200	189
	18	2720	176	185	207	205	290	297	293	300	212	182	181	192
	19	2666	190	184	206	199	278	279	281	274	197	192	193	193
	20	2692	184	187	209	212	282	291	292	275	184	195	192	189
	21	2710	185	186	206	211	285	285	290	298	201	183	185	195
	22	2667	179	189	207	213	276	288	280	269	209	183	193	181
	23	2646	192	186	204	215	274	277	287	267	172	186	197	189

SPEED BY HOUR                                                                   														
	Hour	ALL	JAN	FEB	MAR	APR	MAY	JUN	JUL	AUG	SEP	OCT	NOV	DEC
	0	2.15	3.27	3.09	2.97	2.37	1.73	1.23	1.39	1.62	1.99	2.24	2.49	2.83
	1	2.19	3.03	3.13	2.98	2.51	1.67	1.15	1.44	1.75	2.27	2.05	2.62	2.87
	2	2.19	3.32	3.18	2.97	2.4	1.75	1.1	1.4	1.76	2.04	2.26	2.54	2.82
	3	2.2	3.29	3.1	2.94	2.46	1.78	1.06	1.51	1.77	2.08	2.37	2.7	2.83
	4	2.22	3.13	3.02	2.98	2.5	1.96	1.1	1.49	1.85	2.12	2.19	2.59	2.79
	5	2.24	3.1	3.05	2.95	2.43	2.03	1.21	1.52	1.88	2.12	2.19	2.63	2.8
	6	2.3	3.21	3.2	3.03	2.6	2.03	1.39	1.53	1.88	2.09	2.24	2.68	2.96
	7	2.32	3.13	3.09	2.91	2.58	2.14	1.46	1.68	1.9	2.16	2.14	2.68	2.93
	8	2.36	3.12	3.06	2.99	2.65	2.21	1.59	1.66	1.98	2.2	2.26	2.5	2.9
	9	2.4	3.09	3.04	3.08	2.71	2.37	1.7	1.75	2.07	2.19	2.24	2.56	2.91
	10	2.54	3.1	3.02	3.27	2.99	2.59	1.94	1.79	2.29	2.25	2.37	2.58	2.93
	11	2.63	3.19	3.09	3.29	2.83	2.75	2.19	1.98	2.4	2.44	2.43	2.64	2.91
	12	2.69	3.5	3.07	3.45	3.2	2.7	2.24	2.1	2.42	2.29	2.52	2.6	2.87
	13	2.74	3.27	3.12	3.37	3.24	2.87	2.32	2.15	2.49	2.48	2.47	2.66	3.03
	14	2.76	3.23	3.07	3.5	3.25	2.86	2.34	2.31	2.59	2.58	2.37	2.59	2.91
	15	2.74	3.24	3.18	3.32	3.2	2.97	2.29	2.39	2.48	2.59	2.39	2.55	2.74
	16	2.75	3.28	3.1	3.3	3.23	2.82	2.47	2.4	2.4	2.53	2.41	2.61	2.92
	17	2.65	3.22	3.05	3.2	3.06	2.82	2.32	2.12	2.37	2.41	2.23	2.5	2.97
	18	2.57	3.26	3.08	3.1	2.96	2.61	2.16	2.18	2.36	2.1	2.11	2.62	2.88
	19	2.46	3.39	3.19	2.77	2.69	2.46	2	2.01	2.1	1.87	2.12	2.55	2.96
	20	2.38	3.33	3.14	2.81	2.44	2.27	1.86	1.95	2.03	1.84	2.18	2.48	2.99
	21	2.27	3.31	3.11	2.77	2.3	1.95	1.65	1.76	1.76	1.79	2.18	2.69	2.94
	22	2.2	3.3	3.13	2.84	2.24	1.79	1.45	1.5	1.53	2.02	2.2	2.59	3.03
	23	2.17	3.34	3.24	2.8	2.26	1.67	1.23	1.52	1.58	2.15	2.31	2.37	2.8

POWER BY HOUR                                                                   														
	Hour	ALL	JAN	FEB	MAR	APR	MAY	JUN	JUL	AUG	SEP	OCT	NOV	DEC
	0	20	45	36	30	22	10	4	7	9	17	19	27	36
	1	21	42	38	31	25	11	5	6	11	22	14	27	40
	2	22	54	38	32	21	12	4	6	12	17	33	27	37
	3	20	48	37	33	23	12	4	6	11	16	18	30	34
	4	21	47	37	33	22	14	4	7	11	16	19	27	35
	5	21	44	37	31	20	15	6	7	12	16	19	28	34
	6	22	48	43	35	24	15	7	8	12	14	19	29	38
	7	22	42	38	31	24	18	8	8	14	15	17	28	37
	8	22	47	37	36	26	17	8	8	13	16	18	26	35
	9	22	41	38	36	24	17	8	8	15	16	19	28	37
	10	24	44	37	38	32	20	11	9	16	15	21	29	41
	11	25	43	41	39	29	24	13	11	17	17	22	29	36
	12	27	54	41	43	34	22	14	12	23	16	24	30	38
	13	27	47	42	41	37	26	15	12	20	17	21	30	39
	14	28	47	36	47	35	26	15	14	21	18	21	30	37
	15	26	42	40	38	33	28	15	15	18	20	21	26	34
	16	27	47	36	38	34	25	18	14	19	19	22	30	37
	17	25	44	38	35	31	26	15	12	16	20	19	25	37
	18	24	44	40	32	28	23	15	13	17	14	18	28	37
	19	24	49	42	27	23	21	13	11	14	14	20	29	39
	20	23	49	43	27	23	18	10	10	13	14	18	25	44																									
	21	21	48	36	28	20	13	10	10	10	12	18	30	40																									
	22	21	48	38	30	20	13	8	8	7	17	18	27	39																									
	23	21	50	40	27	19	11	4	9	10	23	20	24	36																									

SPEED BY DIRECTION                                                              																																							
	Month	calm	0	10	20	30	40	50	60	70	80	90	100	110	120	130	140	150	160	170	180	190	200	210	220	230	240	250	260	270	280	290	300	310	320	330	340	350	360
	ALL	0	2.33	2.81	3.49	3.74	3.7	3.76	3.44	2.9	2.62	2.46	2.49	2.62	2.59	2.65	2.89	3	3.14	3.32	3.56	3.84	3.29	2.53	2.36	2.38	2.29	2.22	2.25	2.27	2.04	1.94	1.94	1.94	1.99	1.88	1.98	2.07	2.33
	1	0	1.8	2.7	4.1	4.2	4.1	4.1	3.8	2.8	2.4	2.5	2.6	2.7	2.9	3.1	3.6	4	4.5	4.1	3.9	4.5	3.9	3	2.4	2.9	2.7	2.4	2.3	2.4	1.9	1.9	2	2	2.1	2.2	1.6	2	1.8
	2	0	2	2.6	3.8	4	4	4.1	3.7	2.9	2.6	2.3	2.5	2.9	2.6	2.7	3.4	3.2	4	4.1	3.2	4.4	3.8	3	2.8	1.7	2	2.3	2.2	2.2	2.5	2.1	2.1	2	1.9	2.1	1.8	1.8	2
	3	0	2.4	3	3.7	3.9	3.7	3.9	4	3.5	3.2	2.7	2.7	2.6	3	2.8	2.8	2.8	3.7	3.1	3.6	3.5	3	2.7	2.1	2.3	2	2.3	2.5	2.5	1.9	2.2	2.1	2.2	2	1.9	2.2	2.1	2.4
	4	0	2.6	3.1	3.6	3.6	3.4	3.3	3.3	3	3	2.8	2.7	2.9	2.7	2.9	3.2	3	2.8	3.8	4.2	4.4	3.9	3.2	2.9	2.9	2.4	2.7	2.2	2.5	2.1	2.2	2	1.8	1.9	2.1	2	2.3	2.6
	5	0	2.5	3	3.2	3.1	3	3.2	3.4	2.8	2.6	2.6	2.8	2.8	2.8	2.9	2.8	3	3.3	3.5	3.8	3.8	3.4	2.6	2.5	2.5	2.3	2.4	2.4	2.2	2	1.9	2	2.1	2.2	1.9	2	2.2	2.5
	6	0	2.4	2.8	2.9	2.8	2.6	2.5	2.5	2.7	2.6	2.2	2.2	2.5	2.5	2.5	2.8	2.9	2.7	3	3.4	3.4	3.1	2.3	2.2	2.2	2.3	2.2	2.3	2.2	2	1.8	1.8	1.7	1.9	1.6	1.9	2.1	2.4
	7	0	2.1	2.6	2.5	2.5	2.7	2.4	2.3	2.3	2.2	2.2	1.9	2.3	2.3	2.3	2.4	2.7	2.8	2.8	3.1	3.3	3	2.4	2.2	2.2	2.4	2.2	2.2	2.1	2	1.9	2	1.7	1.8	1.7	1.9	2	2.1
	8	0	2.3	2.7	3	3.3	3	2.7	2.6	2.7	2.6	2.5	2.5	2.6	2.5	2.6	2.7	2.7	2.9	3.3	3.5	4	3.4	2.6	2.4	2.4	2.3	2.2	2.3	2.4	2.2	2.1	2	2.1	1.9	1.7	1.9	1.9	2.3
	9	0	2.2	2.6	3.1	3.2	3	2.9	2.9	2.7	2.7	2.4	2.7	2.6	2.6	2.6	2.8	3	3.2	3.5	3.8	3.9	3.1	2.3	2.6	2.4	2.3	2.1	2.2	2.3	2.2	2	1.9	2.1	2	2	2	1.9	2.2
	10	0	2.3	2.9	3.3	3.5	3.3	3.3	3.3	2.9	2.1	2.1	2.1	2.2	2.1	2.8	3.2	3.8	3.3	3.1	2.9	3.6	3.1	2.1	1.8	2.1	2	2	2.1	2.4	2.1	2	1.9	2	2.1	2.1	2.2	2.2	2.3
	11	0	2.1	2.7	3.6	3.7	3.8	3.8	3.5	2.9	2.3	2.5	2.2	2.4	2.4	2.8	3.1	3.1	3.3	3.7	4.8	4.5	3.3	2.4	-1	2.7	1.8	1.7	1.9	1.8	1.7	1.8	1.9	2	2.1	1.9	1.9	1.9	2.1
	12	0	1.8	2.5	3.8	4.1	4	4.2	3.7	2.8	2.3	2.1	2.5	2.4	2.3	2.2	2.8	4.2	4.3	4.1	3.2	4.6	2.6	2.3	2.1	2.4	2.2	2	2	1.9	1.7	1.7	1.8	1.6	2	1.9	1.7	1.6	1.8
FREQUENCY BY DIRECTION                                                          																																							
	Month	calm	0	10	20	30	40	50	60	70	80	90	100	110	120	130	140	150	160	170	180	190	200	210	220	230	240	250	260	270	280	290	300	310	320	330	340	350	360
	ALL	20.17	2	3.17	6.81	10.26	10.33	8.63	4.17	2.22	1.84	1.51	1.38	1.44	1.36	1.54	1.66	1.67	2.04	2.15	2.32	3	2.78	1.44	1.06	1.02	1.59	2.57	4.88	5.66	2.78	1.88	1.17	0.69	0.54	0.57	0.79	1.09	2
	1	13.5	0.8	2.3	10.7	19.7	19.4	16.5	5.7	1.5	1.1	0.9	0.5	0.7	0.9	0.7	1.4	0.7	1.2	0.7	0.7	1.7	1	0.6	0.4	0.3	0.4	0.9	2	2.3	1.2	1.3	0.6	0.4	0.2	0.1	0.1	0.4	0.8
	2	13.7	0.7	1.2	6.9	14.8	20.7	19.6	6.9	2.9	2.2	1.2	1	1.3	0.9	0.9	0.6	1	1.1	0.9	0.8	1.8	1.7	0.6	0.3	0.2	0.5	0.6	1.7	2.5	1.4	1.1	0.6	0.6	0.3	0.2	0.2	0.2	0.7
	3	11.1	1.2	3.5	10.2	17.6	15.5	12.5	7.2	3.7	2.3	1.9	1.4	1.2	1.4	1.2	1.2	0.7	1.4	0.8	0.7	0.6	0.8	0.4	0.4	0.3	0.6	1.2	2	2.7	1.1	1	1.1	0.7	0.3	0.4	0.6	0.5	1.2
	4	13.5	1.9	4.6	9.2	11.6	7.4	5.9	4.3	3.6	2.7	2.4	1.9	2.6	1.8	2.2	2.7	1.6	1.8	2	1.8	2.8	2.7	1.5	0.7	0.9	0.9	1.4	2.9	4	3.4	2.4	1.1	0.6	0.5	0.6	0.5	1	1.9
	5	19.9	3.2	3.7	5.1	4.3	3.4	3.3	2.9	2.7	3	2.1	2.3	1.8	1.8	2	2.4	2.3	3.3	4.1	5.5	5.1	4	1.8	1.3	1.1	1.5	2.1	3.9	6.3	3.7	2.5	1.8	1.1	0.8	0.9	1.1	1.6	3.2
	6	30.5	3.9	4.6	3.4	3.1	2.3	1.7	2.1	1.5	1.4	1	1.5	1.6	1.6	2	2.3	2.9	3.8	4.2	3.9	3.5	3.4	2.1	1.7	1.5	2.3	3.8	8.1	8.5	4	3.5	1.7	1.2	0.8	1	2	2.3	3.9
	7	25.5	1.9	2.1	2.1	1.5	1.3	1.7	1.3	0.7	0.9	1.7	1.6	1.9	2.1	2.5	2.1	3.1	3.9	3.3	4	5.3	6.6	3	2.4	2.8	4.4	5.9	9.6	9	4.6	2.3	0.9	0.4	0.4	0.6	0.8	1.2	1.9
	8	22.7	2.5	3.7	5.1	4.8	3.4	2.2	1.8	1.4	1.4	1.2	1.3	1.2	1.6	1.6	1.8	1.9	1.9	2.6	2.7	4.4	4.5	2.9	2.1	2.2	3.5	5.7	9.5	10.5	3.6	2.1	1.1	0.5	0.3	0.6	1	1.6	2.5
	9	20.1	2.6	3.2	5	6	5.2	5.7	3.3	2.7	1.9	1.9	1.9	2	1.6	2	1.9	2	2.5	3.4	3.7	4.6	3.8	1.5	1.3	1	1.5	3	5.9	7.5	3.4	1.5	1.5	1	0.9	0.6	1.1	1.4	2.6
	10	22.2	2.9	4.7	10.9	14.2	12.2	8.3	4.6	2.4	1.6	1.3	1	1	0.8	1.2	1.1	1.4	1	1.2	1	2	1.4	0.8	0.6	0.5	0.8	1.4	3.5	5.9	2.4	1.3	1.5	0.7	0.9	1	1.1	1.5	2.9
	11	23.4	0.7	2.1	9	18.4	21.9	16.2	5.6	2.1	1.9	1.6	1.2	1.1	0.6	1	1.2	1	0.6	0.5	0.3	1.4	0.5	0.3	0	0.1	0.2	0.7	1.9	1.8	1.2	1.2	0.9	0.5	0.8	0.5	0.6	0.4	0.7
	12	17.7	0.6	1.9	7.8	16.1	22.4	19	6.9	1.8	1.7	0.6	0.5	0.4	0.3	0.5	0.4	0.3	0.3	0.2	0.5	0.6	0.4	0.4	0.4	0.2	0.6	1.9	4.3	3.5	2	1.4	0.9	0.5	0.3	0.2	0.1	0.3	0.6
FREQUENCY OF SPEED                                                              																																							
	Month	0	1	2	3	4	5	6	7	8	9	10	11	12	13	14	15	16	17	18	19	20	21	22	23	24	25												
	ALL	20.2	14.2	26.7	19.6	12	5.1	1.6	0.4	0.2	0	0	0	0	0	0	0	0	0	0	0	0	0	0	0	0	0												
	1	13.5	7	19.3	22	20.4	11	4.1	1.7	0.8	0.2	0.1	0	0	0	0	0	0	0	0	0	0	0	0	0	0	0												
	2	13.7	7.7	19.8	23.3	20.6	10.3	3.4	0.8	0.3	0.1	0	0	0	0	0	0	0	0	0	0	0	0	0	0	0	0												
	3	11.1	8	22.4	27.3	19.9	8.1	2.7	0.5	0.1	0	0	0	0	0	0	0	0	0	0	0	0	0	0	0	0	0												
	4	13.5	11.9	28.3	24.3	14.3	5.3	1.5	0.4	0.2	0.1	0	0	0	0	0	0	0	0	0	0	0	0	0	0	0	0												
	5	19.9	15.5	29.7	20.7	9.3	3.4	0.9	0.4	0.1	0	0	0	0	0	0	0	0	0	0	0	0	0	0	0	0	0												
	6	30.5	19.7	28.9	14.7	4.7	1.2	0.2	0	0	0	0	0	0	0	0	0	0	0	0	0	0	0	0	0	0	0												
	7	25.5	21.8	32.5	14.5	4.5	0.9	0.1	0.1	0	0	0	0	0	0	0	0	0	0	0	0	0	0	0	0	0	0												
	8	22.7	17.7	32.8	17.3	6.3	1.9	0.9	0.1	0.1	0	0	0	0	0	0	0	0	0	0	0	0	0	0	0	0	0												
	9	20.1	18	31.3	18	8.5	2.8	0.8	0.4	0.1	0.1	0	0	0	0	0	0	0	0	0	0	0	0	0	0	0	0												
	10	22.2	15.2	26.9	19.5	11	3.7	1.2	0.2	0.1	0	0	0	0	0	0	0	0	0	0	0	0	0	0	0	0	0												
	11	23.4	9.4	19.2	20.3	18.1	7.4	1.9	0.3	0	0	0	0	0	0	0	0	0	0	0	0	0	0	0	0	0	0
	12	17.7	10.7	20.4	18.4	16.9	11.1	3.5	0.9	0.4	0.1	0	0	0	0	0	0	0	0	0	0	0	0	0	0	0	0
PERCENT OF POWER BY SPEED                                                       																											
	Month	0	1	2	3	4	5	6	7	8	9	10	11	12	13	14	15	16	17	18	19	20	21	22	23	24	25
	ALL	0	1.3	9.4	20.3	26.8	21.3	11.5	4.8	2.7	1.1	0.2	0.3	0	0	0	0	0	0.2	0	0	0	0	0	0	0	0
	1	0	0.3	3.8	12.3	23.8	23.7	15.1	9.5	6.6	2.7	1.1	1	0	0	0	0	0	0	0	0	0	0	0	0	0	0
	2	0	0.4	4.5	15.3	28.7	26.6	15	5.2	3.3	0.9	0	0	0	0	0	0	0	0	0	0	0	0	0	0	0	0
	3	0	0.5	5.7	20.6	31.1	23.6	13.4	4.1	0.7	0.3	0	0	0	0	0	0	0	0	0	0	0	0	0	0	0	0
	4	0	1	9	22.5	28.3	19.7	9.1	4.5	2.7	2	0.5	0.8	0	0	0	0	0	0	0	0	0	0	0	0	0	0
	5	0	1.8	13.1	26.1	25.2	17.3	8.3	4.9	2.9	0.4	0	0	0	0	0	0	0	0	0	0	0	0	0	0	0	0
	6	0	4.2	23.1	33.9	22.9	11.1	4	0.8	0	0	0	0	0	0	0	0	0	0	0	0	0	0	0	0	0	0
	7	0	4.7	25.9	33.5	22.9	8.6	1.6	1.4	1.5	0	0	0	0	0	0	0	0	0	0	0	0	0	0	0	0	0
	8	0	2.6	18.6	27.2	21.2	13	10.5	2.3	3	1.6	0	0	0	0	0	0	0	0	0	0	0	0	0	0	0	0
	9	0	2.3	14.8	24.3	25.2	15.3	7.4	5.2	1.8	2.7	0	1.1	0	0	0	0	0	0	0	0	0	0	0	0	0	0
	10	0	1.7	11.2	23.7	28.2	17.9	10.2	2.5	1.2	0	0	0	0	0	0	0	0	3.5	0	0	0	0	0	0	0	0
	11	0	0.8	6	18.5	34.7	25.6	11.3	2.9	0.3	0	0	0	0	0	0	0	0	0	0	0	0	0	0	0	0	0
	12	0	0.7	4.8	12.7	24.9	29.9	16.1	6.2	3.8	0.9	0	0	0	0	0	0	0	0	0	0	0	0	0	0	0	0
PREVAILING DIRECTION BY HOUR                                                    																											
	Month	0	1	2	3	4	5	6	7	8	9	10	11	12	13	14	15	16	17	18	19	20	21	22	23		
	ALL	30	40	30	30	30	40	40	30	40	30	40	40	30	40	30	40	40	40	30	40	40	30	30	30		
	1	40	30	30	30	30	40	50	30	40	30	40	40	30	40	30	40	40	40	40	30	30	50	30	40		
	2	40	50	40	50	40	50	40	40	40	50	50	40	50	40	50	40	50	40	40	50	50	40	50	40		
	3	30	30	30	40	30	30	40	30	30	30	40	40	30	30	30	40	50	40	30	50	50	40	30	30		
	4	20	30	30	30	30	30	30	30	30	30	10	30	10	10	10	30	10	70	60	60	60	30	40	30		
	5	270	270	270	270	270	40	30	20	20	180	10	360	180	190	180	180	180	180	10	180	170	270	270	270		
	6	260	270	260	260	260	260	270	270	260	270	260	260	260	260	10	360	270	10	270	170	200	360	270	270		
	7	200	260	260	260	260	260	260	260	260	270	270	240	260	250	190	270	180	270	190	270	280	270	260	270		
	8	270	270	260	260	260	260	260	260	260	270	270	270	270	270	270	270	270	270	10	270	260	260	270	260		
	9	30	20	30	270	270	50	270	50	270	50	30	50	270	270	180	260	270	190	20	40	30	30	30	260		
	10	30	40	30	30	30	40	40	30	40	30	30	20	20	20	30	40	30	20	30	40	30	30	30	30		
	11	40	40	40	40	40	40	40	40	40	40	40	40	40	40	40	40	40	40	30	30	30	30	40	30		
	12	40	40	40	40	50	40	50	40	40	40	40	40	40	30	50	50	40	40	40	40	40	40	40	40		
SPEED FOR PREVAILING DIRECTION BY HOUR                                          																									
	Month	0	1	2	3	4	5	6	7	8	9	10	11	12	13	14	15	16	17	18	19	20	21	22	23
	ALL	3.72	3.61	3.76	3.57	3.69	3.57	3.62	3.68	3.7	3.62	3.77	3.84	3.94	3.88	3.89	3.71	3.73	3.58	3.62	3.82	3.49	3.75	3.7	3.84
	1	4.11	4.11	5.05	4.13	4.23	3.81	4.19	4.12	3.98	3.76	4.01	3.89	3.98	4.12	3.82	3.85	4.09	3.79	3.9	3.94	4.03	4.1	4.17	4.12
	2	3.93	4.29	4.09	4.09	3.95	3.88	4.46	3.97	4.16	4.02	4.04	4.1	4.42	4.1	3.97	4.19	4.03	3.68	3.9	3.85	4.04	3.51	3.68	3.94
	3	3.73	4.01	3.65	3.79	4.06	3.73	3.53	3.9	3.91	3.71	4.01	3.66	4.43	4.21	4.16	3.92	3.83	3	3.49	3.05	3.41	3.52	3.87	3.87
	4	3.8	3.37	3.83	3.67	3.52	3.46	3.73	3.41	3.4	3.4	2.98	3.38	3.19	3.38	3.38	4.16	3.07	3.14	3.63	3.1	3.41	3.94	3.27	3.77
	5	1.9	1.82	2.13	2.17	1.95	2.88	3.09	3.62	3.12	3.73	2.93	2.41	3.56	3.78	3.8	4.01	3.9	3.59	3.28	3.82	3.31	2.18	2.09	1.89
	6	1.99	2.19	1.94	1.99	2.32	2.09	1.91	2.12	2.06	2.03	2.08	2.28	2.42	2.14	2.96	2.62	2.44	2.65	2.43	3.52	2.84	2.64	2.61	2.39
	7	2.98	1.82	2.02	1.88	2.09	2.01	2.01	2.15	2.37	2.25	2.28	2.46	2.39	2.41	3.49	2.38	2.76	2.24	2.87	2.57	2.1	2.15	2.08	1.94
	8	2.08	2.23	1.96	2.09	2.11	2.19	2.25	2.08	2.53	2.33	2.45	2.8	2.58	2.99	2.53	2.78	2.55	2.31	3.12	2.37	2.19	2.1	1.88	1.95
	9	3.21	3.45	2.93	2.15	2.19	2.7	2.06	3.05	2.06	2.82	3.14	2.76	2.77	2.14	3.79	2.62	2.57	3.16	3.15	3.02	3.02	2.94	3.55	2.19
	10	3.08	3.14	3.94	3.24	3.29	3.2	3.4	3.13	3.15	3.56	3.41	3.72	3.59	3.35	3.75	3.3	3.71	3.2	3.38	2.95	3.23	3.58	3.31	3.74
	11	3.72	3.75	3.72	3.81	3.82	3.52	3.72	3.9	3.66	3.9	3.89	3.85	3.89	4.01	3.9	3.56	3.76	3.63	3.72	3.9	3.45	4.08	3.73	3.82
	12	3.98	4.4	4.38	3.94	4.18	4.09	4.64	4.26	4.31	4.08	3.78	4.28	3.74	4.12	4.27	4.17	4.01	4	4.09	3.91	3.77	4.22	3.81	4.27
