ARCTIC VILLAGE      AK - 701945                                                 														
 68 deg    07' N  145 deg    34' W - Elev  636m   LST=GMT+99 hours   *NT=-10    														
 07/95-10/96 04/98-09/02                                                        									Adjusted to Alaska Timezone (GMT-9)					
SPEED BY YEAR                                                                   														
	Year	ALL	JAN	FEB	MAR	APR	MAY	JUN	JUL	AUG	SEP	OCT	NOV	DEC
	ALL	2.25	1.2	1.12	1.86	2.27	2.67	3.13	3.11	2.94	2.42	2.08	1.27	1.59
	1995	2.09	-1	-1	-1	-1	-1	-1	2.64	2.42	2.58	2.02	1.42	1.93
	1996	2.02	0.92	1.42	1.57	2.31	2.51	3.26	-1	-1	-1	2.1	-1	-1
	1998	2.39	-1	-1	-1	2.56	3.25	2.98	2.76	3.38	2.4	1.88	0.95	1.31
	1999	1.96	1.32	0.99	1.88	2.22	2.74	2.67	2.83	2.36	2.33	2.03	1.33	1.4
	2000	1.85	0.37	0.93	2.7	2.23	2.21	2.79	3.22	2.99	2.15	1.65	0.52	1.38
	2001	2.71	1.69	0.75	2.18	2.33	2.92	3.56	3.56	4.14	2.73	3.13	2.84	2.6
	2002	2.63	2.75	1.75	1.38	2.23	2.43	3.23	3.21	2.8	2.17	-1	-1	-1
POWER BY YEAR                                                                   														
	Year	ALL	JAN	FEB	MAR	APR	MAY	JUN	JUL	AUG	SEP	OCT	NOV	DEC
	ALL	26	11	9	17	31	31	42	39	39	22	18	11	14
	1995	19	-1	-1	-1	-1	-1	-1	25	22	23	14	14	20
	1996	24	7	11	17	21	27	57	-1	-1	-1	6	-1	-1
	1998	28	-1	-1	-1	37	43	34	29	56	26	19	5	9
	1999	18	10	8	15	17	30	24	35	21	23	17	15	12
	2000	20	1	6	28	18	27	35	49	47	17	14	2	14
	2001	31	23	10	19	25	28	44	43	70	20	29	30	19
	2002	37	21	10	8	66	31	45	43	35	11	-1	-1	-1
NUMBER OF SPEED OBSERVATIONS BY YEAR                                            														
	Year	ALL	JAN	FEB	MAR	APR	MAY	JUN	JUL	AUG	SEP	OCT	NOV	DEC
	ALL	38539	2522	2287	2847	3055	3868	4186	2687	4906	3245	3143	2962	2831
	1995	3671	0	0	0	0	0	0	116	712	690	729	702	722
	1996	4009	653	575	728	642	730	680	0	0	0	1	0	0
	1998	5032	0	0	0	60	629	523	654	667	688	666	554	591
	1999	6615	486	471	568	434	347	599	364	725	638	550	708	725
	2000	6488	569	564	320	651	210	268	712	523	707	709	659	596
	2001	6062	624	439	660	599	601	442	594	580	499	488	339	197
	2002	6662	190	238	571	669	1351	1674	247	1699	23	0	0	0
NUMBER OF SPEED OBSERVATIONS BY HOUR                                            														
	Hour	ALL	JAN	FEB	MAR	APR	MAY	JUN	JUL	AUG	SEP	OCT	NOV	DEC
	0	1565	97	81	107	126	161	190	114	225	153	112	102	97
	1	1687	119	114	136	137	163	162	93	195	132	147	145	144
	2	1510	98	91	117	126	155	136	109	177	122	136	123	120
	3	1536	95	77	100	129	167	185	102	219	145	117	105	95
	4	1600	126	112	126	126	119	147	96	184	129	150	146	139
	5	1490	89	93	110	123	126	157	106	188	120	133	122	123
	6	1571	92	83	89	121	168	197	127	218	152	120	105	99
	7	1709	124	106	123	141	160	178	125	218	127	150	133	124
	8	1541	104	93	101	129	164	159	117	177	107	135	122	133
	9	1585	86	81	100	128	166	193	134	230	146	124	103	94
	10	1678	124	114	131	124	159	166	105	197	141	153	130	134
	11	1605	105	87	118	124	164	171	126	201	127	142	123	117
	12	1600	92	83	103	132	173	206	122	226	143	113	106	101
	13	1704	127	107	133	123	167	174	118	202	135	141	138	139
	14	1531	101	90	121	125	156	157	115	188	119	125	128	106
	15	1583	86	85	114	121	178	196	112	222	152	113	106	98
	16	1724	126	113	134	131	166	189	105	217	130	134	140	139
	17	1595	100	102	128	116	168	165	107	192	133	132	131	121
	18	1570	85	79	114	128	173	197	112	214	154	117	103	94
	19	1752	134	114	141	134	165	177	112	205	139	142	148	141
	20	1572	98	97	135	123	164	168	110	195	120	123	126	113
	21	1576	89	81	109	126	168	181	116	234	153	112	106	101
	22	1699	126	106	139	132	151	182	103	199	141	139	148	133
	23	1556	99	98	118	130	167	153	101	183	125	133	123	126

SPEED BY HOUR                                                                   														
	Hour	ALL	JAN	FEB	MAR	APR	MAY	JUN	JUL	AUG	SEP	OCT	NOV	DEC
	0	2.11	1.23	1.3	1.87	2.1	2.29	2.7	2.73	2.43	2.08	2.07	1.42	1.88
	1	1.97	1.26	1.12	2	2.16	2.41	2.58	2.53	2.36	1.96	1.97	1.2	1.73
	2	1.95	1.38	1.18	1.98	2.12	2.23	2.42	2.41	2.32	1.9	2.07	1	1.81
	3	1.84	1.39	1.18	1.96	1.9	2.13	2.15	2.1	1.92	2.01	1.86	1.17	1.54
	4	1.72	1.09	0.97	1.97	1.92	1.94	2.12	2.33	1.72	2.1	1.92	1.17	1.46
	5	1.83	1.19	1.12	2.02	1.77	2.07	2.43	2.33	1.95	1.98	1.98	1.13	1.52
	6	1.94	1.29	1.12	2.02	1.87	2.17	2.54	2.6	1.96	2.01	1.78	1.33	1.42
	7	1.87	1.17	1.04	1.8	1.67	2.18	2.49	2.55	2.25	2.1	1.97	1.14	1.4
	8	1.93	1.28	1.19	1.58	1.69	2.26	2.71	2.63	2.32	2.24	1.87	1.16	1.52
	9	2.1	1.07	1.17	1.71	1.91	2.51	2.73	2.7	2.62	2.26	1.79	1.27	1.43
	10	2.07	1.09	0.98	1.58	2.02	2.61	2.79	3.35	2.86	2.38	2.09	1.1	1.38
	11	2.31	1.23	1.23	1.53	2.16	2.81	3.36	3.15	3.22	2.42	1.98	1.23	1.68
	12	2.51	1.29	1.12	1.59	2.38	2.72	3.53	3.52	3.38	2.63	2.24	1.44	1.55
	13	2.48	1.1	1.03	1.55	2.62	2.95	4.06	3.71	3.66	2.88	2.16	1.25	1.41
	14	2.63	1.22	1.02	1.66	2.69	3.3	3.92	3.83	3.91	2.99	2.28	1.23	1.55
	15	2.77	0.9	1.19	1.65	2.77	3.25	3.79	4.05	3.85	3.16	2.26	1.44	1.76
	16	2.65	1.14	0.95	1.76	2.94	3.51	3.76	3.86	3.94	3.22	2.36	1.35	1.54
	17	2.74	1.24	1.04	1.94	3.02	3.14	4.32	4.08	4.08	3.15	2.22	1.34	1.68
	18	2.89	1.16	1.03	2.35	2.9	3.52	3.73	4.06	3.98	2.93	2.41	1.6	1.75
	19	2.54	1.33	1.29	2.13	2.59	3.17	3.87	3.73	3.73	2.52	2.2	1.36	1.56
	20	2.48	1.15	1.16	2.12	2.34	3.1	3.65	3.48	3.49	2.29	2.28	1.33	1.65
	21	2.39	1.2	1.2	2.01	2.28	2.64	3.37	3.39	2.86	2.31	2.23	1.45	1.85
	22	2.1	1.17	1.16	1.9	2.43	2.44	2.88	2.68	2.71	2.18	2.08	1.29	1.6
	23	2.1	1.31	1.13	1.91	2.34	2.23	2.82	2.53	2.74	2.26	2.06	1.27	1.76

POWER BY HOUR                                                                   														
	Hour	ALL	JAN	FEB	MAR	APR	MAY	JUN	JUL	AUG	SEP	OCT	NOV	DEC
	0	18	11	10	15	18	19	25	22	22	15	17	17	17
	1	17	11	8	17	23	20	20	22	25	13	15	8	17
	2	17	14	9	19	25	20	16	20	20	13	20	7	14
	3	15	16	6	16	25	16	18	15	13	14	12	7	15
	4	13	12	6	17	22	16	13	16	10	15	16	6	11
	5	15	15	7	17	13	15	24	21	14	15	17	11	11
	6	16	14	10	19	14	16	28	23	15	13	12	10	11
	7	16	12	7	16	15	20	26	25	21	14	16	8	9
	8	20	11	10	10	16	22	45	26	28	17	16	9	19
	9	24	8	15	21	19	27	33	32	38	20	14	12	12
	10	23	8	6	14	26	33	32	50	38	22	19	9	12
	11	29	15	11	14	29	40	44	49	49	22	20	13	14
	12	32	9	12	15	38	35	50	52	48	30	21	17	11
	13	34	8	11	14	39	49	69	55	59	33	22	12	13
	14	40	9	10	15	46	55	72	61	78	34	24	13	12
	15	44	5	11	16	70	54	64	68	71	38	23	15	19
	16	38	10	6	16	57	59	61	63	67	43	22	14	13
	17	41	13	9	18	59	44	81	67	76	34	19	14	16
	18	40	12	9	21	43	54	62	74	64	27	18	18	17
	19	31	12	7	20	32	43	66	52	55	18	17	15	15
	20	27	13	7	17	29	34	51	44	48	16	18	9	16
	21	23	11	8	15	26	22	37	41	31	17	17	11	18
	22	19	9	8	17	31	19	26	23	26	17	15	10	15
	23	18	10	9	17	29	14	27	23	23	16	17	12	17																									

SPEED BY DIRECTION                                                              																																							
	Month	calm	0	10	20	30	40	50	60	70	80	90	100	110	120	130	140	150	160	170	180	190	200	210	220	230	240	250	260	270	280	290	300	310	320	330	340	350	360
	ALL	0	3.45	3.05	2.96	3.03	2.89	2.72	2.76	2.85	2.96	2.97	2.89	3.22	3.29	3.06	3.32	3.89	3.37	3.13	2.82	2.58	2.84	3.22	3.64	4.09	4.57	4.22	4.16	3.6	3.26	3.36	3.25	3.07	3.03	3.03	3.06	3.12	3.45
	1	0	2	2.2	2.2	2.8	2.5	2.7	2.8	3	3	3.2	2.6	2.4	2.1	2.5	1.7	1.9	1.5	2.8	2.1	2.6	2.7	2.6	2.7	2.2	2.9	3.8	3.4	2.3	-1	1.8	1.8	1.9	1.9	1.7	2.1	1.9	2
	2	0	2.1	2.5	2.6	2.7	2.7	2.4	2.5	2.7	3	2.8	2.5	2.4	2.3	1.8	2.1	3.8	4.1	2.7	1.8	2.1	2.7	3	2.8	3.7	3.5	3	4.2	1.8	1.5	2	1.5	1.8	3.2	2.4	2	1.7	2.1
	3	0	2.4	3	2.6	2.5	2.7	2.6	2.7	3	3	3.1	2.5	2.1	2.2	1.9	2	2.2	2.2	2.8	2.4	2.3	3.5	2	2.3	2.4	3.7	4.8	5.4	4.2	3.9	5.5	4.4	3.2	1.9	3.1	2.2	2.1	2.4
	4	0	3.3	3.1	3.2	3.3	2.8	2.6	2.8	2.8	3	2.8	2.6	3.3	2.8	2.7	3.2	4.2	3	3	2.2	2.3	2.8	3.2	4.1	5.2	8.6	5.7	5.2	4.2	3.2	3.2	2.9	2.6	2.4	2.4	3	3.5	3.3
	5	0	3.7	3.2	3.6	3.5	2.9	2.8	2.7	2.7	2.7	3	3.6	4.5	3.9	3.5	3.4	3.6	3.5	3.1	2.9	3.2	3.4	2.6	3.2	3.8	4.1	4.6	3.7	3.4	3.5	3.8	3.7	3.7	3.6	3.1	3.3	3.5	3.7
	6	0	4.5	3.8	3.3	3.3	3.3	3	2.9	2.9	3	3.3	3.6	3.5	3.2	3.3	3.6	4.1	3.8	3.5	3	2.8	3.2	3.7	4.1	4.4	4.6	4.2	4.2	3.9	3.2	3.5	3.3	3.3	3	4.1	4.4	3.3	4.5
	7	0	3.5	3.2	3.3	3.5	3.3	3	2.8	3.1	2.6	2.6	3.4	3.3	4.4	3.8	3.6	3.7	3.5	3.1	3.2	2.7	2.9	4.1	4.1	4.5	4.6	4.4	4.3	3.4	2.8	2.9	3.4	2.7	3.2	3.2	2.7	2.8	3.5
	8	0	4.1	3.3	3	3.1	3.1	2.9	2.9	2.8	2.7	3.3	3.1	3.6	3.6	3.3	3.8	5.3	3.6	3.4	3	2.3	2.7	3.2	3.9	4.4	4.9	4.2	4.3	3.8	3.6	3.3	2.8	3.1	3.5	2.8	3.1	3.7	4.1
	9	0	2.6	3.1	3.2	2.8	3	2.7	2.8	2.7	2.9	3	2.8	3.2	3.1	2.3	2.4	2.9	2.7	2.6	2.3	2.2	2.3	2.9	3.4	3.6	4.1	3.7	3.6	3.4	2.9	2.9	3.2	2.5	2.1	2.5	2.6	2.9	2.6
	10	0	2.2	2.5	2.9	3.1	2.9	3	2.9	3	3.3	2.9	2.7	2.9	2.8	2.2	2.6	2.6	2.6	2.5	2.1	1.8	1.9	2.1	2.1	2.4	3	3.6	4.6	3.4	2.9	2	1.8	2.1	1.9	2	2.3	2.1	2.2
	11	0	2.5	2.2	2.5	2.6	2.5	2.3	2.6	2.6	2.9	2.9	2.1	2	1.8	1.6	1.8	1.9	2	1.6	1.8	1.7	2.4	2.2	2.4	3.1	4.2	5.2	4.3	3.3	1.8	1.5	1.8	1.8	1.5	2.5	2.2	4.2	2.5
	12	0	2.8	2.8	2.6	2.8	2.7	2.6	2.7	3	2.9	2.7	2.6	2.1	2	1.8	2.3	2.1	2.6	2.9	2.5	2.5	2.3	2.2	2.6	2.9	3.7	4.4	3.8	2.4	3.9	3	3.8	1.6	1.7	2.2	1.7	2.7	2.8
FREQUENCY BY DIRECTION                                                          																																							
	Month	calm	0	10	20	30	40	50	60	70	80	90	100	110	120	130	140	150	160	170	180	190	200	210	220	230	240	250	260	270	280	290	300	310	320	330	340	350	360
	ALL	28.98	2.08	2.84	4.31	6.42	7.82	7.55	7.52	6.96	6.52	4.71	2.86	1.97	1.62	1.25	1.31	1.52	1.47	1.31	0.93	1.13	1.49	2.16	2.35	3.16	3.64	3.07	2.37	1.2	0.82	0.82	0.88	0.87	1.01	1.04	1.45	1.56	2.08
	1	54.7	1.8	3.2	5.6	8.1	9.1	8.8	9.4	8.7	8.9	6.8	5.3	3.1	1.3	0.6	0.4	0.5	0.3	0.2	0.1	0.6	1.2	2.5	2.8	1.8	2	1.4	0.9	0.7	0	0.2	0.2	0.5	0.4	0.5	0.7	1.5	1.8
	2	57.7	1.8	3.8	5.6	8.8	10.1	10.8	9.6	8.6	9.4	6.3	4.3	3	1.2	0.6	0.4	0.2	0.2	0.4	0.6	1.1	0.8	1.8	2.6	1.6	1.2	0.3	0.7	0.2	0.1	0.1	0.2	0.3	0.5	0.6	0.9	1	1.8
	3	33.2	1.2	2.9	5.3	7.9	12.2	11.7	12.8	11.9	10.5	6.7	3.3	0.8	0.9	0.9	0.6	0.3	0.5	0.5	0.4	0.4	0.2	0.4	0.3	0.5	0.6	0.6	0.4	0.5	0.6	0.4	0.4	0.4	0.6	0.6	0.8	1.2	1.2
	4	26.1	1.5	2.7	4.6	7.6	9.2	10.7	11.2	10.8	10.2	6.4	3.7	2.2	1.4	0.7	0.7	1.2	1.5	1.5	0.4	0.8	0.5	1	0.7	1	1.4	1.2	0.6	0.4	0.2	0.4	0.3	0.3	0.5	0.4	1	1.4	1.5
	5	19.4	3.1	2.7	3.6	5.5	6.3	6.3	6.4	5.1	6.5	4.9	3.1	3.1	3.5	1.9	2	3.1	2.4	1.5	1.2	1	1.2	1.2	1.4	1.6	2.4	1.3	1	0.8	0.6	1.5	2.2	2.1	2.4	2.2	2.3	2.5	3.1
	6	12.8	3.3	3	3.5	4.8	4.7	5.3	4.4	3.5	3.1	2.9	2.1	1.8	2.2	1.9	2.5	1.9	2	2	1.5	2.3	2.7	3.8	3.6	4.5	4.4	4.4	3.2	2.1	1.6	1.4	1.1	1.4	1.6	1.3	1.9	2.4	3.3
	7	12.8	2.2	2.7	2	3.7	4	3.2	3.2	2.1	2.5	2.5	1.4	1.7	1.9	2.5	2.6	3	3.8	2.6	2	1.9	2.3	2.9	4.1	5.7	6.6	5.7	5.3	1.9	1.3	1.2	1.6	1.9	1.8	1.8	2.1	2.2	2.2
	8	17.6	1.8	2.4	4.3	4.8	6	4.5	4.2	3.5	3.1	2.1	1.7	1.4	1.3	1.3	1.4	2	1.5	1.8	1.3	1.4	2.5	4.2	4.4	6.5	7.8	6.7	4.8	2.2	1.4	1.1	1.3	0.6	0.9	1	1.5	1.3	1.8
	9	19.4	1.6	3	4.1	5.9	8	7.8	8.3	7.5	6.3	3.9	2.5	1.4	1.2	0.7	1	0.8	1.2	0.7	1	1.3	1.8	2.3	2.3	4.2	4.7	4.6	3.9	1.6	0.9	0.7	0.4	0.4	0.4	0.9	1.5	1.1	1.6
	10	28.9	0.8	2.1	5.2	9.7	11	10.6	11.1	12.4	10.7	7.1	3	1.6	0.7	0.8	0.4	0.7	0.7	0.8	0.4	0.2	0.3	0.7	0.7	1	1	1	1.1	0.3	0.1	0.4	0.3	0.2	0.4	0.5	1.3	0.5	0.8
	11	50.5	3	3.8	6.4	9.9	12.6	11.9	10.4	10.2	7.6	5.1	3.4	2.1	0.5	0.9	0.5	0.3	0.1	0.3	0.1	0.2	0.3	0.7	1	1.5	1.4	0.7	0.4	0.5	0.3	0.1	0.3	0.5	0.2	0.9	0.8	1	3
	12	42.2	2	3.1	4.8	7	9.4	8.6	8.6	9.4	8.6	8.5	4.9	2.9	1.5	0.7	0.4	0.7	0.5	0.9	0.4	0.6	1.2	1.2	1.5	2.1	2.6	1.6	0.8	0.4	0.7	0.4	0.2	0.2	0.9	0.6	0.8	1.5	2
FREQUENCY OF SPEED                                                              																											
	Month	0	1	2	3	4	5	6	7	8	9	10	11	12	13	14	15	16	17	18	19	20	21	22	23	24	25
	ALL	29	13.9	22.6	15.3	9.4	5.2	2.5	1.2	0.5	0.2	0.1	0	0	0	0	0	0	0	0	0	0	0	0	0	0	0
	1	54.7	15.7	15	6.6	4.1	2.1	1.1	0.5	0.1	0.1	0	0	0	0	0	0	0	0	0	0	0	0	0	0	0	0
	2	57.7	11.9	16.4	7.4	3.4	2.2	0.7	0.2	0	0	0	0	0	0	0	0	0	0	0	0	0	0	0	0	0	0
	3	33.2	17.2	24.8	11.9	7.2	3.7	1.3	0.5	0.1	0	0	0	0	0	0	0	0	0	0	0	0	0	0	0	0	0
	4	26.1	15.9	24.5	16	9.4	4.6	1.6	0.6	0.4	0.2	0.1	0.2	0.1	0.1	0	0.1	0	0	0	0	0	0	0	0	0	0
	5	19.4	13	24.6	19.2	11.4	6.3	3.3	1.6	0.7	0.3	0.1	0	0	0	0	0	0	0	0	0	0	0	0	0	0	0
	6	12.8	10.6	24.3	20.9	13.4	9.4	4.3	2.2	1.1	0.6	0.2	0.1	0	0	0	0	0	0	0	0	0	0	0	0	0	0
	7	12.8	10.2	25.7	19.3	14.8	8.5	4.8	2.5	0.8	0.5	0.1	0	0	0	0	0	0	0	0	0	0	0	0	0	0	0
	8	17.6	11.5	22.2	19.3	12.6	8	4.4	2.8	1.1	0.4	0.1	0.1	0	0	0	0	0	0	0	0	0	0	0	0	0	0
	9	19.4	15.8	26.8	20	10.3	4.6	2	0.8	0.2	0	0	0	0	0	0	0	0	0	0	0	0	0	0	0	0	0
	10	28.9	15.2	23.6	16.2	10.4	4.1	1.3	0.3	0.1	0	0	0	0	0	0	0	0	0	0	0	0	0	0	0	0	0
	11	50.5	16.9	18.9	6.9	3.1	1.7	0.9	0.4	0.3	0.2	0	0	0	0	0	0	0	0	0	0	0	0	0	0	0	0
	12	42.2	15.4	21.1	10.5	6.1	2.8	1.2	0.5	0.1	0	0	0	0	0	0	0	0	0	0	0	0	0	0	0	0	0
PERCENT OF POWER BY SPEED                                                       																											
	Month	0	1	2	3	4	5	6	7	8	9	10	11	12	13	14	15	16	17	18	19	20	21	22	23	24	25
	ALL	0	1.1	6.8	13.3	17.6	18.4	14.8	11.2	6.8	4.3	1.7	1.5	0.7	0.4	0.2	0.5	0.3	0	0	0.4	0	0	0	0	0	0
	1	0	3.1	10.2	14.1	19	17	16.9	10.5	2.6	3.9	2.5	0	0	0	0	0	0	0	0	0	0	0	0	0	0	0
	2	0	3	14.5	19.9	20.7	24.6	12.4	4.9	0	0	0	0	0	0	0	0	0	0	0	0	0	0	0	0	0	0
	3	0	2.3	11.9	16.8	22.2	21.3	12.8	7.2	2.3	1	0	2.2	0	0	0	0	0	0	0	0	0	0	0	0	0	0
	4	0	1.1	6.2	12	15.3	14.3	8.3	4.8	4.9	3.2	2.2	5.6	3.5	4.5	2.1	5	2.8	0	0	4.3	0	0	0	0	0	0
	5	0	0.8	6	13.4	17.4	18.1	16.1	12.5	8.2	5.3	2.2	0	0	0	0	0	0	0	0	0	0	0	0	0	0	0
	6	0	0.5	4.4	10.8	14.9	19.8	15.6	12.4	9.5	7	2.5	2.1	0.6	0	0	0	0	0	0	0	0	0	0	0	0	0
	7	0	0.5	4.8	10.5	17.4	18.9	18.6	14.2	6.8	5.7	1.7	0.9	0	0	0	0	0	0	0	0	0	0	0	0	0	0
	8	0	0.6	4.2	10.6	14.6	17.9	16.7	16.5	9.2	5	2.3	1.3	1.1	0	0	0	0	0	0	0	0	0	0	0	0	0
	9	0	1.4	9.3	20.2	22	18.6	14.5	8.1	4.1	0.8	1	0	0	0	0	0	0	0	0	0	0	0	0	0	0	0
	10	0	1.8	10.2	20.7	29.1	20.6	11.7	4	1.9	0	0	0	0	0	0	0	0	0	0	0	0	0	0	0	0	0
	11	0	3.2	12.8	14	13.9	13.7	12.3	9.9	10.7	9.5	0	0	0	0	0	0	0	0	0	0	0	0	0	0	0	0
	12	0	2.4	11.5	17.1	22.1	19.4	13.3	8.2	3.6	0	0	2.5	0	0	0	0	0	0	0	0	0	0	0	0	0	0
PREVAILING DIRECTION BY HOUR                                                    																											
	Month	0	1	2	3	4	5	6	7	8	9	10	11	12	13	14	15	16	17	18	19	20	21	22	23		
	ALL	60	70	60	40	70	50	60	80	40	50	70	40	60	40	50	40	40	50	40	40	40	40	40	60
	1	60	30	30	60	70	40	40	60	80	40	40	30	50	70	70	60	40	50	40	50	60	50	40	40
	2	30	70	80	50	40	30	40	80	70	50	40	30	50	80	60	60	40	60	30	60	50	30	50	50
	3	40	50	60	40	80	60	60	40	30	40	80	50	40	50	70	50	60	60	40	70	80	60	70	70
	4	70	80	80	80	70	70	80	50	60	80	70	60	60	60	40	60	40	50	40	30	50	60	60	70
	5	40	80	60	80	40	70	50	60	60	50	80	60	30	120	140	30	150	120	40	30	10	20	50	60
	6	250	350	70	40	50	50	60	50	60	250	70	150	250	240	230	240	210	230	210	230	200	230	30	60
	7	260	260	260	260	260	60	60	250	250	240	50	230	220	230	250	230	230	240	240	140	160	160	240	260
	8	50	230	40	40	250	50	80	260	250	40	40	230	230	240	220	230	230	230	230	40	250	240	250	250
	9	70	60	70	60	70	60	40	60	40	50	60	40	60	30	40	240	240	20	30	30	30	40	60	50
	10	60	70	70	70	60	60	70	70	80	40	80	50	40	50	60	80	40	50	70	60	30	50	70	50
	11	40	40	70	30	60	50	70	40	50	50	30	40	50	40	70	60	30	40	40	50	50	50	50	30
	12	90	50	40	80	40	30	80	30	40	70	100	60	90	40	50	70	70	90	10	70	70	40	40	60
SPEED FOR PREVAILING DIRECTION BY HOUR                                          																									
	Month	0	1	2	3	4	5	6	7	8	9	10	11	12	13	14	15	16	17	18	19	20	21	22	23
	ALL	2.7	2.72	2.58	2.63	2.83	2.33	2.58	2.9	2.76	2.77	2.82	3.08	2.9	3.26	2.93	3.38	2.92	2.94	3.03	3.14	2.8	2.84	2.75	2.86
	1	2.4	2.79	2.47	3	2.64	2.64	2.1	3.8	2.03	2.2	1.97	2.2	2.13	2.87	3.3	2.36	1.84	3.38	3.2	2.27	2.56	2.66	2.84	2.38
	2	2.11	2.49	3.1	1.6	2.49	2.47	2.69	3.08	2.65	2.93	2.03	2.54	2.28	2.3	3.32	2.83	1.95	2.64	2.98	2.76	2.3	2.13	2.47	2.22
	3	2.59	2.82	3.39	2.36	2.56	2.74	2.89	2.91	2.29	2.15	2.66	2.97	2.92	3.13	2.95	2.48	2.76	2.7	3.04	3.31	3.62	2.5	2.92	3.22
	4	2.94	3.16	3.29	2.9	2.78	2.83	3.38	1.98	2.59	2.81	2.75	2.79	2.85	2.88	2.95	3.1	2.93	2.72	2.69	2.76	3.03	2.84	2.75	2.34
	5	2.51	2.05	2.46	2.53	3.37	2.08	2.23	2.56	3.32	2.93	2.85	3.31	3.97	3.88	4.56	4.58	4.19	4.71	2.68	3.56	3.55	2.66	2.85	2.67
	6	3.92	2.14	2.91	3.52	2.63	2.44	2.57	2.53	3.35	3.68	3.41	3.96	4.52	5.56	5.9	4.61	4.05	4.44	4.32	4.65	3.56	3.56	3.35	3.66
	7	4.61	4.58	4.05	5.03	3.46	2.17	2.46	4.72	4.96	3.66	2.81	4.32	4.11	5.09	6.66	5.31	4.59	5.39	4.98	3.78	3.2	3.27	3.99	4.64
	8	2.29	2.88	3.19	2.57	3.19	2.17	2.21	4.26	4.48	3.32	3.12	3.81	5.26	4.92	5.18	5.74	5.2	4.84	4.19	4.03	4.69	3.78	4.31	4.37
	9	2.7	2.62	2.44	2.61	2.43	2.71	2.44	2.35	2.36	2.66	2.6	3.88	3	3.01	3.19	4.08	4.44	3.22	2.58	2.62	2.58	2.87	2.72	2.65
	10	3.15	2.7	3.15	2.59	3.21	2.91	3.3	3.19	3.35	3.04	3.17	3.22	3.53	2.93	3.21	2.74	2.63	2.63	3.05	3	2.63	3.02	2.89	3.18
	11	2.69	2.55	2.68	2.17	2.17	2.24	3.52	2.33	2.4	1.93	3.59	2.55	2.26	2.1	3.51	2.24	2.45	3.01	3.14	2.74	2.56	2.61	2.29	2.26
	12	3.29	2.87	2.89	3.14	2.51	2.54	2.79	2.3	2.83	2.33	2.22	2.1	2.25	2.3	2.67	3.46	2.43	2.06	1.96	2.53	3.2	3.25	2.52	2.92
