BARTER ISLAND(AWOS) AK - 700865                                                 														
 70 deg    08' N  143 deg    35' W - Elev    2m   LST=GMT+99 hours   *NT=-10    														
 01/74-07/74 05/91-10/96                                                        									Adjusted to Alaska Time Zone (GMT-9)					
SPEED BY YEAR                                                                   														
	Year	ALL	JAN	FEB	MAR	APR	MAY	JUN	JUL	AUG	SEP	OCT	NOV	DEC
	ALL	5.1	5.82	6.18	5	3.78	4.4	3.95	4.32	4.37	5.77	5.91	6.07	6.15
	1974	4.28	4.99	3.57	1.88	2.55	3.96	4.87	3.63	-1	-1	-1	-1	-1
	1991	3.49	-1	-1	-1	-1	4.2	2.98	3.15	2.35	0	-1	-1	-1
	1992	5.22	-1	-1	-1	-1	-1	-1	-1	4.34	5.21	5.96	4.85	5.21
	1993	5.32	6.88	6.5	4.49	3.89	4.87	3.99	4.96	4.02	6.9	4.93	5.39	6.76
	1994	5.25	6.61	9.87	5.09	3.18	4.44	3.64	3.97	4.71	6.31	5.02	8.31	4.34
	1995	5.17	4.59	5.33	5.8	4.24	4.32	3.56	4.52	4.33	5.09	7.04	5.54	7.53
	1996	4.55	5	6.23	4.9	3.73	4.1	4.31	4.16	4.6	4.85	4.94	-1	-1
POWER BY YEAR                                                                   														
	Year	ALL	JAN	FEB	MAR	APR	MAY	JUN	JUL	AUG	SEP	OCT	NOV	DEC
	ALL	277	349	667	284	108	118	87	87	116	305	316	511	459
	1974	137	224	97	39	47	65	144	53	-1	-1	-1	-1	-1
	1991	58	-1	-1	-1	-1	100	26	24	9	0	-1	-1	-1
	1992	262	-1	-1	-1	-1	-1	-1	-1	131	218	401	265	214
	1993	321	501	622	197	119	195	110	135	89	541	170	308	709
	1994	324	419	1855	274	63	105	61	68	169	338	180	1077	184
	1995	252	146	377	409	144	91	54	92	83	207	388	336	668
	1996	224	317	849	282	99	100	113	75	112	161	203	-1	-1
NUMBER OF SPEED OBSERVATIONS BY YEAR                                            														
	Year	ALL	JAN	FEB	MAR	APR	MAY	JUN	JUL	AUG	SEP	OCT	NOV	DEC
	ALL	26779	2116	1981	2292	2439	2480	2377	1920	2378	2569	1877	2329	2021
	1974	838	218	224	23	25	27	260	61	0	0	0	0	0
	1991	90	0	0	0	0	40	36	11	2	1	0	0	0
	1992	2849	0	0	0	0	0	0	0	286	639	666	636	622
	1993	5737	613	610	666	637	486	316	323	628	500	66	486	406
	1994	6425	467	234	379	495	676	656	673	656	655	583	627	324
	1995	7027	431	574	568	650	600	546	621	650	621	517	580	669
	1996	3813	387	339	656	632	651	563	231	156	153	45	0	0
NUMBER OF SPEED OBSERVATIONS BY HOUR                                            														
	Hour	ALL	JAN	FEB	MAR	APR	MAY	JUN	JUL	AUG	SEP	OCT	NOV	DEC
	0	1115	81	72	96	107	104	95	80	105	111	77	103	84
	1	1122	86	77	98	102	109	91	78	103	107	84	97	90
	2	1098	80	76	91	104	110	81	81	102	112	76	98	87
	3	1112	74	74	100	100	106	92	81	99	113	82	100	91
	4	1053	76	70	91	95	104	93	78	93	91	84	103	75
	5	1113	77	74	98	101	108	96	81	103	108	85	100	82
	6	1115	89	80	95	103	104	90	79	101	104	80	101	89
	7	1144	93	96	98	98	100	112	84	94	108	75	99	87
	8	1161	106	93	94	105	99	112	87	93	102	84	104	82
	9	1162	100	93	96	100	103	116	83	99	109	83	94	86
	10	1039	90	87	90	92	91	108	71	88	94	69	81	78
	11	1127	97	94	90	102	106	111	82	89	105	79	92	80
	12	1153	93	95	94	102	104	115	83	98	112	78	96	83
	13	1118	95	84	95	100	106	111	78	96	111	70	94	78
	14	1142	101	94	107	97	105	110	83	96	102	73	92	82
	15	1136	96	90	98	98	100	109	84	102	109	76	89	85
	16	1077	100	93	90	91	94	114	71	89	91	72	92	80
	17	1214	99	96	110	118	130	112	82	98	106	76	97	90
	18	1079	76	74	83	103	98	82	85	106	112	83	94	83
	19	1084	78	73	96	97	100	83	79	102	113	77	105	81
	20	1103	84	78	99	108	96	87	76	105	110	74	102	84
	21	1092	81	71	97	107	102	86	75	103	110	76	96	88
	22	1099	81	75	93	102	100	87	78	104	109	82	101	87
	23	1121	83	72	93	107	101	84	81	110	120	82	99	89

SPEED BY HOUR                                                                   														
	Hour	ALL	JAN	FEB	MAR	APR	MAY	JUN	JUL	AUG	SEP	OCT	NOV	DEC
	0	5.05	6.01	6.81	5.01	3.87	4.2	3.51	3.97	4.04	5.66	6.21	6.17	5.99
	1	5.09	5.63	6.75	5.07	3.65	4.15	3.63	4.01	4.25	5.71	6.16	6.36	6.27
	2	5.12	5.71	6.7	5	3.77	4.02	3.77	4.06	4.53	5.71	6.19	6.29	6.31
	3	5.08	5.61	6.51	5.05	3.89	4.04	3.5	4.07	4.35	5.97	6.1	6.05	6.26
	4	5.03	5.64	6.72	5.13	3.71	4.14	3.63	4.25	4.11	5.48	5.74	6.06	6.59
	5	5	5.32	6.48	4.96	3.38	4.15	3.48	4.36	4.24	6	5.96	6.44	5.86
	6	5.1	5.65	6.43	5.19	3.51	4.02	3.34	4.31	4.38	6.04	6.14	6.46	6.1
	7	4.97	5.18	5.74	5.04	3.63	4.13	3.45	3.97	3.97	6.09	6.07	6.51	6.24
	8	5.05	5.79	5.67	5.13	3.51	4.29	3.65	4.25	4.12	5.84	6.01	6.43	6.28
	9	5.02	5.89	5.64	5.1	3.79	4.3	3.69	3.87	4.4	6.06	5.87	5.94	6.04
	10	5.04	5.36	6.13	4.99	3.7	4.53	3.81	4.15	4.52	5.78	5.83	6.07	6.12
	11	5.2	6.06	6.02	5.27	3.97	4.47	4.14	4.58	4.33	6.07	5.69	6.11	6.03
	12	5.15	5.72	5.74	5.39	3.92	4.64	4.22	4.85	4.18	5.94	5.45	5.88	6.28
	13	5.1	5.58	5.42	5.19	3.91	4.79	4.5	4.5	4.44	6.2	5.49	5.74	5.64
	14	5.22	5.84	5.7	5.34	4.1	4.79	4.46	4.48	4.61	6.11	5.72	5.83	5.92
	15	5.21	5.81	5.9	5.44	3.77	4.88	4.56	4.38	4.55	5.58	6.28	5.43	6.32
	16	5.15	6.09	5.51	5.06	3.87	4.68	4.57	4.23	4.95	5.38	5.68	5.85	5.99
	17	5.03	5.68	5.77	4.23	3.74	4.62	4.53	4.57	4.69	5.35	6.05	5.97	5.97
	18	5.17	5.89	6.2	4.67	3.99	4.7	4.27	4.8	4.79	5.33	5.58	6.12	6.22
	19	5.16	6.44	6.53	4.46	3.7	4.48	4.07	4.86	4.52	5.3	5.73	6.11	6.39
	20	5.13	6.27	6.63	4.73	3.69	4.48	4.23	4.61	4.34	5.7	5.79	5.82	5.91
	21	5.17	6.24	6.98	4.7	4	4.34	3.97	4.35	4.29	5.66	6.07	5.82	6.45
	22	5.2	6.17	6.89	5.08	3.9	4.35	3.73	4.18	4.25	5.85	5.93	6.25	6.32
	23	5.04	6.16	6.62	4.94	3.83	4.38	3.74	4.02	4.06	5.56	5.96	5.74	6.1

POWER BY HOUR                                                                   														
	Hour	ALL	JAN	FEB	MAR	APR	MAY	JUN	JUL	AUG	SEP	OCT	NOV	DEC
	0	259	312	629	317	115	101	73	65	83	285	328	543	382
	1	273	268	747	301	95	105	66	71	102	325	332	522	443
	2	281	283	773	284	100	104	87	84	120	325	331	536	452
	3	274	277	662	308	106	98	64	80	113	364	307	501	484
	4	270	304	670	345	115	103	61	92	88	266	250	537	535
	5	273	244	637	332	89	107	68	90	109	377	316	592	413
	6	287	286	627	340	88	93	85	103	120	323	328	636	464
	7	271	239	439	283	94	112	82	78	92	340	354	678	493
	8	281	378	527	277	93	108	75	91	113	324	339	609	477
	9	266	387	538	307	120	114	64	73	134	349	305	472	378
	10	271	328	648	233	123	124	71	73	139	297	291	546	451
	11	284	390	643	293	125	119	89	87	131	332	252	515	493
	12	282	330	721	293	128	129	101	106	121	308	270	459	479
	13	265	326	534	376	104	158	114	82	105	334	292	433	392
	14	280	386	614	345	133	137	110	85	123	306	285	460	414
	15	283	400	622	313	113	162	108	88	125	277	390	388	499
	16	278	437	633	290	117	142	110	80	150	249	306	421	399
	17	268	410	635	245	96	130	106	97	142	251	344	469	401
	18	278	379	653	269	108	154	100	115	166	240	273	508	509
	19	306	487	971	261	112	106	102	112	127	241	350	469	533
	20	283	405	866	217	98	108	102	103	110	311	346	485	368
	21	292	389	953	173	121	100	86	89	96	312	359	462	574
	22	283	332	823	206	113	104	76	76	100	329	322	530	499
	23	259	334	773	221	103	106	77	66	87	259	319	451	476																									

SPEED BY DIRECTION                                                              																																							
	Month	calm	0	10	20	30	40	50	60	70	80	90	100	110	120	130	140	150	160	170	180	190	200	210	220	230	240	250	260	270	280	290	300	310	320	330	340	350	360
	ALL	0	2.76	3.14	3.87	4.21	5.34	5.03	5.45	4.89	5.68	5.31	6.9	5.14	4.32	3.74	3.2	3.47	3.33	3.25	3.29	3.37	3.56	3.49	4	5.25	6.55	5.77	5.13	6.31	8	7.35	5.48	4.67	3.48	3.34	2.96	2.66	2.76
	1	0	3	2.9	4	3.6	4.1	4.1	4.6	3.4	5.9	6.2	7.8	5.8	5.5	3.3	2.8	3.7	3.1	3.4	3.8	3.9	4	4.1	5.5	7.2	8.1	7.3	5.3	5.7	7.1	8.5	7.8	3.7	3.8	3.6	2.5	3.9	3
	2	0	2.8	1.8	5.1	5.1	7.8	8.9	6.9	3.7	4.6	5.1	4.9	3.3	3.6	3.5	2.9	2.1	2.7	2.7	2.4	4.4	4.1	3.9	4.6	5.2	7.4	6.9	5.1	8	12.3	11.3	9.6	6.7	4.5	3.6	2.7	2.9	2.8
	3	0	2.3	2.9	3.4	3.4	4.5	4.2	5	4.3	4.5	4.6	5.1	4.2	3.5	3.5	2.6	3	2.2	2.4	2.8	2.6	2.8	2.9	3.6	3.9	5.8	5.1	4.2	5.5	8.5	9.7	6.9	4	3	2.2	3.5	2.2	2.3
	4	0	1.7	2.1	3.2	3.8	6.1	4.9	4.1	4.4	5.7	4.9	6.6	4.5	3.4	2.7	2.4	2.9	2.3	2.5	2.6	2.7	2.9	2.6	2.2	3.2	3.6	3	3.4	4	4.9	4.2	3.3	2.6	2.4	3	2	1.9	1.7
	5	0	2.4	2.3	3.1	3.9	4.5	5.7	5.9	4.8	4.7	4.2	5.7	5.5	4.7	3.8	4.3	3.2	2.3	2.6	2.7	2.2	3	3.2	2.7	2.4	3.9	4.4	3.7	4.3	5.9	5.2	4.7	4.5	4.3	2.9	2.4	2.1	2.4
	6	0	2.4	2.7	2.8	3.3	4.4	5	4.9	4.2	4.7	4.2	5.9	4.6	3.6	4.3	3.8	3.6	2.2	2.4	3.7	2.7	3.5	2.3	6.4	4.7	5	4.3	4.3	5	4.9	4.5	4.5	4.2	2.7	2.5	2.4	2.3	2.4
	7	0	2.5	3.6	3.8	3.8	4	3.8	4.8	4.7	4.9	4.9	6.2	4.4	4.3	4.3	3.9	4.3	3.1	5.2	3.1	3.6	3.3	3.2	4.3	4.4	4.6	5.2	5	4.8	4.9	4.4	4.4	3.7	3	3.3	3.4	2.8	2.5
	8	0	3	4	4.2	3.2	4.3	3.6	6.2	5	4.3	4.3	6.3	5.6	4.4	4.3	3.8	3.7	3.8	3.6	3.8	3.1	3.6	3.9	4.7	3.9	4.6	4.9	4.9	5	5	5	5	5.2	4	3.6	3.2	2.7	3
	9	0	3.1	3.8	4.7	5.2	4.9	5.1	6	6	6.9	6.5	7.8	5.4	4.1	3.9	3.3	3.9	4.6	3.2	3.7	3.6	3.4	3.4	4.1	6.2	7.8	5.4	7.2	8.8	7.9	6.1	4.9	5.4	4.2	4.1	3.4	3.2	3.1
	10	0	3.5	3.6	4.4	5.7	7.3	4.4	5.8	6.2	6.8	6.4	8.5	6.6	7.1	3.8	2.7	3.5	3.9	3.7	2.9	2.9	3.7	3.7	4.1	8	7.1	6.2	5	6.2	6.8	7	5.6	5.6	3.8	3.9	3.6	3.2	3.5
	11	0	3.8	3.7	4.3	3.7	4.4	7.9	5.9	5.4	5.5	5.6	8.1	5.2	3.9	3.9	3.2	2.8	3	3.1	3	3	3.4	3	3.4	3.7	6.7	5.6	7.4	8.3	11.9	10.5	7.8	5.2	4	4.8	3.9	3.3	3.8
	12	0	2.8	3.2	4.7	6.3	7.2	4.4	4.5	5.7	8.5	7.2	9.8	5.7	3.4	3.5	2.8	2	2.2	4.3	3	3.3	3.5	3.6	3.8	4.6	6.6	5.8	5.3	7.6	9.7	8.9	7.4	5.2	6.3	3.3	2.9	3.4	2.8
FREQUENCY BY DIRECTION                                                          																																							
	Month	calm	0	10	20	30	40	50	60	70	80	90	100	110	120	130	140	150	160	170	180	190	200	210	220	230	240	250	260	270	280	290	300	310	320	330	340	350	360
	ALL	8.23	0.68	0.96	1.49	2.21	3.23	4.03	4.76	4.53	6.39	8.04	7.94	2.77	1.55	0.87	0.74	0.71	0.54	0.52	0.59	0.8	1.35	1.25	1.52	2.4	5.46	4.45	3.56	4.66	8.07	6.07	2.78	1.46	1.18	0.92	0.74	0.77	0.68
	1	8.5	0.4	0.2	0.7	0.5	0.6	0.8	1.2	1.1	4.3	7.6	8.2	2.9	2	1	1.2	1.5	0.4	0.7	1.2	0.9	1.9	1.5	2	3.9	11.1	11.3	6.4	6.2	7.5	6.8	1.6	0.5	0.6	0.5	0.7	0.2	0.4
	2	10.4	0.1	0.2	1	1.8	2.4	2.4	4.8	3.8	3.4	4.9	3.9	2.4	1.4	1	0.7	0.5	0.2	0.6	0.5	1.6	2.9	2.3	2	3.8	7.7	7.8	6.5	7.2	13.4	5.3	1	0.8	0.4	0.6	0.6	0.3	0.1
	3	8.5	0.6	0.9	0.7	1.2	2.1	2.1	2.7	2.5	4.1	7	8.5	3.1	1.2	0.8	0.6	0.3	0.3	0.2	0.3	0.5	1.2	1.2	2	3.3	10.5	6.9	5.2	5.2	10.7	8.3	2.9	1.3	1	0.1	0.2	0.4	0.6
	4	14.3	0.2	0.8	1.3	2.9	6.1	6.2	4.7	4.6	5	8.8	7.6	3.3	1.1	0.6	0.3	0.4	0.4	0.2	0.4	0.5	0.7	0.6	1.5	2.5	5.2	3.8	4.8	7.8	11.1	3.3	0.8	0.4	0.6	0.5	0.4	0.3	0.2
	5	7.7	1.1	1.4	2.1	3	4.9	7.5	8.6	7.3	8.6	9.7	10.6	3	1.8	0.5	0.4	0.2	0.1	0.2	0.1	0.3	0.3	0.1	0.3	0.5	0.9	1.6	1.5	2.5	5.2	5.9	3.9	1.9	1.1	0.9	0.7	1.1	1.1
	6	7.5	1.7	1.9	2.3	4	4	7.5	6.6	6.5	10.4	8.3	6.8	2	1	0.6	0.5	0.4	0.3	0.6	0.4	0.3	0.5	0.3	0.1	0.5	0.9	1	1.3	1.5	4.9	6.1	5	3	3.3	2.4	1.5	1.8	1.7
	7	4.4	0.8	1.7	2.1	3.1	3.9	6.1	7.5	7.6	10.8	12.2	6.9	1.9	1.1	0.5	0.3	0.6	0.2	0.2	0.3	0.4	0.3	0.4	0.3	0.4	1.4	2.3	1.3	2.8	3.8	5.2	5.2	2.2	2	1.6	1.4	1.3	0.8
	8	7.4	0.9	1.1	1.4	1.8	3.3	4.9	7.2	4.6	4.9	6.6	8.5	3.1	1.3	0.7	1.1	0.9	1.1	0.7	0.8	0.9	1.1	1.3	1.9	2	2.3	3.3	2.6	3.7	6.2	6.6	4	2.9	2	1.7	1.2	1.4	0.9
	9	6.4	0.7	1.1	1.7	2	2.4	1.9	3.2	4.1	4.8	7.7	9.5	2.4	1.5	1.5	0.9	1.6	1	0.8	0.8	1.2	1.5	1.3	1.7	2.3	5.5	2.7	4.4	6.7	8.5	5.3	3	1.6	1.4	1.2	1.1	0.8	0.7
	10	5.5	0.6	0.4	1.6	1.6	3.1	2.8	3.6	5.2	6.9	7.4	8.8	3.9	1.5	0.9	0.9	0.8	0.7	0.6	0.6	0.9	1.1	1.2	2.1	4.8	7.3	5	4.5	5.1	7.8	4.3	1.6	1	0.4	0.3	0.4	0.5	0.6
	11	9.5	0.7	1	1.3	1.5	1.6	2.4	2.8	2.5	2.1	5.9	8.4	3.5	3.5	1.5	1.2	1.1	1.1	0.8	0.9	0.9	2.2	1.9	2.1	3.1	8.2	4.8	2.9	4.5	10.4	9.2	2.6	0.9	0.9	0.5	0.4	0.6	0.7
	12	7.7	0.1	0.6	1.5	2.9	4.2	3	3.5	4.4	11.8	10.5	6.2	1.7	1.2	0.8	0.7	0.2	0.5	0.5	0.9	1.2	2.9	3.4	2.5	2.5	6.1	4.3	2	3.1	7.9	6.2	1	0.6	0.1	0.3	0.3	0.3	0.1
FREQUENCY OF SPEED                                                              																											
	Month	0	1	2	3	4	5	6	7	8	9	10	11	12	13	14	15	16	17	18	19	20	21	22	23	24	25
	ALL	8.2	5.1	13.2	15.1	14.5	11.8	9	6.3	4.3	3.1	2.4	1.8	1.2	0.9	0.7	0.6	0.5	0.2	0.3	0.3	0.2	0.2	0.1	0	0	0
	1	8.5	4.3	9.9	10.9	11	10.1	9.8	10.3	6.7	5.5	3.1	3	1.9	1.6	1	0.7	0.5	0.3	0.1	0.4	0.3	0	0	0	0	0
	2	10.4	5.7	13.2	13.5	10.9	9.4	7.5	5.9	3.1	3.2	2.4	1.1	1	1.1	1.2	1.5	1.7	0.5	1.5	1	0.7	0.7	1.2	0.3	0.6	0.1
	3	8.5	5.1	14.1	16.2	16.2	11.3	7	5.6	3.9	2.5	2.2	1.6	1.1	1	0.8	0.5	0.8	0.2	0.3	0.4	0.2	0.2	0	0.1	0	0
	4	14.3	7.6	16.6	17.6	14.8	10.7	6.7	3.9	2.6	1.5	1.5	1	0.7	0.2	0.2	0.1	0	0	0	0	0	0	0	0	0	0
	5	7.7	6.1	14.8	14	15	14.6	13.3	7.2	3.5	1.9	0.8	0.4	0.3	0.1	0.1	0	0.1	0	0	0	0	0	0	0	0	0
	6	7.5	7	18.5	18.6	17.8	12.5	8	4.1	2.4	1.3	1.1	0.6	0.3	0.1	0.1	0	0	0	0	0	0	0	0	0	0	0
	7	4.4	3.7	13	21.5	20.1	16.5	10.5	6	2	1.4	0.7	0.3	0	0	0	0	0	0	0	0	0	0	0	0	0	0
	8	7.4	4.9	14.6	17.3	17.1	14.8	10.1	5.8	3.6	1.4	1	0.5	0.7	0.3	0.1	0.1	0	0	0	0	0	0	0	0	0	0
	9	6.4	3.9	11	13.1	12.1	10.6	9.8	8.2	7.1	4.9	4	2.5	1.5	1.3	0.9	0.9	0.8	0.4	0.5	0	0	0	0	0	0	0
	10	5.5	4	9.8	11.6	13.1	10.4	10.7	8.7	8.1	5.6	4.7	2.5	1.4	1.1	0.7	0.5	0.5	0.1	0.4	0.4	0.2	0.1	0	0	0	0
	11	9.5	4.9	11.6	13.8	11.6	9.3	6.4	4.7	3.3	3.9	4.2	4	3.3	1.8	2.1	1.2	1.1	0.6	0.6	0.7	0.4	0.5	0.3	0.1	0	0
	12	7.7	3.4	9.9	12.2	14.1	11.1	7.6	5.8	5.1	4.6	3.9	3.7	2.4	2.5	1.7	1.5	1.2	0.1	0.2	0.4	0.1	0.6	0	0	0	0
PERCENT OF POWER BY SPEED                                                       																											
	Month	0	1	2	3	4	5	6	7	8	9	10	11	12	13	14	15	16	17	18	19	20	21	22	23	24	25
	ALL	0	0	0.4	1.3	2.9	4.3	5.5	6.3	6.2	6.3	6.8	6.6	5.9	5.5	5.5	5.5	6.1	2.4	4.4	4.5	3.2	3.7	3.3	1.4	1.7	0.3
	1	0	0	0.2	0.8	1.8	3.1	5	8.7	8.2	9.1	7	8.9	7.3	7.6	6.1	5.4	4.3	3.5	1.7	5.3	4.7	0	1	0	0	0
	2	0	0	0.2	0.5	0.9	1.5	2	2.5	2	2.7	2.9	1.7	2	2.7	4	5.9	8.2	2.7	9.7	7.2	6.1	6.6	13.9	3.8	8.8	1.6
	3	0	0	0.4	1.5	3.3	4.3	4.4	5.8	5.8	5.2	6	6.1	5.3	6.4	6.2	4.9	9.1	2.2	5.2	6.7	3.6	3.8	0	3.7	0	0
	4	0	0.2	1.3	4.1	7.7	10.3	10.6	9.9	10	8.1	10.8	9.7	8.1	3	3.1	3.1	0	0	0	0	0	0	0	0	0	0
	5	0	0.1	1	2.8	7	12.5	19.1	16.5	11.6	9	5.5	3.8	3.1	1.7	2.2	0.9	2.1	1.2	0	0	0	0	0	0	0	0
	6	0	0.2	1.6	5	10.6	13.6	14.4	12.1	10.5	7.9	9	6.8	4.8	1.6	2	0	0	0	0	0	0	0	0	0	0	0
	7	0	0.1	1.2	5.9	11.9	18.1	19.2	17.5	8.5	8.3	5.6	3.6	0	0	0	0	0	0	0	0	0	0	0	0	0	0
	8	0	0.1	1	3.4	7.7	12.5	14.2	12.9	11.8	6.7	6.5	4.5	7.7	3.9	2.3	1.7	0	1.2	0	0	1.8	0	0	0	0	0
	9	0	0	0.3	1	2.1	3.4	5.3	7.1	9	8.8	9.8	8.2	6.2	6.7	5.7	7.5	7.6	3.9	5.9	0.6	0.7	0	0	0	0	0
	10	0	0	0.3	0.9	2.3	3.3	5.8	7.5	10.2	9.8	11.2	8	5.8	5.8	4.5	4.2	5.1	0.6	5.5	5.6	2.8	1	0	0	0	0
	11	0	0	0.2	0.7	1.3	1.9	2.2	2.6	2.6	4.3	6.6	8.2	8.9	6.2	8.5	6.3	6.6	4.2	4.5	6.9	4.3	6.7	3.6	1.9	0.8	0
	12	0	0	0.2	0.7	1.8	2.6	3	3.6	4.6	6	6.8	8.7	7.4	9.6	8.1	8.9	8.6	1.2	1.8	4.1	1.9	8.6	0.8	0.9	0	0
PREVAILING DIRECTION BY HOUR                                                    																											
	Month	0	1	2	3	4	5	6	7	8	9	10	11	12	13	14	15	16	17	18	19	20	21	22	23		
	ALL	100	90	280	280	280	280	280	280	280	280	280	100	280	90	90	100	90	90	90	100	100	100	100	90
	1	240	240	250	250	250	100	250	250	250	90	250	250	250	240	240	240	240	240	250	100	240	100	280	100
	2	280	280	280	280	280	280	280	280	250	280	280	280	240	250	260	250	280	280	280	280	280	280	280	280
	3	100	240	240	280	240	240	280	280	280	240	280	240	280	280	290	280	100	290	90	100	100	100	100	240
	4	280	90	280	280	100	280	260	270	90	260	270	280	280	280	280	90	90	90	90	280	90	280	280	280
	5	100	90	80	90	90	280	100	100	100	100	100	90	100	80	100	50	50	100	60	90	90	90	90	100
	6	90	100	280	280	80	100	90	100	90	60	290	60	70	80	80	80	50	50	90	80	50	60	80	70
	7	80	80	80	80	70	90	100	90	90	90	90	60	80	90	70	90	80	60	60	90	90	80	90	90
	8	90	90	60	100	240	280	60	280	280	70	290	100	60	90	50	50	90	90	100	100	100	100	100	90
	9	100	270	100	270	270	280	90	280	280	280	100	100	280	90	90	100	90	100	90	100	100	90	100	90
	10	100	100	100	280	240	100	280	100	90	100	90	90	280	80	80	240	80	250	250	100	100	80	90	100
	11	280	100	280	280	280	280	100	290	290	100	280	290	290	90	280	240	240	240	280	290	280	240	100	100
	12	90	90	80	80	80	80	80	80	80	90	80	80	80	80	80	80	90	80	90	80	80	90	90	90
SPEED FOR PREVAILING DIRECTION BY HOUR                                          																									
	Month	0	1	2	3	4	5	6	7	8	9	10	11	12	13	14	15	16	17	18	19	20	21	22	23
	ALL	6.65	4.73	7.25	7.6	9.02	8.01	7.97	7.49	8.04	8.44	7	7.42	7.85	5.56	5.45	7.27	5.48	5.39	5.11	7.17	6.79	7.46	7.02	5.14
	1	6.21	6.59	7.04	7.21	5.97	6.91	6.66	7.17	7.1	5.94	7.09	7.05	7.03	7.41	9.22	10.21	8.42	9.25	6.93	8.62	9.17	9.49	6.19	7.87
	2	13.85	9.99	11.51	11.36	12.62	15.76	13	8.88	5.67	10.51	11.96	13.9	8.12	5.2	6.23	5.69	9.57	9.78	12.42	13.98	13.14	12.94	12.35	14.21
	3	4.03	6.41	5.37	6.46	6.5	4.9	8.27	9.36	7.64	4.91	6.64	5.09	8	9.17	10.53	8.62	5.54	7.03	4.19	5.32	5.94	5.57	4.71	7.03
	4	5.33	3.59	4.52	4.8	5.51	5.11	2.91	4.06	5.77	2.88	4.69	4.56	4.59	4.81	5.27	3.72	5.32	5.1	5.07	4.38	3.73	4.2	5.09	5.12
	5	5.39	4.18	4.2	4.81	4.82	4.55	5.11	5.85	6.2	6.17	5.32	4.2	5.61	4.12	6.29	4.62	5.64	5.14	5.95	3.86	4.51	4.15	4	5.41
	6	3.5	4.26	3.61	4.08	3.75	4.89	3.92	5.97	4.71	4.64	5.21	5.28	3.56	4.99	4.99	5.84	5.61	5.31	4.41	4.32	4.69	3.69	4.25	4.12
	7	4.5	5.04	4.82	4.49	3.77	5.91	6.71	5.54	5.05	4.28	5.21	4.45	5.27	4.54	4.93	4.74	4.75	4.95	6.4	4.62	4.17	5.57	4.45	4.62
	8	4.37	3.16	5.67	6.13	3.86	4.72	6.84	5.7	5.21	5.03	5.11	6.64	5.56	5.04	3.51	4.42	4.8	4.45	6.24	6.61	5.8	5.48	6.45	4.49
	9	8.61	10.2	8.37	8.67	8.11	7.77	6.71	8.09	9.4	10.08	7.1	6.88	7.87	6.29	6.75	7.72	6.04	7.77	5.59	6.96	7.59	6.4	7.17	6.17
	10	7.82	8.69	9.82	6.31	8.06	7.77	5.56	8.5	6.31	7.61	7.01	5.91	4.76	7.04	6	7.73	6.58	6.32	6.63	8.24	7.46	5.62	5.22	8.22
	11	12.99	7.77	11.35	11.13	12.76	12.15	6.52	11.01	10.92	7.4	11.49	9.68	8.57	6.17	11.59	5.15	6.45	5.92	11.43	10.89	10.57	5.46	8.08	6.08
	12	7.01	7.21	7.15	7.52	8.05	8.25	9.37	9.1	9.48	7.36	8.66	10.2	7.73	8.03	9.96	8.92	7.44	7.89	6.84	7.73	7.57	6.87	9.09	6.28
