BARTER ISLAND (DEW) AK - 700860                                                 														
 70 deg    08' N  143 deg    38' W - Elev   15m   LST=GMT+99 hours   *NT=-10    														
 01/73-12/81 01/87-12/90 08/92-08/92 11/96-08/02                                									Adjusted to Alaska Time Zone (GMT-9)					
SPEED BY YEAR                                                                   														
	Year	ALL	JAN	FEB	MAR	APR	MAY	JUN	JUL	AUG	SEP	OCT	NOV	DEC
	ALL	5.91	6.81	5.88	5.73	5.17	5.98	5.18	5.27	5.2	5.75	6.99	6.93	6.18
	1973	5.24	6.69	5.48	5.45	3.35	5.33	4.17	4.34	4.74	4.06	5.23	7.63	6.27
	1974	6.45	10.1	5.85	5.44	5.23	4.57	6.45	4.65	5.19	8.61	8.83	6.75	5.7
	1975	6.27	7.82	6.9	6.66	5.1	6.99	5.69	5.04	5.58	5.42	7.7	6.28	6.1
	1976	6.1	6.88	8.35	7.56	4.62	6.28	5.39	5.6	4.96	5.39	6.32	6.87	5.38
	1977	6.1	8.31	6.54	5.89	4.97	5.63	5.37	5.74	5.93	4.77	6.39	6.71	6.76
	1978	5.7	6.5	4.67	5.3	5.76	6.08	4.94	5.65	4.94	5.19	7.45	6.73	5.98
	1979	6.1	5.67	5.82	6.58	6.02	5.7	5.63	4.32	4.67	6.32	8	6.42	7.58
	1980	6.65	8.42	5.48	6.53	7.17	6.67	4.88	6.74	5	6.67	6.36	9.23	7.12
	1981	5.9	4.89	6.85	6.42	3.99	5.24	5.45	5.42	5.62	5.71	7.6	7.65	6.72
	1987	6.15	7.04	5.79	4.74	4.88	6.57	5.97	6.08	6.46	6.2	6.34	8.21	5.48
	1988	6.02	6.87	5.09	5.82	5.29	7.82	5.38	5.58	5.52	5.03	7.59	5.68	6.44
	1989	5.78	5.54	7.66	7.05	6.24	5.58	5.16	4.58	5.03	6.19	7.39	5.99	7.52
	1990	6.46	4.94	8.72	6.49	7.01	6.55	6.06	4.96	6.96	6.82	7.17	6.18	4.6
	1992	1.5	-1	-1	-1	-1	-1	-1	-1	1.5	-1	-1	-1	-1
	1996	5.61	-1	-1	-1	-1	-1	-1	-1	-1	-1	-1	9.03	5.54
	1997	4.61	5.18	4.01	5.07	3.86	3.88	3.45	5.21	5.23	4.92	4.3	4.81	6.6
	1998	4.68	3.71	4.78	3.54	3.08	6.45	4.46	5.34	4.21	4.72	5.48	5.48	5.44
	1999	5.95	4.99	3.7	3.89	4.08	5.32	4.12	4.05	5.18	5.43	6.99	6.44	6.13
	2000	5.38	6.38	4.21	5.06	4.91	3.97	3.65	4.29	5.81	5.19	6.06	6.86	9.45
	2001	4.74	5.25	4.68	3.9	5.45	4.5	4.67	4.66	4.79	4.09	5.37	6.06	4.47
	2002	4.5	4.32	4.61	4.63	6.21	5	3.75	3.9	4.14	-1	-1	-1	-1
POWER BY YEAR                                                                   														
	Year	ALL	JAN	FEB	MAR	APR	MAY	JUN	JUL	AUG	SEP	OCT	NOV	DEC
	ALL	327	565	409	314	206	267	155	161	170	263	518	538	406
	1973	237	440	285	203	50	225	70	89	113	74	237	713	343
	1974	438	1593	267	177	176	134	255	97	155	802	925	427	270
	1975	390	628	696	563	182	374	190	125	224	219	674	413	396
	1976	380	517	1203	692	118	277	171	164	128	181	340	544	336
	1977	334	811	453	248	197	186	190	180	237	130	395	344	569
	1978	303	639	202	236	264	300	140	195	133	215	572	602	389
	1979	371	312	284	506	258	259	196	97	108	312	796	411	819
	1980	414	908	223	379	425	307	121	251	183	336	419	1002	544
	1981	293	205	544	396	81	203	149	170	201	214	544	614	357
	1987	321	567	406	154	127	275	215	242	274	265	335	767	232
	1988	289	402	255	276	205	496	149	196	169	138	544	291	330
	1989	283	353	622	589	312	203	174	102	117	271	408	476	606
	1990	382	158	774	371	575	288	293	140	380	362	612	335	70
	1992	2	-1	-1	-1	-1	-1	-1	-1	2	-1	-1	-1	-1
	1996	345	-1	-1	-1	-1	-1	-1	-1	-1	-1	-1	743	337
	1997	168	200	106	245	126	80	64	122	178	197	145	228	406
	1998	158	76	210	97	54	351	96	178	79	118	265	269	212
	1999	421	213	109	99	85	177	85	72	189	319	557	541	520
	2000	263	852	131	139	215	106	77	96	306	180	310	480	934
	2001	168	257	134	91	327	114	90	99	113	78	194	418	151
	2002	179	150	281	159	435	180	59	109	129	-1	-1	-1	-1
NUMBER OF SPEED OBSERVATIONS BY YEAR                                            														
	Year	ALL	JAN	FEB	MAR	APR	MAY	JUN	JUL	AUG	SEP	OCT	NOV	DEC
	ALL	101523	8215	7752	8650	8164	8596	9044	8946	8978	7909	8471	7866	8932
	1973	7020	506	538	594	557	496	541	638	627	605	627	620	671
	1974	7591	609	592	655	622	660	615	622	621	678	634	625	658
	1975	7463	613	565	591	515	512	629	640	680	667	697	668	686
	1976	7896	694	605	616	682	700	658	670	692	611	672	607	689
	1977	6984	656	606	666	636	546	565	639	592	525	442	454	657
	1978	6756	566	411	652	659	639	606	635	695	640	448	366	439
	1979	7488	498	641	724	680	605	552	674	559	619	676	618	642
	1980	7896	651	593	666	658	689	686	707	705	689	650	553	649
	1981	7341	645	548	538	527	704	695	690	692	704	548	539	511
	1987	8368	699	635	707	687	699	685	713	710	686	719	700	728
	1988	8535	728	674	729	711	728	702	714	706	691	719	697	736
	1989	1902	196	78	90	89	374	556	92	89	89	83	78	88
	1990	822	86	46	83	72	79	66	68	59	76	102	84	1
	1992	1	0	0	0	0	0	0	0	1	0	0	0	0
	1996	136	0	0	0	0	0	0	0	0	0	0	3	133
	1997	1385	173	126	128	102	122	132	39	121	153	103	137	49
	1998	3760	201	439	611	138	373	601	671	330	100	103	80	113
	1999	4137	126	101	99	245	130	82	112	215	195	1087	876	869
	2000	667	5	45	54	54	66	51	49	70	100	58	75	40
	2001	1448	51	57	37	102	71	103	100	84	81	103	86	573
	2002	3927	512	452	410	428	403	519	473	730	0	0	0	0
NUMBER OF SPEED OBSERVATIONS BY HOUR                                            														
	Hour	ALL	JAN	FEB	MAR	APR	MAY	JUN	JUL	AUG	SEP	OCT	NOV	DEC
	0	4038	313	286	325	320	356	372	383	370	329	336	313	335
	1	4174	319	328	360	341	329	375	357	374	320	370	325	376
	2	4191	316	322	351	345	371	360	371	359	316	367	338	375
	3	4606	384	357	390	373	397	403	395	395	339	394	372	407
	4	4163	329	330	356	324	351	359	346	378	307	367	330	386
	5	4196	354	334	352	338	336	358	369	385	319	351	326	374
	6	4188	340	324	353	327	335	363	365	378	322	368	339	374
	7	4182	344	334	345	341	329	366	353	377	322	367	324	380
	8	4269	350	344	365	339	343	375	358	374	338	371	329	383
	9	5110	443	402	453	418	419	418	444	441	406	414	413	439
	10	4181	339	323	340	333	336	351	363	372	315	369	351	389
	11	4193	336	325	349	323	334	370	370	363	326	372	342	383
	12	4277	347	334	356	344	363	376	379	371	315	373	349	370
	13	4194	342	323	359	333	335	373	358	364	325	362	339	381
	14	4153	328	318	363	326	345	357	350	352	329	363	344	378
	15	5057	430	398	445	430	431	427	429	434	389	417	401	426
	16	4173	345	306	354	316	352	375	344	367	323	357	348	386
	17	4069	315	306	352	331	358	370	363	351	322	337	309	355
	18	3979	327	296	333	330	349	364	361	350	312	316	281	360
	19	3805	298	274	339	303	354	361	355	348	299	289	263	322
	20	3832	305	280	335	315	336	373	352	341	317	295	260	323
	21	4797	399	348	428	397	447	437	451	431	403	353	326	377
	22	3866	314	287	335	309	343	378	366	361	304	275	270	324
	23	3830	298	273	312	308	347	383	364	342	312	288	274	329

SPEED BY HOUR                                                                   														
	Hour	ALL	JAN	FEB	MAR	APR	MAY	JUN	JUL	AUG	SEP	OCT	NOV	DEC
	0	5.79	6.92	5.88	5.53	4.93	5.9	4.88	4.98	5.04	5.58	7.2	6.83	6.19
	1	5.81	6.83	5.95	5.85	4.98	5.81	4.77	4.92	4.87	5.42	7.29	6.89	6.32
	2	5.74	6.75	5.7	5.61	4.93	5.77	4.71	4.9	4.88	5.62	7.1	6.95	6.03
	3	5.85	7.01	6.24	5.78	5.06	5.72	4.68	4.95	4.89	5.64	7.19	6.84	6.28
	4	5.78	6.93	6.12	5.59	4.95	5.73	4.61	5.05	5.04	5.52	6.82	7.08	6.03
	5	5.71	6.74	5.95	5.5	4.74	5.77	4.65	4.99	5.05	5.64	6.77	6.98	5.9
	6	5.73	6.65	5.99	5.42	4.88	5.86	4.83	5.13	5	5.52	6.63	7.03	5.95
	7	5.72	6.67	5.85	5.35	4.8	5.79	4.9	5.22	5.13	5.53	6.64	6.89	5.92
	8	5.8	7.01	5.63	5.4	4.93	5.69	4.96	5.27	5.21	5.53	7.03	6.83	6.12
	9	5.93	6.56	5.97	5.72	5.26	5.97	5.3	5.31	5.38	5.66	6.94	6.97	6.18
	10	5.96	6.59	5.88	5.8	5.19	6.06	5.29	5.38	5.24	5.79	6.92	7.02	6.26
	11	6.03	6.61	5.87	5.94	5.45	6.35	5.39	5.42	5.27	5.83	6.88	6.99	6.33
	12	6.1	6.69	5.9	6.01	5.53	6.31	5.43	5.59	5.42	6.23	6.99	6.82	6.33
	13	6.08	6.74	5.58	5.93	5.44	6.33	5.51	5.64	5.47	6.14	6.9	7.08	6.26
	14	6.07	6.65	5.59	5.91	5.56	6.25	5.65	5.6	5.49	5.88	6.84	7.11	6.26
	15	6.16	6.79	5.92	6.11	5.73	6.22	5.67	5.46	5.51	6.11	7.04	7.12	6.36
	16	6.06	6.77	5.56	5.94	5.4	6.21	5.62	5.63	5.4	5.86	7	7.09	6.17
	17	6.01	6.65	5.67	5.81	5.22	6.2	5.55	5.53	5.3	5.91	7.19	6.99	6.29
	18	5.97	6.94	5.91	5.84	5.25	6.02	5.45	5.53	5.32	5.71	7.11	6.72	6.12
	19	5.92	7.01	5.81	5.62	5.21	6.03	5.48	5.43	5.26	5.74	7.06	6.66	6.12
	20	5.89	7	5.9	5.73	5.16	5.89	5.31	5.32	5.08	5.8	6.93	6.81	6.23
	21	5.9	6.91	6.23	5.76	5.24	5.85	5.31	5.11	5.25	5.74	7.08	6.71	6.19
	22	5.89	7.16	5.93	5.61	5.13	5.86	5.22	5.08	5.21	5.82	7.19	6.88	6.2
	23	5.85	6.86	6.05	5.75	5.04	5.89	5.07	5.08	5.11	5.76	7.23	6.82	6.19

POWER BY HOUR                                                                   														
	Hour	ALL	JAN	FEB	MAR	APR	MAY	JUN	JUL	AUG	SEP	OCT	NOV	DEC
	0	315	601	432	288	163	258	130	137	155	250	569	505	401
	1	324	601	408	331	166	244	131	131	138	248	590	559	378
	2	312	591	380	296	165	245	129	134	137	289	548	530	352
	3	325	591	496	297	186	238	129	136	148	264	541	504	398
	4	314	564	451	297	172	241	118	143	164	250	477	538	379
	5	304	529	409	267	165	245	123	137	160	251	471	560	366
	6	309	549	384	299	182	261	136	152	158	229	440	558	375
	7	311	553	389	267	192	249	142	158	180	248	478	522	371
	8	317	612	332	250	191	242	143	160	178	228	541	554	391
	9	332	526	395	309	255	267	179	163	180	252	500	545	427
	10	331	515	382	346	236	270	161	171	175	269	500	566	374
	11	344	502	406	362	273	306	171	172	171	268	485	550	469
	12	342	497	397	354	253	306	173	189	185	298	526	506	435
	13	342	535	354	337	237	312	178	187	188	299	503	537	445																									
	14	339	496	364	348	246	291	190	188	199	265	489	551	434																									
	15	357	565	397	386	281	295	187	175	196	306	499	584	432																									
	16	341	534	412	326	220	280	183	191	188	257	519	575	407																									
	17	330	500	359	328	198	288	173	178	178	271	561	529	450																									
	18	334	620	439	328	197	273	160	179	174	255	539	510	410																									
	19	321	601	431	300	197	267	163	171	177	260	529	512	382																									
	20	319	630	472	286	184	247	155	162	159	258	485	524	410																									
	21	329	607	474	319	197	254	158	147	174	260	527	533	442																									
	22	329	678	420	286	182	261	152	148	159	274	561	516	467																									
	23	320	605	462	305	174	262	141	147	163	267	576	517	380																									

SPEED BY DIRECTION                                                              																																							
	Month	calm	0	10	20	30	40	50	60	70	80	90	100	110	120	130	140	150	160	170	180	190	200	210	220	230	240	250	260	270	280	290	300	310	320	330	340	350	360
	ALL	0	2.9	2.98	3.22	3.33	3.55	4.01	4.83	5.87	7.05	7.37	7.25	6.34	5.07	4.08	3.7	3.51	3.36	3.49	3.63	3.7	3.59	3.74	3.85	4.19	4.6	5.02	6	7.78	7.82	7.08	5.81	4.63	3.59	3.19	2.92	2.98	2.9
	1	0	2.5	2.3	3	2.4	3.6	3.6	4.3	5.4	7.4	8.6	7.2	7.1	5.3	4.2	3.1	3.6	3.6	3.6	3.4	3.5	3.5	4.1	4	4	4.8	4.8	6.1	9.4	9.5	9.5	8.5	6.6	3.4	3.4	2.7	2.7	2.5
	2	0	2.5	2.9	3.1	3	3.6	3.5	4.2	5.7	7.2	6.6	6	5.2	4.7	3.9	3.3	3.7	2.7	3.2	3.3	3.9	3.7	3.9	4	4.8	4.8	4.7	5.7	8.1	9	8	5.9	4.8	3.7	2.8	2.9	3.1	2.5
	3	0	2.4	2	2.3	2.6	3	4.3	4.7	6.2	7.3	7.1	6	5	4.4	3.9	3.3	3.9	2.3	3.1	4	3.4	4	3.9	4	4.2	4.6	4.7	5.7	7.2	7.2	7.4	6.2	3.4	3.5	2.9	2.6	2.3	2.4
	4	0	2.3	2.1	2.3	2.5	2.9	3	4.2	5.7	7	5.8	5.2	4.9	3.9	3.3	3.2	2.7	2.4	2.9	3.3	3.3	3.6	3.3	3.6	3.7	4.2	4.3	5.1	6.3	6.7	6.8	5	3.6	2.8	2.1	2.5	2.2	2.3
	5	0	2.4	2.7	2.7	2.7	3.2	3.8	5	6	7.2	7.9	7.6	6.6	5.1	4.2	3	2.9	2.3	2.2	2.8	3	2.4	3.7	3	3.5	3.8	4.3	5.1	5.8	6	5.1	4.4	3.7	3.3	2.9	2.8	2.9	2.4
	6	0	2.6	2.5	2.8	2.9	3	3.8	4.4	5.3	6	6.4	6.7	6.4	6	4.8	4	3.4	3.3	4.1	3.7	3.5	3.5	3.5	3	3.7	4.6	4.7	5.2	5.8	5.6	5.1	4.4	3.9	3	2.5	2.6	2.6	2.6
	7	0	2.8	2.9	2.8	3.1	3.5	3.7	4.6	5.6	6.4	6.3	7.2	6.6	5.2	4.5	3.5	3.4	3.5	3.7	3.7	3.5	3.4	3.6	3.9	3.7	4.4	5.2	5.8	6	5.8	5	4.9	4.6	3.6	3	2.7	2.8	2.8
	8	0	2.7	2.7	3.1	3.1	3.3	3.9	4.8	5.5	6.1	6.2	6.1	5.4	4.6	4.3	3.9	3.6	4.2	3.6	3.6	4.1	3.9	3.6	4.2	4.6	4.6	6	6.9	6.4	6.4	5.9	5.6	5.2	4	3.6	2.8	3	2.7
	9	0	3.4	3.6	3.9	4.5	4.5	4.6	5.6	5.9	6.9	7.9	7.7	6.2	5	4.1	3.8	3.4	3.9	3.3	3.7	3.7	3.8	3.7	3.9	4.4	5	5.5	5.8	6.5	6.6	6.3	5.4	4.3	3.7	3.7	3.5	3.5	3.4
	10	0	3.8	4.3	4.6	4.5	5	5.1	6.2	8.1	9.4	9.4	10	8.1	5.3	3.8	4.8	3.9	3.4	3.7	3.8	3.6	3.6	3.8	3.9	4.1	4.5	5.1	7.4	9.6	9.1	7.7	6.2	4.6	3.8	4	4.1	4.1	3.8
	11	0	3.4	3.2	3.7	4.6	3.5	4.4	5.4	6.6	9.6	9.5	8.9	8.1	6.1	4.5	3.6	3.4	3.6	4	3.8	4.3	3.7	3.9	3.9	4.3	4.9	6.6	7.3	8.6	8.2	7.4	6	5.9	5.1	4.2	2.9	2.9	3.4
	12	0	2.6	3.1	3.2	2.9	4.8	4.9	4.6	5.6	6.6	7.2	6.2	5	4.6	3.5	3.5	3.5	3.3	3.4	3.6	3.8	3.2	3.4	3.7	4	4.4	4.6	5.7	8.3	9.1	8.9	8.7	6.1	3.5	2.6	2.2	2.2	2.6
FREQUENCY BY DIRECTION                                                          																																							
	Month	calm	0	10	20	30	40	50	60	70	80	90	100	110	120	130	140	150	160	170	180	190	200	210	220	230	240	250	260	270	280	290	300	310	320	330	340	350	360
	ALL	2.83	0.67	0.6	0.72	0.81	1.16	1.8	3.5	6.51	10.5	11.85	8.32	4.41	2.51	1.14	0.71	0.6	0.52	0.53	0.86	0.74	0.89	0.96	1.24	1.7	3.06	3.6	4.63	7.46	6.49	4.66	2.69	1.5	0.93	0.6	0.63	0.52	0.67
	1	3.2	0.3	0.1	0.2	0.2	0.5	0.6	1.6	3.2	7.6	11.5	8.4	4.6	3.1	1.3	0.7	1	0.5	0.8	0.9	0.7	1	1	1.2	1.9	4.4	5.2	6.6	12.4	8.8	5.5	2.1	0.7	0.3	0.4	0.2	0.2	0.3
	2	5.1	0.4	0.3	0.3	0.3	0.6	0.7	2.1	2.9	7.3	10.4	6.8	3.3	2.7	1.1	0.5	0.5	0.5	0.6	1	0.7	1	1.2	1.5	2.7	5.4	5.7	8.4	13.3	9.8	4.6	1.5	0.7	0.6	0.2	0.3	0.2	0.4
	3	3.8	0.3	0.2	0.3	0.3	0.8	1.2	2.6	5.7	11.6	12.3	6.2	3.7	1.9	0.7	0.6	0.4	0.3	0.3	1	0.8	0.8	0.9	1.6	2.6	5	5.4	7.8	11.1	6.7	3.8	1.7	0.4	0.4	0.4	0.3	0.2	0.3
	4	3.5	0.5	0.4	0.5	0.5	0.8	1.5	3.6	9.1	15.2	12.6	6.7	3.8	1.7	0.8	0.5	0.4	0.4	0.4	0.8	0.8	0.7	0.9	0.9	1.6	3.7	4.8	5.6	8.5	5.4	3.4	1.3	1	0.4	0.2	0.3	0.3	0.5
	5	1.9	0.5	0.6	0.7	1	1.1	2.2	5.5	9.5	14.1	18.4	12.2	6	2.5	1	0.4	0.3	0.3	0.3	0.3	0.2	0.4	0.3	0.6	0.5	1.3	1.6	2.3	3.3	3	2.5	2.2	1.6	0.9	0.6	0.8	0.5	0.5
	6	1.7	0.9	1	1	1.3	2.4	3.3	5.9	12.2	15.7	14.7	9.3	3.8	1.7	0.7	0.3	0.3	0.3	0.2	0.4	0.2	0.2	0.2	0.2	0.2	0.6	0.8	1.2	2.8	4	3.9	3.2	2.3	1.8	1.2	1	0.9	0.9
	7	1.4	1.2	1.2	1.3	1.5	2.2	3.1	5.3	10.7	14.3	12	7.6	3.8	1.8	0.7	0.6	0.5	0.4	0.3	0.4	0.3	0.4	0.4	0.4	0.5	0.8	1.1	2.3	3.3	4.5	4.6	4.3	2.8	2	1.2	1.3	1.1	1.2
	8	2.1	1.2	1	1.2	1.4	1.6	3.2	4.4	6.8	9	9.4	7.8	4.3	2.7	1.3	0.9	0.5	0.6	0.6	0.7	0.7	1	0.6	1.2	1	1.4	1.9	2.9	4.5	6.1	6.7	5.4	3.3	1.9	1.1	1.1	0.8	1.2
	9	2.3	1.2	0.8	1.4	1.3	1.6	2.5	4.4	4.9	9	11.1	9.4	5.3	2.7	1.4	1	0.6	1.1	0.6	1.2	1.2	0.9	1.3	1	1.6	2.3	2.8	3.7	4.6	5.3	4.6	3.5	2	1.1	0.8	1.1	0.8	1.2
	10	1.8	0.8	0.8	0.9	0.8	0.9	1.6	2.9	5.3	6.9	9	10	5	2.9	1.5	1.3	1	0.8	1	1.6	1.4	1.7	2	2.4	2.8	3.5	4.5	4	7.4	6.3	3.6	2	1	0.6	0.6	0.5	0.6	0.8
	11	3	0.4	0.4	0.4	0.7	0.8	0.8	1.9	3.7	7.6	11.5	9.5	5.4	3.6	1.8	1.1	1.1	0.8	1	1.3	1.2	1.6	1.6	1.9	2.5	4.5	4.9	5.7	8.7	6.1	4	1.7	0.8	0.3	0.4	0.3	0.3	0.4
	12	4.6	0.1	0.3	0.4	0.3	0.3	0.5	1.2	2.7	6.5	9.1	6	4	3	1.3	0.7	0.7	0.3	0.4	0.8	0.8	1.3	1.5	2.1	2.8	4.6	5.3	6.1	11.1	12.2	8.6	2.9	1	0.4	0.1	0.2	0.1	0.1
FREQUENCY OF SPEED                                                              																																							
	Month	0	1	2	3	4	5	6	7	8	9	10	11	12	13	14	15	16	17	18	19	20	21	22	23	24	25												
	ALL	2.8	3.7	10.4	13.5	14.3	13.5	10.9	8.2	5.8	4.5	3.6	2.4	1.9	1.1	0.9	0.7	0.5	0.2	0.3	0.2	0.1	0.1	0.1	0.1	0	0												
	1	3.2	3.9	9.3	10.2	12.1	12.5	10.3	7.6	5.5	4.9	4.3	3.6	3.2	2	1.8	1.1	1.1	0.5	0.9	0.6	0.5	0.2	0.2	0.2	0.2	0.1												
	2	5.1	4.3	9.6	12.4	13.9	14.1	12.1	7.6	4.3	3.7	3.3	1.9	1.7	0.9	0.9	0.9	0.6	0.3	0.7	0.5	0.5	0.3	0.2	0.2	0	0.1												
	3	3.8	4.1	9.9	12.8	14.1	14.8	11.3	8.3	6.3	4.1	3.4	2.2	1.5	0.9	0.7	0.6	0.3	0.2	0.3	0.1	0.2	0	0	0.1	0	0.1												
	4	3.5	4.9	12.2	15.2	16.7	13.8	10.6	7	5	3.7	2.8	1.7	1.1	0.7	0.5	0.3	0.1	0.1	0.1	0	0	0	0	0	0	0
	5	1.9	3.9	10	12.8	11.8	11.7	11.9	10.1	9	6.4	4.1	2.5	1.7	1	0.6	0.3	0.2	0.1	0	0	0	0	0	0	0	0
	6	1.7	2.9	11.6	15.5	17.5	15.8	12.8	9.3	5.6	3.5	2.1	1	0.5	0.2	0.1	0	0	0	0	0	0	0	0	0	0	0
	7	1.4	2.6	11.5	16.6	15.6	14.9	13	9.7	6.2	4.2	2.4	1.1	0.4	0.2	0.1	0.1	0	0	0	0	0	0	0	0	0	0
	8	2.1	3.7	12.3	16.2	16	14.6	11.3	9.1	5.7	3.5	2.1	1.3	0.9	0.5	0.2	0.1	0.1	0	0	0	0	0	0	0	0	0
	9	2.3	3.9	11.1	14.3	14.5	12.7	10.8	7.5	5.8	5.5	4.5	2.5	1.8	0.9	0.5	0.5	0.4	0.1	0.1	0.1	0.1	0	0	0	0	0
	10	1.8	2.4	9.2	11.8	13.3	11.7	8.3	7.2	5.8	5.3	4.8	4	3.9	2.7	2.2	2.2	1.3	0.5	0.8	0.4	0.2	0.2	0.1	0	0	0
	11	3	3.7	8.2	11.1	12.4	12.2	9.1	6.6	5.2	5.2	5.4	4.2	3.5	2.4	2.1	1.9	1.5	0.8	0.7	0.3	0.2	0.1	0.1	0.1	0.1	0
	12	4.6	4.2	9.5	12.2	13.7	12.8	9.5	7.9	5.3	4.5	4.1	3.2	2.5	1.5	1	0.9	0.6	0.3	0.4	0.3	0.2	0.1	0.1	0.1	0	0.1
PERCENT OF POWER BY SPEED                                                       																											
	Month	0	1	2	3	4	5	6	7	8	9	10	11	12	13	14	15	16	17	18	19	20	21	22	23	24	25
	ALL	0	0	0.3	1	2.4	4.2	5.8	7	7.3	7.8	8.4	7.7	7.7	5.9	5.6	5.7	4.7	2.5	4.2	2.8	2.6	1.6	1.2	1.4	1	1.2
	1	0	0	0.1	0.5	1.2	2.4	3.3	3.9	4.1	5.1	6.1	6.8	8.1	6.4	6.8	5.2	6.3	3.5	6.7	5.2	4.9	2.6	2.5	2.5	3.3	2.5
	2	0	0	0.2	0.8	2	3.7	5.4	5.5	4.5	5.5	6.6	5.1	5.6	3.8	4.5	5.5	4.6	2.5	6.8	5.8	7.4	4.9	2.9	3.4	1	1.9
	3	0	0	0.3	1.1	2.6	5.1	6.6	7.8	8.6	7.7	8.7	7.4	6.6	5	4.8	4.9	3.1	2	4.4	1.7	3.3	1	0.6	3.2	1.5	2.1
	4	0	0.1	0.5	1.9	4.6	7.1	9.2	9.7	10.2	10.4	10.7	8.8	7.2	5.5	5.2	3.6	1.1	1.3	2.2	0.8	0	0	0	0	0	0
	5	0	0	0.3	1.2	2.4	4.4	7.7	10.4	13.6	13.4	11.4	9.4	8.3	6	4.6	2.8	2.1	1.3	0.7	0	0	0	0	0	0	0
	6	0	0	0.6	2.4	6	9.9	13.7	15.9	14.1	12.1	9.6	6.4	4.5	2.5	1	0.7	0	0	0	0	0	0	0	0.5	0	0
	7	0	0	0.6	2.5	5	9	13.2	16	14.8	13.9	10.6	6.6	3.2	2	0.8	1.6	0	0	0	0.3	0	0	0	0	0	0
	8	0	0	0.6	2.3	4.9	8.2	10.9	14.1	13	10.9	8.9	7.5	6.6	4.5	2.1	1.7	2.1	0.6	0.7	0.3	0	0	0	0	0	0
	9	0	0	0.3	1.3	2.9	4.7	6.9	7.7	8.7	11.3	12.4	9.6	8.8	5.4	4.1	5	4.2	1.6	1.5	0.9	1.9	0.3	0	0	0	0.5
	10	0	0	0.2	0.6	1.4	2.3	2.7	3.9	4.5	5.7	7	8	10	8.6	8.7	10.3	7.4	3.2	6.1	4.2	1.8	2.3	1	0.2	0	0
	11	0	0	0.1	0.5	1.3	2.3	3	3.5	4.1	5.5	7.8	8.3	8.9	7.5	8.3	8.9	8.4	5.3	5.5	3.1	2.2	0.9	1.2	1.2	1.4	0.8
	12	0	0	0.2	0.8	2	3.3	4.2	5.6	5.5	6.5	8.1	8.5	8.7	6.5	5.5	6	4.7	2.4	4.4	3.3	2.4	2.1	2.4	2.7	0.9	3.5
PREVAILING DIRECTION BY HOUR                                                    																											
	Month	0	1	2	3	4	5	6	7	8	9	10	11	12	13	14	15	16	17	18	19	20	21	22	23		
	ALL	80	90	90	90	90	90	90	90	90	90	90	90	90	90	90	90	90	90	90	80	80	90	90	90		
	1	90	270	90	90	270	270	90	270	270	270	270	270	270	270	270	270	90	270	270	270	90	270	90	90		
	2	270	270	270	270	270	90	270	270	270	270	270	270	270	270	270	270	270	270	90	270	270	270	90	270		
	3	80	80	90	80	90	80	90	90	90	90	270	90	90	90	80	90	90	90	80	270	90	90	80	90		
	4	80	80	80	70	80	80	80	80	90	80	80	80	80	90	90	80	80	80	80	80	80	80	80	80		
	5	90	90	90	90	90	90	90	90	90	90	90	90	90	90	90	90	90	90	90	90	90	90	90	90		
	6	80	90	80	80	70	90	90	90	100	90	70	80	70	80	70	80	90	80	80	80	80	80	80	80
	7	80	80	80	80	90	80	90	90	70	90	80	70	80	70	80	80	80	80	80	80	80	80	80	80
	8	80	70	80	90	100	90	100	280	290	280	90	80	90	90	90	90	90	80	80	90	90	90	90	80
	9	90	80	90	90	90	90	90	90	100	90	90	90	280	90	80	100	90	100	100	90	100	90	90	90
	10	100	100	100	80	90	90	90	90	100	90	90	100	90	100	90	100	100	100	90	90	100	100	100	100
	11	100	90	90	90	90	90	90	90	90	90	90	90	90	90	100	270	100	90	90	80	80	90	90	90
	12	270	280	280	280	280	280	280	90	280	90	270	280	270	270	270	270	270	280	270	280	280	270	280	280
SPEED FOR PREVAILING DIRECTION BY HOUR                                          																									
	Month	0	1	2	3	4	5	6	7	8	9	10	11	12	13	14	15	16	17	18	19	20	21	22	23
	ALL	6.92	7.26	7.33	7.35	7.48	7.25	7.3	7.43	7.35	7.27	7.6	7.58	7.5	7.65	7.48	7.63	7.43	7.6	7.35	7.03	7.02	7.24	7.12	7.27
	1	7.98	9.11	7.78	7.98	11.05	10.54	9.53	9.06	9.74	9.14	7.89	9.19	9.21	7.97	8.66	8.1	8.72	9.89	9.65	10.68	8.96	9.03	8.24	8.2
	2	8.52	7.47	7.54	8.36	8.19	6.52	7.81	7.71	7.45	7.55	7.32	7.69	7.63	7.62	7.45	7.77	7.63	7.43	6.06	10.42	8.74	8.67	6.31	10.15
	3	6.87	7.49	7.52	7.41	7.16	6.99	6.79	6.21	6.63	6.58	6.79	7.14	7.34	7.12	7.43	8.11	7.56	7.87	7.6	6.85	6.33	6.59	6.78	6.7
	4	6.22	6.61	6.21	5.04	6.54	6.32	6.84	6.52	5.7	6.99	6.8	7.94	7.6	6.62	5.94	7.81	7.78	7.26	6.58	6.93	6.95	6.84	6.37	6.39
	5	7.74	8.14	7.82	7.92	7.48	8.01	7.95	8.62	7.58	7.44	7.81	8.09	7.74	8.14	8.26	8.49	8.08	8.1	8.07	7.56	7.31	7.55	7.97	7.87
	6	5.37	5.92	5.27	5.24	4.7	5.41	6.14	6.14	6.81	6.4	5.45	6.17	5.42	6.76	5.74	6.39	6.85	6.4	6.29	6.2	6.27	6.35	6.17	5.46
	7	6.06	6.36	5.67	6.05	5.89	5.83	5.74	5.87	5.09	6.66	6.09	5.7	6.45	5.74	7.02	6.71	6.69	6.69	6.56	6.65	6.4	6.32	6.46	6.29
	8	5.88	5.03	5.21	6.38	5.53	5.61	5.37	6.74	5.6	5.93	5.94	6.44	6.33	6.62	6.56	6.29	6.37	6.12	6.17	6.34	6.11	6.23	5.46	5.75
	9	7.36	6.74	8.77	8.59	8.95	8.17	8.13	8.93	7.58	8.16	9.12	8.37	6.28	7.85	6.54	7.45	6.71	7.41	6.73	7.89	7.88	7.77	7.55	7.41
	10	10.37	9.88	10.43	9.52	8.44	9.33	8.85	9.66	9.92	9.57	9.82	9.63	9.73	9.29	8.86	10.06	8.63	10.39	8.95	8.46	10.28	9.65	9.62	9.19
	11	9.76	10.46	10.14	9.99	10.21	10.04	9.64	8.82	9.61	8.65	9.56	9.85	8.96	9.25	9.55	8.44	8.97	10.32	9.69	9.82	10.18	8.66	9.84	9.88
	12	7.74	7.95	8.85	10.19	9.68	8.54	8.04	6.61	10.11	7.67	8.54	9.16	8.49	7.85	8.9	8.56	9.03	8.18	7.77	8.78	9.24	7.93	9.71	9.29
