BETHEL AIRPORT      AK - 702190                                                 														
 60 deg    47' N  161 deg    48' W - Elev   46m   LST=GMT+99 hours   *NT=-11    														
 01/73-09/02                                                                    							Adjusted to Alaska Timezone (GMT-9)							
SPEED BY YEAR                                                                   														
	Year	ALL	JAN	FEB	MAR	APR	MAY	JUN	JUL	AUG	SEP	OCT	NOV	DEC
	ALL	5.53	6.52	6.43	6.15	5.58	5.01	4.77	4.58	4.85	5.1	5.43	5.86	6.13
	1973	5.3	5.17	6.49	4.83	5.19	5.29	5.31	4.62	4.75	4.94	5.39	5.55	6.17
	1974	5.35	5.76	5.7	6.3	4.93	4.94	4.9	5.5	4.49	4.03	5.3	6.16	6.22
	1975	5.21	5.47	6.31	5.28	5.99	4.64	5.41	4.69	4.06	5.07	5.47	4.99	5.23
	1976	5.01	6.63	6.24	5.5	4.79	4.54	4.72	3.89	3.61	4.18	4.69	4.65	6.46
	1977	5.77	7.61	6.79	6.84	5.41	4.27	4.15	4.63	4.63	6.73	5.49	6.76	5.99
	1978	6.16	5.66	7.14	6.12	5.62	4.75	6.69	5.6	5.21	6.05	6.83	7.33	7.02
	1979	6.48	7.07	8.59	7.82	7.33	5.05	6.23	5.13	5.34	6.04	5.24	6.89	7.24
	1980	6.26	6.66	7.71	7.69	6.18	6.21	5.66	5.53	4.63	5.06	5.25	6.15	8.42
	1981	5.5	6.02	6.32	6.3	5.99	4.79	4.97	5.19	4.35	4.62	5.33	6.18	6.01
	1982	5.96	7.12	6.21	7.02	6.25	5.35	5.44	5.45	4.87	5.5	5.77	5.96	6.58
	1983	5.49	7.39	7.23	6.48	5.67	4.61	4.32	4.31	4.36	5.2	5.69	5.02	5.65
	1984	5.12	6.07	6.53	5.71	5.12	4.01	3.49	4.07	4.34	3.78	5.15	5.47	7.73
	1985	5.36	6.46	6.95	6.23	4.88	5.18	4.64	4.07	4.92	5.51	5.72	4.98	4.87
	1986	5.7	6.38	5.71	6.87	5.25	5.42	4.32	4.67	4.88	5.52	5.52	7.22	6.63
	1987	5.52	6.85	7.56	6.65	5.89	5.05	5.02	4.47	4.73	5.36	5.05	5.03	4.8
	1988	6.07	7.38	8.03	7.26	6.02	5.06	4.93	5.04	5.25	5.04	5.97	6.13	6.79
	1989	5.91	6.3	7.56	5.68	6.54	6.32	4.87	4.96	4.86	5.32	6.15	5.9	6.54
	1990	5.67	6.9	6.2	5.71	5.18	4.82	4.56	4.34	5.35	6	5.55	6.19	7.35
	1991	5.9	8.15	6.64	6.42	4.98	5.33	5.25	5.01	4.03	5.23	6.03	7.58	6.36
	1992	5.41	6.3	5.68	5.6	5	5.85	4.66	3.43	4.78	5.43	6.57	6.09	5.59
	1993	5.78	8.12	6.21	5.91	4.8	4.81	4.74	4.69	5.74	6.28	5.25	6.73	6.13
	1994	5.93	7.01	7.76	6.69	5.44	4.56	4.85	4.75	6.73	5.05	5.79	6.63	6.13
	1995	5.11	5.18	6.19	6.25	5.32	4.68	3.93	4.11	4.36	4.61	5.11	5.56	6.19
	1996	5.51	5.85	6.07	6.04	5.34	4.63	4.89	5.18	5.87	5.04	5.77	6.24	5.13
	1997	5.26	6.38	5.56	6.42	5.11	5.61	4.31	3.91	5.39	4.72	5.62	5.11	5
	1998	5.09	6.56	6.19	4.99	6.14	5.54	4.88	3.36	5.46	4.59	4.79	3.68	4.66
	1999	4.82	6.59	4.3	5.69	5.39	4.63	3.85	4.56	4.12	4.6	4.19	4.68	5.3
	2000	5.04	6.76	4.54	5.26	4.86	4.21	3.96	4.18	5.22	4.62	4.38	5.99	6.5
	2001	5.11	5.18	5.46	6.19	5.88	5.18	4.72	4.71	4.51	4.2	4.95	5.19	5.03
	2002	5.22	6.61	5.91	5.19	6.55	4.87	4.11	3.86	4.3	4.17	-1	-1	-1
POWER BY YEAR                                                                   														
	Year	ALL	JAN	FEB	MAR	APR	MAY	JUN	JUL	AUG	SEP	OCT	NOV	DEC
	ALL	206	338	322	271	195	133	116	104	132	147	183	246	288
	1973	169	201	284	132	131	144	134	106	121	135	175	196	268
	1974	186	227	213	263	131	131	108	194	116	74	147	371	270
	1975	173	218	265	194	266	109	183	106	74	140	182	137	207
	1976	162	347	267	231	115	97	104	64	49	69	108	113	332
	1977	243	464	402	381	222	79	70	91	100	315	190	369	258
	1978	272	182	352	255	192	108	361	187	206	225	365	409	426
	1979	342	386	804	546	463	129	246	155	155	202	134	412	506
	1980	281	327	473	449	217	253	210	166	111	143	147	255	614
	1981	185	232	307	246	210	118	117	149	81	96	145	260	273
	1982	235	374	244	355	269	151	171	167	124	196	213	261	300
	1983	197	459	446	257	201	92	82	78	89	160	203	128	177
	1984	171	264	313	181	124	70	42	67	95	55	130	207	506
	1985	170	285	358	265	129	180	95	63	110	146	177	127	119
	1986	206	296	188	335	148	154	78	104	119	171	175	383	316
	1987	202	425	460	296	190	124	135	86	91	145	151	160	177
	1988	265	407	521	557	202	127	106	107	149	128	271	231	374
	1989	243	342	477	215	315	243	112	118	109	137	245	292	332
	1990	219	398	289	209	146	104	87	76	176	244	176	262	484
	1991	244	588	321	346	130	163	141	108	57	150	215	419	322
	1992	194	284	237	228	115	210	99	47	116	153	315	274	254
	1993	223	577	273	211	113	97	97	97	204	281	149	318	259
	1994	252	408	571	334	153	94	111	119	330	137	206	358	246
	1995	163	239	235	297	174	104	53	68	81	105	163	192	255
	1996	183	213	246	263	165	98	103	150	200	130	208	253	156
	1997	165	300	164	239	142	207	71	54	185	118	211	163	127
	1998	164	300	243	122	253	173	127	37	206	124	125	89	162
	1999	159	461	98	210	202	103	54	114	101	109	94	152	235
	2000	167	408	160	171	112	67	65	92	169	127	165	226	253
	2001	166	200	236	255	284	134	86	108	109	94	151	149	173
	2002	178	311	279	154	308	126	70	60	80	51	-1	-1	-1
NUMBER OF SPEED OBSERVATIONS BY YEAR                                            														
	Year	ALL	JAN	FEB	MAR	APR	MAY	JUN	JUL	AUG	SEP	OCT	NOV	DEC
	ALL	249495	21352	19614	21369	20972	21316	20059	21564	21582	20241	20809	20100	20517
	1973	7299	573	549	607	573	487	568	664	656	643	648	641	690
	1974	7760	669	602	651	620	675	643	649	666	668	642	638	637
	1975	7626	612	578	665	631	664	618	597	629	634	647	663	688
	1976	7017	644	646	628	680	668	106	630	592	604	650	584	585
	1977	7141	656	491	550	531	505	622	643	659	565	661	630	628
	1978	7808	637	586	684	625	666	611	661	651	667	676	673	671
	1979	8282	704	657	710	678	711	661	692	709	683	707	670	700
	1980	8207	692	665	709	676	660	666	707	695	686	706	645	700
	1981	8459	719	651	725	701	719	707	692	705	705	724	699	712
	1982	8402	716	617	723	690	726	692	721	715	706	712	678	706
	1983	8420	732	659	720	703	719	685	709	718	678	710	681	706
	1984	8555	727	664	721	707	723	706	737	723	700	721	702	724
	1985	8503	716	650	731	702	717	680	728	720	706	723	701	729
	1986	8491	723	655	727	704	720	701	726	727	680	725	704	699
	1987	8363	705	640	713	690	711	677	719	703	678	722	689	716
	1988	8503	718	675	714	702	723	698	720	707	701	717	699	729
	1989	8513	707	659	725	690	730	700	725	724	708	725	692	728
	1990	8441	724	659	697	700	722	712	713	726	707	730	674	677
	1991	8438	679	614	681	656	743	715	731	726	714	733	713	733
	1992	8554	737	680	727	707	729	703	732	733	698	725	675	708
	1993	8548	726	661	727	713	729	707	728	728	701	706	708	714
	1994	8426	713	608	727	698	734	681	721	724	698	729	681	712
	1995	8092	715	644	596	675	710	696	698	623	665	707	660	703
	1996	8482	715	669	719	698	727	671	684	744	679	719	725	732
	1997	8612	729	688	713	708	712	689	727	743	720	707	742	734
	1998	8307	682	686	730	754	754	699	740	760	751	630	632	489
	1999	9082	672	559	733	744	749	715	777	763	771	881	870	848
	2000	10251	810	806	880	831	861	809	869	922	892	877	827	867
	2001	10231	902	843	867	903	808	814	905	873	811	849	804	852
	2002	6682	898	853	869	882	814	707	819	818	22	0	0	0
NUMBER OF SPEED OBSERVATIONS BY HOUR                                            														
	Hour	ALL	JAN	FEB	MAR	APR	MAY	JUN	JUL	AUG	SEP	OCT	NOV	DEC
	0	9891	834	778	831	807	858	807	877	886	827	837	785	764
	1	10355	883	814	889	868	876	830	899	904	836	888	830	838
	2	9835	841	785	844	810	851	797	849	839	787	820	803	809
	3	11907	1029	932	1028	1013	1021	975	1032	1051	948	973	938	967
	4	10264	891	807	867	858	879	819	885	890	831	863	822	852
	5	10271	879	804	870	869	880	836	898	878	836	851	829	841
	6	10331	875	808	877	863	890	821	897	894	850	863	839	854
	7	10307	874	812	883	860	885	826	897	893	832	863	820	862
	8	9978	837	777	842	833	849	805	855	872	824	838	803	843
	9	11673	1021	923	1022	995	988	933	1020	1021	940	954	926	930
	10	10267	875	801	875	869	870	823	892	892	824	865	826	855
	11	10236	862	816	888	862	860	814	899	886	838	845	822	844
	12	10277	867	812	884	870	881	819	887	889	830	857	837	844
	13	10328	878	812	880	875	868	815	892	889	841	866	844	868
	14	9862	855	794	851	835	829	793	831	829	803	829	801	812
	15	11570	1013	920	1014	987	990	924	982	1002	925	948	931	934
	16	10099	876	794	863	856	867	813	853	845	813	849	829	841
	17	10121	871	805	866	857	863	796	855	863	838	854	822	831
	18	10131	855	778	874	851	861	815	883	877	832	834	827	844
	19	10150	867	793	871	848	881	817	855	874	817	857	818	852
	20	9858	845	773	837	819	832	790	857	853	805	829	800	818
	21	11611	1009	910	1010	996	997	944	1012	1009	908	953	919	944
	22	10103	869	789	860	834	870	823	875	873	829	831	807	843
	23	10070	846	777	843	837	870	824	882	873	827	842	822	827

SPEED BY HOUR                                                                   														
	Hour	ALL	JAN	FEB	MAR	APR	MAY	JUN	JUL	AUG	SEP	OCT	NOV	DEC
	0	5.23	6.45	6.32	5.87	5.28	4.47	4.33	4.16	4.38	4.68	5.15	5.84	6.09
	1	5.21	6.5	6.43	5.88	5.24	4.4	4.18	4.07	4.41	4.56	5.06	5.85	6.08
	2	5.22	6.48	6.29	5.92	5.09	4.4	4.15	4.09	4.4	4.66	5.15	5.93	6.16
	3	5.11	6.35	6.21	5.79	5.05	4.27	4.04	3.99	4.29	4.5	5.15	5.74	6.1
	4	5.14	6.45	6.32	5.8	5.07	4.27	4.05	3.97	4.24	4.59	5.11	5.74	6.14
	5	5.12	6.53	6.23	5.91	4.98	4.2	3.94	3.89	4.24	4.52	5.13	5.79	6.21
	6	5.14	6.48	6.33	5.86	4.99	4.28	4.05	3.9	4.26	4.55	5.19	5.74	6.21
	7	5.16	6.57	6.27	5.84	4.99	4.36	4.23	4	4.24	4.49	5.11	5.78	6.1
	8	5.33	6.54	6.59	5.89	5.16	4.69	4.59	4.26	4.51	4.57	5.21	5.81	6.2
	9	5.36	6.46	6.18	5.92	5.37	4.91	4.73	4.51	4.76	4.73	5.05	5.67	6.08
	10	5.55	6.5	6.3	6.06	5.51	5.16	4.85	4.72	5.11	5.16	5.37	5.72	6.16
	11	5.72	6.45	6.38	6.26	5.82	5.36	5.06	4.92	5.29	5.53	5.68	5.78	6.14
	12	5.87	6.58	6.48	6.53	6.02	5.58	5.12	4.93	5.46	5.77	6.02	5.93	6.11
	13	5.98	6.61	6.76	6.63	6.13	5.58	5.23	5	5.56	5.93	6.21	5.96	6.22
	14	6.08	6.64	6.85	6.74	6.25	5.67	5.38	5.13	5.63	6.01	6.28	6.09	6.27
	15	6.07	6.53	6.66	6.74	6.4	5.85	5.46	5.27	5.52	5.97	6.23	6.05	6.11
	16	6.09	6.67	6.77	6.82	6.39	5.84	5.53	5.19	5.61	6.01	6.17	5.97	6.12
	17	6.01	6.56	6.69	6.6	6.37	5.82	5.55	5.29	5.57	5.87	5.82	5.89	6.06
	18	5.91	6.59	6.51	6.44	6.14	5.76	5.52	5.3	5.53	5.79	5.5	5.91	5.99
	19	5.78	6.55	6.47	6.23	5.96	5.68	5.47	5.23	5.27	5.32	5.28	5.89	6.06
	20	5.66	6.61	6.5	6.09	5.69	5.46	5.32	5.09	4.95	4.87	5.15	6.04	6.14
	21	5.4	6.47	6.23	5.97	5.4	5.02	4.94	4.67	4.48	4.71	5.08	5.85	6.05
	22	5.35	6.58	6.38	6.01	5.35	4.64	4.55	4.3	4.45	4.79	5.13	5.88	6.21
	23	5.27	6.47	6.33	5.94	5.22	4.56	4.37	4.23	4.46	4.8	5.15	5.81	6.04

POWER BY HOUR                                                                   														
	Hour	ALL	JAN	FEB	MAR	APR	MAY	JUN	JUL	AUG	SEP	OCT	NOV	DEC
	0	180	312	300	227	174	93	100	81	103	116	165	248	276
	1	182	321	315	227	176	93	79	78	105	106	153	256	284
	2	179	317	292	240	158	96	75	74	104	109	156	250	287
	3	174	317	284	228	157	89	73	73	103	110	161	223	281
	4	177	321	307	233	157	87	76	68	96	110	152	236	285
	5	179	335	296	250	151	85	71	66	97	108	161	236	308
	6	179	327	313	236	148	90	75	72	100	119	159	228	291
	7	177	340	304	236	144	94	84	69	96	103	154	227	285
	8	191	343	338	245	162	111	104	83	113	112	166	236	294
	9	193	336	300	257	181	123	111	99	121	128	154	216	286
	10	208	339	305	270	191	143	119	106	154	149	182	230	306
	11	223	339	327	294	217	159	136	131	164	172	207	241	295
	12	236	354	332	322	242	175	135	123	176	197	233	257	291
	13	246	358	370	336	242	173	145	128	178	206	249	255	311
	14	255	362	381	344	249	179	156	133	185	224	255	277	315
	15	252	356	366	341	263	191	155	152	174	216	248	271	291
	16	253	366	375	346	262	194	163	140	177	212	246	258	291
	17	239	345	365	306	252	187	158	145	173	195	210	252	281
	18	227	346	325	297	231	177	159	141	164	186	188	251	265																									
	19	217	341	323	274	214	170	153	133	149	156	172	246	273																									
	20	209	342	322	261	198	154	142	128	126	131	156	266	284																									
	21	193	333	296	255	176	128	122	105	104	123	158	249	276																									
	22	187	332	302	251	177	103	97	83	101	124	155	254	281																									
	23	182	322	297	231	167	98	93	86	104	125	160	245	272																									

SPEED BY DIRECTION                                                              																																							
	Month	calm	0	10	20	30	40	50	60	70	80	90	100	110	120	130	140	150	160	170	180	190	200	210	220	230	240	250	260	270	280	290	300	310	320	330	340	350	360
	ALL	0	4.99	5.44	6.33	7.07	6.89	6.1	5.23	4.95	5.11	4.97	4.95	5.1	5.08	4.97	5.11	5.76	6.21	6.49	6.53	6.45	6.09	5.51	5.2	4.98	4.68	4.41	4.35	4.44	4.67	4.77	4.99	5.32	5.21	5	4.83	4.77	4.99
	1	0	5.2	6.4	7.1	7.9	7.7	7.1	5.8	5.1	5	5.1	5.6	5.7	5.9	5.7	6	6.7	8	8.1	8	7.8	7.1	6.6	5.7	5.7	5.3	4.4	4	4.3	4.8	4.6	5	5.5	5.6	5.5	5.2	4.8	5.2
	2	0	5.8	6.2	7.5	8.4	7.6	6.6	5.9	5	5.2	5.3	5.4	6.1	5.9	5.6	5.4	6.2	6.8	6.9	7	7	6.4	5.3	5	5	5.4	5.4	4.5	4.3	4.6	4.3	5.1	5.2	5.4	5.4	5.6	5.6	5.8
	3	0	5.5	5.6	6.7	7.2	7.3	6.2	5.5	5.6	5.9	5.5	5.3	5.1	5.4	5.1	5.5	6.2	6.2	6.6	7.1	6.5	6.2	6	5.8	5.3	5.6	5.3	5.5	5.3	5.3	5.5	6	6.4	6.4	5.8	5.2	5.2	5.5
	4	0	5.2	5.4	5.7	5.9	5.8	5.1	5.1	5.1	5.3	5.3	4.9	5.2	5	5.2	5.4	6.5	7.2	7.8	7.3	7.2	7.1	5.8	5.3	5.5	4.7	4.4	4.4	4.6	4.9	5	5.4	5.8	5.7	5.4	5	4.9	5.2
	5	0	4.4	4.6	4.7	5.1	4.6	4.3	4.5	4.9	5.5	5.2	5	5.3	5.2	5	5	5.5	5.7	5.9	5.7	6.2	5.9	5.3	5	4.9	4.5	4.5	4.5	4.4	4.5	4.8	5.1	5.4	5.2	4.9	4.6	4.3	4.4
	6	0	4.1	4.1	4.3	4.3	4.1	3.9	4.2	4.6	5	4.9	5.1	4.9	4.6	4.4	4.4	4.6	5.1	5.6	6	6.1	5.7	5.2	5	4.8	4.3	4.2	4.2	4.2	4.4	4.8	4.6	5.1	4.9	4.8	4.5	4.4	4.1
	7	0	4.1	3.9	4	3.8	4	3.9	4.1	4.1	4.4	4.2	4.2	4	4.1	4	4	4.2	4.9	5.5	5.9	5.9	5.7	5.3	4.9	4.7	4.3	4.2	4.2	4.1	4.3	4.3	4.3	4.6	4.6	4.4	4.2	4.1	4.1
	8	0	3.9	4.2	4.2	4.6	4.6	4.3	4.1	4.1	4.2	4.1	4.2	4.1	4.1	4.3	4.3	4.9	5.6	6.2	6.6	6.5	6.1	5.5	5.5	5	4.7	4.1	4.1	4.2	4.4	4.3	4.4	4.8	4.5	4.1	3.8	3.8	3.9
	9	0	4.6	4.9	5.3	5.3	5.3	5.6	5.2	4.9	4.8	4.4	4.4	4.5	4.5	4.4	4.8	5.3	5.6	6.2	6.3	6.2	6	5.5	5.1	5	4.8	4.6	4.1	4.4	4.6	4.6	5.2	5.3	5.1	5	4.9	5	4.6
	10	0	5.5	5.7	6.1	6.7	6.5	6.3	5.2	5	5.4	4.8	4.7	4.9	4.8	5.1	5	5.7	5.6	5.9	5.6	5.8	5.7	5.5	5.3	4.9	4.5	4.4	4.3	4.6	5	5.2	4.9	5.4	5.3	5	5	5	5.5
	11	0	5	5.9	6.6	7.1	7	6.3	5.3	4.9	4.8	5.3	5.3	5.4	5.5	5.3	5.4	6.8	6.8	6.9	6.6	6.7	6.4	5.8	5.3	5.7	5.3	4.2	4.2	5.1	5.6	5.3	5.8	5.4	5	4.9	4.9	4.8	5
	12	0	5.1	5.6	6.8	7.4	7.6	6.6	5.5	5.3	5.3	5.4	5.3	6	6.1	5.9	6.4	6.4	7.3	7.2	7.2	6.8	6.6	5.4	5.4	4.8	4.7	4.8	5.1	5	4.9	4.8	4.7	5.1	5.1	4.8	4.7	4.8	5.1
FREQUENCY BY DIRECTION                                                          																																							
	Month	calm	0	10	20	30	40	50	60	70	80	90	100	110	120	130	140	150	160	170	180	190	200	210	220	230	240	250	260	270	280	290	300	310	320	330	340	350	360
	ALL	1.11	3.2	3.42	4.7	6.6	6.21	4.4	3.35	2.48	2.21	2.14	1.84	1.91	1.97	1.58	1.53	1.85	2.53	3	3.51	3.48	2.87	2.32	2.2	2.2	2.22	1.83	1.54	1.5	1.61	2.12	2.75	3.29	3	2.82	3.05	2.78	3.2
	1	0.7	3.5	4.8	7.6	12.1	11.9	8.3	4.8	3	2.1	1.9	1.7	1.7	1.7	1.5	1.3	1.5	2.2	2.5	2.7	2.1	1.4	1.1	0.8	0.9	1.1	0.7	0.7	0.7	0.7	1	1.3	1.7	2	2	2.7	2.4	3.5
	2	1.1	4.1	4.5	8.1	13.4	11.2	6.7	4.3	2.7	2.1	2	1.7	1.8	2.2	1.7	1.7	1.9	2.2	2.3	2.5	1.9	1.1	0.7	0.7	0.8	0.9	0.8	0.6	0.7	0.6	0.9	1.3	1.7	1.8	2.2	3	3.1	4.1
	3	0.6	3.3	4	7.1	11.3	10.3	5.8	3.7	2.7	2.7	2.5	2	2	2.1	1.6	1.4	1.7	2.4	2.3	2.8	2.5	1.6	1.3	1.2	1.3	1.3	1.1	1	0.9	1	1.6	2	2.4	2.3	2.4	2.3	2.3	3.3
	4	0.6	4.4	4.3	4.7	5.3	4.2	3.2	2.9	2.6	2.2	2.2	1.7	1.8	1.8	1.5	1.4	1.9	2.6	2.8	2.9	3.1	2.4	1.4	1.4	1.5	1.8	1.3	1.1	1.4	1.4	2.4	3.8	5.3	4.6	4.4	4.3	3.9	4.4
	5	1	2.7	2.4	2.4	2.2	2.2	2.2	2.6	2.6	2.8	2.7	2.5	2.5	2.6	1.9	1.8	2	2.6	3	3.8	3.8	3	2.2	2.1	2.3	2.3	2.3	2.1	2.1	2.4	3.6	4.5	5.6	4.6	3.6	3.3	2.7	2.7
	6	1.2	2.5	1.7	1.5	1.4	1.5	1.2	1.5	1.9	2.1	2.4	2.3	2.4	2.4	2	1.6	1.7	2.3	3.1	4.1	4.5	4.6	3.9	3.8	3.7	3.7	3.4	2.6	2.4	2.5	3.1	3.9	4.3	4.3	3.6	3.4	2.9	2.5
	7	1.6	2	1.5	1.2	1.2	1.3	1.5	1.7	1.6	1.6	1.8	1.6	1.5	1.7	1.4	1.3	1.5	2.4	3.4	4.5	5.4	6.2	5.4	5.3	5.2	4.5	3.7	3	2.8	2.7	3	3.4	3.9	3.2	2.8	3	2.1	2
	8	1.4	2.2	2.2	1.9	1.8	2	1.9	2.2	1.9	1.8	2	1.9	1.9	1.9	1.6	1.6	2.2	3.1	4.3	5.8	6.3	5.3	4.8	4.5	4	3.6	2.8	2.4	2.2	2.2	2.6	2.8	3	2.7	2.4	2.2	2.1	2.2
	9	1.1	2.9	2.9	3.3	3.6	3.7	3.8	3.8	3.1	2.9	2.6	2.2	2.1	2	1.6	1.7	2.1	2.7	3.5	4	4	3.3	2.7	2.5	2.6	3	2.2	1.6	1.6	1.8	2.2	2.9	3.3	3	2.7	3.2	2.9	2.9
	10	1	4.8	4.7	5.6	6.6	6.3	4.9	3.7	2.4	2	1.8	1.3	1.6	1.5	1.4	1.4	1.8	2.2	2.8	2.6	2.5	1.8	1.7	1.6	1.9	2	1.6	1.5	1.5	1.8	2.3	2.9	3.4	3.1	3.2	3.8	3.8	4.8
	11	1.9	2.9	3.8	6.1	9.7	9.3	6.7	4.6	2.6	2.1	1.8	1.7	1.9	1.9	1.6	1.5	2	2.9	3.4	3.5	3.1	1.8	1.4	1.2	1.2	1.3	1.1	0.9	0.8	1.1	1.3	2.1	2.4	2.1	2.4	3.1	2.6	2.9
	12	1.2	3.1	4.2	6.9	11.1	11.2	7	4.6	2.7	2.3	2	1.7	1.8	1.8	1.4	1.6	1.9	2.7	2.6	2.9	2.4	1.7	1.1	1	1.1	1.2	0.8	0.8	0.9	0.9	1.4	1.9	2.5	2.3	2	2.3	2.4	3.1
FREQUENCY OF SPEED                                                              																																							
	Month	0	1	2	3	4	5	6	7	8	9	10	11	12	13	14	15	16	17	18	19	20	21	22	23	24	25												
	ALL	1.1	2.2	10.2	16.6	17.4	15	11.3	8.8	5.6	4.3	3	1.8	1.3	0.6	0.4	0.2	0.1	0	0	0	0	0	0	0	0	0												
	1	0.7	1.6	7.3	12	14.1	13.4	11.8	10.1	7.1	6.3	5.3	3.7	3	1.5	1.1	0.5	0.4	0.1	0.1	0	0	0	0	0	0	0												
	2	1.1	1.7	7	11.4	14.2	13.8	11.6	10.6	8	6.7	5.2	3.4	2.3	1.1	0.8	0.5	0.3	0.1	0.1	0.1	0	0	0	0	0	0												
	3	0.6	1.6	7.1	12.9	15.4	15.3	12.5	10.7	7.4	5.8	4	2.6	2	0.9	0.5	0.4	0.1	0.1	0.1	0	0	0	0	0	0	0												
	4	0.6	1.9	8.5	16.2	17.9	16.1	12.9	9.5	5.8	4	2.8	1.5	0.9	0.6	0.4	0.2	0.1	0	0	0	0	0	0	0	0	0												
	5	1	2.3	11.9	18.5	19.4	16.6	11.4	8.5	4.7	2.6	1.7	0.8	0.4	0.1	0.1	0.1	0	0	0	0	0	0	0	0	0	0												
	6	1.2	2.7	12.5	20.6	20.6	16.2	11.3	7	3.4	2	1.2	0.6	0.4	0.2	0.1	0	0	0	0	0	0	0	0	0	0	0												
	7	1.6	3.5	14.1	21.4	20.3	16.1	9.7	6	3.2	1.9	1.1	0.4	0.3	0.1	0.1	0	0	0	0	0	0	0	0	0	0	0												
	8	1.4	2.8	14	21	18.7	14.8	9.9	6.9	4	2.6	1.7	1	0.6	0.3	0.1	0.1	0.1	0	0	0	0	0	0	0	0	0												
	9	1.1	2.4	12	19.4	18.7	14.7	10.6	8.4	4.9	3.5	2	1.2	0.5	0.3	0.2	0.1	0	0	0	0	0	0	0	0	0	0
	10	1	2	9.9	17	18.7	15.5	11	8.6	5.7	4.2	2.8	1.5	1.2	0.5	0.2	0.1	0.1	0	0	0	0	0	0	0	0	0
	11	1.9	2.3	8.9	14.3	15.5	14.1	11.2	9.6	6.5	5.7	4	2.5	1.6	0.9	0.5	0.3	0.2	0.1	0	0	0	0	0	0	0	0
	12	1.2	2.1	8.9	13.7	14.7	13	11.2	9.7	7	6	4.5	3	2.1	1.2	0.7	0.4	0.2	0.1	0.1	0.1	0	0	0	0	0	0
PERCENT OF POWER BY SPEED                                                       																											
	Month	0	1	2	3	4	5	6	7	8	9	10	11	12	13	14	15	16	17	18	19	20	21	22	23	24	25
	ALL	0	0	0.4	2	4.4	7.1	9.1	11.4	10.7	11.2	10.7	8.9	8	5	3.7	2.6	1.7	0.8	0.9	0.6	0.3	0.2	0.1	0.1	0.1	0.1
	1	0	0	0.2	0.9	2.3	4	6.1	8.3	8.5	10.4	11.8	10.9	11.7	7.2	6.4	4	3.3	1.4	0.9	0.6	0.2	0.4	0	0.1	0.2	0
	2	0	0	0.2	0.9	2.4	4.4	6.3	9.1	10	11.7	12.3	10.8	9.6	5.4	5	3.6	3	1.1	1.8	1.4	0.5	0.1	0	0	0	0.3
	3	0	0	0.2	1.2	3.1	5.7	7.9	10.7	10.9	11.9	10.9	9.6	9.4	5.3	3.9	3.2	1.6	1.3	1.5	0.8	0.5	0.2	0.2	0	0	0
	4	0	0	0.4	2.1	4.9	8.1	11.1	13	11.6	11	10.3	7.5	6.2	5.1	3.6	2.2	1.3	0.7	0.8	0.1	0	0	0	0	0	0
	5	0	0	0.8	3.3	7.5	11.8	14	16.5	13.3	10.4	8.8	5.9	3.7	1.6	1.2	1.1	0.1	0	0	0	0	0	0	0	0	0
	6	0	0	0.9	4.2	8.9	13	15.5	15.4	10.8	8.8	7.2	4.9	4.1	2.3	1.5	0.7	0.4	0.1	0.3	0.2	0.2	0	0	0	0	0.4
	7	0	0.1	1.1	4.8	9.8	14.3	14.9	14.7	11.3	9.2	7.1	3.9	4	2	1.1	0.6	0	0	0.3	0	0	0	0.3	0	0	0.5
	8	0	0	0.9	3.7	7.1	10.4	12	13.4	11.4	10.2	8.9	6.8	5.6	3.5	1.7	1.5	1.2	0.8	0.7	0	0.2	0	0	0	0	0
	9	0	0	0.7	3.1	6.4	9.4	11.6	14.6	12.4	12.5	9.2	7.6	4.3	2.7	2.2	1.2	0.7	0.1	0.2	0.3	0.2	0.2	0	0.3	0	0
	10	0	0	0.5	2.3	5.3	8.2	9.9	12.4	12.1	12.1	10.8	8	8.1	4.5	2.5	1.3	0.9	0.3	0.2	0.2	0	0	0	0.2	0	0
	11	0	0	0.3	1.5	3.4	5.7	7.7	10.5	10.4	12.7	12.2	10	8.4	5.7	3.7	2.9	1.8	0.7	0.6	0.6	0.4	0.5	0.1	0	0	0
	12	0	0	0.3	1.2	2.8	4.6	6.7	9.3	9.7	11.6	11.6	10.6	9.7	6.7	4.7	3.7	2.2	0.8	1.6	1.1	0.6	0	0.2	0.1	0.2	0.2
PREVAILING DIRECTION BY HOUR                                                    																											
	Month	0	1	2	3	4	5	6	7	8	9	10	11	12	13	14	15	16	17	18	19	20	21	22	23		
	ALL	40	40	40	40	40	40	40	40	40	30	30	30	30	40	30	30	30	30	30	30	30	30	30	30		
	1	40	30	30	40	40	40	40	40	40	30	30	40	40	40	40	30	30	30	30	30	30	30	30	40		
	2	30	40	30	30	30	30	30	30	30	30	40	30	30	30	30	30	30	40	30	30	30	30	40	30		
	3	30	40	40	40	40	40	40	40	40	40	30	30	30	30	30	30	30	30	30	30	30	30	40	30		
	4	310	40	320	310	30	30	360	40	30	30	30	30	20	20	30	30	10	310	320	310	310	310	300	310		
	5	310	310	320	320	310	310	320	310	180	310	190	190	190	200	190	310	290	320	310	310	300	310	310	310		
	6	320	330	310	320	340	320	320	190	340	180	190	170	190	190	190	210	190	210	320	200	310	300	320	290		
	7	190	250	210	230	310	200	180	180	170	170	200	200	190	200	210	200	210	220	200	200	210	210	230	210		
	8	180	190	190	190	180	190	180	170	180	180	180	180	180	200	190	200	200	190	200	190	190	190	190	180		
	9	310	310	30	320	60	50	50	40	60	30	50	50	190	180	180	190	200	180	200	20	20	310	310	360		
	10	40	20	40	20	30	40	40	40	40	40	40	30	30	40	30	10	30	30	30	40	30	30	20	30		
	11	30	40	40	40	30	40	30	30	30	30	30	30	30	40	30	40	30	30	30	40	30	30	40	30
	12	40	40	40	30	40	40	40	40	30	30	40	30	30	40	30	40	30	30	30	40	30	30	30	30
SPEED FOR PREVAILING DIRECTION BY HOUR                                          																									
	Month	0	1	2	3	4	5	6	7	8	9	10	11	12	13	14	15	16	17	18	19	20	21	22	23
	ALL	6.7	6.72	6.71	6.59	6.74	6.78	6.57	6.59	6.6	6.81	7.1	7.29	7.4	7.26	7.53	7.55	7.44	7.48	7.1	7.29	7.2	6.78	6.91	6.71
	1	7.37	7.94	7.68	7.39	7.77	8.02	7.82	8.05	7.75	7.8	8.34	7.94	8.42	7.77	7.98	8.11	7.35	8.25	7.62	8.18	8.07	7.52	7.97	7.56
	2	8.03	7.46	8.27	8.3	8.31	8.36	8.9	8.26	8.8	7.72	7.35	8.47	8.53	8.52	8.81	8.63	8.46	8.2	8.26	8.28	8.5	7.96	8.12	7.79
	3	6.61	7.04	7.38	6.86	7.33	7.01	6.97	7.29	7.09	6.74	7.37	7.47	7.71	7.72	7.63	7.88	7.73	8	7.45	7.09	6.9	6.69	7.13	6.37
	4	5.88	4.98	5.56	5.8	5.43	5.17	4.58	4.8	5.91	5.71	5.61	6.69	6.14	6.31	6.88	6.73	5.89	6.31	6.09	6.06	5.75	5.93	5.07	5.85
	5	5.19	5.13	4.93	4.83	5.47	5.21	5.01	5.4	5.34	4.96	6.17	6.56	6.69	6.25	6.64	5.78	4.81	5.83	5.83	5.58	5.64	5.56	5.18	4.92
	6	4.78	4.71	4.79	4.48	3.93	4.71	4.76	5.74	4.41	5.72	5.96	5.64	6.53	6.77	6.99	5.85	7.05	6.13	5.28	6.79	5.48	4.84	4.87	4.53
	7	5.26	3.75	5.16	4.19	4.07	5.09	5.66	4.56	5.68	5.66	5.38	5.8	6.09	5.92	5.85	6.48	6	5.36	5.91	6.02	5.64	4.96	4.16	4.94
	8	6.23	5.9	5.57	6.13	6.01	5.28	5.65	5.22	6.29	6.13	6.77	7.11	7.47	7.71	7.64	7	7.33	6.81	6.66	6.48	6.81	6.36	6.46	5.71
	9	5.09	4.75	4.45	4.78	4.27	5.57	5.38	4.72	4.45	4.54	5.12	5.61	7.65	7.11	7.02	7.37	6.16	6.6	6.32	5.52	4.91	4.94	5.4	4.39
	10	6.04	5.78	6.68	5.32	5.88	6.16	6.06	5.68	6.7	6.26	7.12	7.16	7.26	6.8	7.35	6.21	7.28	7.29	6.65	5.4	6.58	6.22	5.51	6.02
	11	7.17	7.31	6.93	6.35	6.54	6.76	6.59	7.11	7.2	7.05	6.88	7.35	7.24	7.05	7.41	6.69	7.2	6.78	6.95	7.25	7.23	7.24	6.92	7.25
	12	7.67	7.46	7.56	7.33	7.92	7.75	7.7	7.55	7.3	7.14	7.36	7.62	7.49	7.69	7.55	7.53	7.31	7.66	6.91	7.82	7.54	7.4	7.7	7.26
