BIRCHWOOD           AK - 702746                                                 														
 61 deg    25' N  149 deg    31' W - Elev   29m   LST=GMT+99 hours   *NT=-10    														
 01/94-09/02                                                                    							Adjusted to Alaska Timezone (GMT-9)							
SPEED BY YEAR                                                                   														
	Year	ALL	JAN	FEB	MAR	APR	MAY	JUN	JUL	AUG	SEP	OCT	NOV	DEC
	ALL	1.34	1.3	1.16	1.42	1.43	1.83	1.46	1.23	1.06	1.12	1.41	1.11	1.44
	1994	1.53	0.99	1.77	1.51	0.75	2.5	-1	-1	-1	-1	-1	-1	-1
	1995	0.95	0.61	1.18	1.13	0.79	1.43	1.13	0.68	0.81	0.66	0.89	1.32	0.78
	1996	1.04	0.54	0.89	1.08	1.25	1.55	1.35	0.93	0.86	1.18	1.06	0.52	1.42
	1997	1.11	1.1	0.8	1.48	1.27	1.47	1.22	0.87	0.76	0.86	1.11	0.96	1.46
	1998	1.04	0.95	0.8	0.88	1.75	1.49	0.99	0.84	0.93	0.87	1.28	0.57	1.16
	1999	1.23	1.2	0.86	1.41	1.43	1.8	1.15	0.86	0.69	0.8	1.77	1.47	1.53
	2000	1.57	1.78	0.97	1.17	1.37	2.28	1.82	1.46	1.63	1.74	1.52	1.41	1.65
	2001	2.21	2.09	1.41	2.22	1.69	2.69	2.63	2.18	2.21	2.48	2.78	2.2	2.66
	2002	1.65	2.68	1.72	1.92	1.9	1.88	1.57	1.65	1.13	0.78	-1	-1	-1
POWER BY YEAR                                                                   														
	Year	ALL	JAN	FEB	MAR	APR	MAY	JUN	JUL	AUG	SEP	OCT	NOV	DEC
	ALL	11	15	13	20	13	13	8	7	7	9	10	8	12
	1994	15	4	22	12	3	8	-1	-1	-1	-1	-1	-1	-1
	1995	5	8	11	7	3	8	5	2	3	3	3	7	2
	1996	7	3	7	7	8	8	8	6	4	17	5	2	10
	1997	7	8	3	14	6	6	6	4	4	4	4	8	14
	1998	8	5	4	6	18	10	5	9	9	7	8	3	8
	1999	9	16	4	10	9	11	6	4	2	4	21	14	13
	2000	15	29	20	14	9	20	11	7	19	15	12	14	16
	2001	27	35	23	72	12	27	17	9	14	21	24	16	27
	2002	15	26	20	38	38	15	9	9	6	2	-1	-1	-1
NUMBER OF SPEED OBSERVATIONS BY YEAR                                            														
	Year	ALL	JAN	FEB	MAR	APR	MAY	JUN	JUL	AUG	SEP	OCT	NOV	DEC
	ALL	68586	5286	5646	6459	5741	6786	6609	6868	7092	4542	4614	4439	4504
	1994	1601	176	626	742	56	1	0	0	0	0	0	0	0
	1995	8263	593	655	673	694	730	707	712	674	695	731	684	715
	1996	7854	719	679	729	710	553	415	473	732	707	699	701	737
	1997	8257	695	559	710	724	711	638	711	737	703	698	692	679
	1998	8231	681	636	723	703	653	720	710	698	677	683	688	659
	1999	9013	617	502	724	708	767	924	996	979	701	647	715	733
	2000	8414	664	681	728	710	719	710	726	737	717	719	707	596
	2001	6143	738	689	714	711	605	488	421	385	318	437	252	385
	2002	10810	403	619	716	725	2047	2007	2119	2150	24	0	0	0
NUMBER OF SPEED OBSERVATIONS BY HOUR                                            														
	Hour	ALL	JAN	FEB	MAR	APR	MAY	JUN	JUL	AUG	SEP	OCT	NOV	DEC
	0	2915	237	251	292	252	284	265	270	290	195	194	189	196
	1	2815	219	242	268	237	287	260	284	284	166	197	185	186
	2	2802	205	217	244	228	275	282	300	301	211	198	180	161
	3	2845	239	249	296	244	266	261	272	281	179	178	181	199
	4	2827	210	236	265	240	275	269	273	299	170	202	187	201
	5	2779	189	218	246	229	288	286	290	299	199	187	187	161
	6	2896	245	255	295	256	269	263	266	283	182	193	181	208
	7	2812	220	239	262	239	280	268	288	274	166	194	182	200
	8	2779	198	214	244	227	268	285	289	313	199	199	184	159
	9	2891	230	242	281	248	274	267	281	288	204	186	181	209
	10	2871	219	239	279	231	269	274	291	296	181	209	196	187
	11	2857	196	228	251	240	305	300	290	301	201	186	181	178
	12	2943	240	255	297	243	275	262	293	299	188	199	187	205
	13	2881	222	240	270	253	295	267	293	291	184	190	178	198
	14	2819	209	213	244	215	295	295	288	308	208	187	191	166
	15	2938	239	251	282	251	281	277	294	291	201	186	185	200
	16	2874	230	247	281	234	282	278	280	305	168	198	183	188
	17	2853	205	217	242	232	295	286	308	311	214	197	179	167
	18	2956	242	243	296	249	288	280	277	297	189	190	194	211
	19	2874	224	241	266	235	294	282	284	292	185	195	185	191
	20	2800	196	209	249	236	282	276	298	313	202	186	184	169
	21	2908	249	251	289	249	286	270	275	279	192	183	184	201
	22	2820	225	229	273	237	275	270	279	285	165	193	188	201
	23	2831	198	220	247	236	298	286	305	312	193	187	187	162

SPEED BY HOUR                                                                   														
	Hour	ALL	JAN	FEB	MAR	APR	MAY	JUN	JUL	AUG	SEP	OCT	NOV	DEC
	0	1.11	1.26	1.28	1.25	1.13	1.29	0.74	0.87	0.84	0.9	1.41	1.08	1.34
	1	1.07	1.46	1.31	1.34	1.09	1.03	0.83	0.89	0.63	0.86	1.23	1.02	1.33
	2	1.05	1.53	1.24	1.42	0.94	1.05	0.84	0.76	0.66	0.74	1.33	1.02	1.46
	3	1.06	1.45	1.23	1.47	0.97	1.02	0.7	0.52	0.65	0.93	1.35	1.06	1.52
	4	0.98	1.28	1.28	1.41	0.95	0.94	0.53	0.43	0.51	0.85	1.34	1.14	1.44
	5	0.96	1.55	1.32	1.53	1.03	0.83	0.55	0.53	0.37	0.7	1.3	1.03	1.4
	6	1.06	1.45	1.13	1.42	1.1	1.06	0.74	0.67	0.56	0.63	1.34	1.16	1.54
	7	1.09	1.37	1.28	1.36	1.12	1.35	0.91	0.65	0.63	0.76	1.23	1.21	1.38
	8	1.25	1.45	1.27	1.58	1.31	1.65	1.2	1.02	0.82	0.86	1.38	1.13	1.43
	9	1.32	1.29	0.96	1.54	1.41	1.75	1.46	1.15	0.96	1.15	1.54	1.07	1.55
	10	1.49	1.26	1.23	1.7	1.62	2.07	1.62	1.37	1.27	1.54	1.5	1.13	1.41
	11	1.53	1.23	1.14	1.65	1.74	2.1	1.68	1.56	1.29	1.42	1.45	1.23	1.58
	12	1.58	1.08	1.25	1.58	1.75	2.28	2.07	1.72	1.45	1.54	1.36	1.15	1.43
	13	1.66	1.4	1.15	1.55	1.88	2.47	2.07	1.75	1.5	1.51	1.52	1.11	1.53
	14	1.73	1.33	1.18	1.58	1.85	2.69	2.22	1.91	1.68	1.36	1.52	1.03	1.66
	15	1.72	1.21	1.08	1.56	1.95	2.81	2.37	1.96	1.69	1.5	1.42	1.11	1.36
	16	1.66	1.11	1.02	1.44	1.88	2.96	2.4	1.95	1.48	1.22	1.32	1.1	1.37
	17	1.67	1.21	1.08	1.23	1.74	2.79	2.48	1.94	1.41	1.26	1.49	1.22	1.45
	18	1.6	1.24	1.07	1.44	1.75	2.57	2.15	1.78	1.36	1.33	1.5	1.18	1.42
	19	1.51	1.23	1.05	1.45	1.48	2.24	2.01	1.66	1.25	1.53	1.42	1.11	1.36
	20	1.41	1.27	0.95	1.3	1.51	2.02	1.68	1.27	1.28	1.33	1.49	1.08	1.5
	21	1.31	1.15	1.04	1.15	1.49	1.68	1.41	1.29	1.2	1.17	1.62	1.09	1.34
	22	1.19	1.22	1.16	1.04	1.37	1.61	1.15	1	1.11	0.82	1.37	1.07	1.29
	23	1.12	1.29	1.22	1.14	1.14	1.42	0.97	0.8	0.84	0.97	1.38	1.11	1.53

POWER BY HOUR                                                                   														
	Hour	ALL	JAN	FEB	MAR	APR	MAY	JUN	JUL	AUG	SEP	OCT	NOV	DEC
	0	9	14	12	14	13	10	3	3	5	5	12	8	14
	1	8	17	14	13	10	6	4	3	4	4	8	8	13
	2	8	16	13	17	9	6	3	2	3	4	8	8	14
	3	9	19	12	15	9	6	3	1	5	6	7	8	13
	4	8	15	15	14	10	7	2	1	2	6	8	10	11
	5	8	26	18	15	9	5	2	2	2	5	9	10	9
	6	9	19	19	15	7	6	2	3	3	3	9	9	12
	7	10	13	34	17	9	8	3	2	3	6	10	9	9
	8	12	17	15	25	8	11	4	21	6	7	8	8	8
	9	10	12	8	25	11	8	5	4	4	8	11	6	11
	10	12	12	16	29	12	15	7	5	9	13	10	6	8
	11	12	12	13	25	14	11	9	6	10	8	10	7	16
	12	14	11	14	24	15	15	13	8	10	21	8	7	17
	13	14	28	12	23	15	19	13	9	11	12	10	7	11
	14	15	12	13	32	19	22	14	9	10	12	10	9	15
	15	16	10	10	29	19	25	17	11	11	20	12	12	11
	16	15	12	11	23	18	29	18	12	9	12	9	8	9
	17	15	10	8	24	17	27	19	12	10	12	9	17	12																									
	18	13	12	9	21	17	23	14	10	9	12	11	6	9																									
	19	12	16	8	19	16	17	14	10	7	12	10	8	9																									
	20	11	14	9	16	14	15	10	7	9	9	14	9	12																									
	21	11	19	10	18	12	10	7	6	8	8	18	6	10																									
	22	10	19	9	13	13	10	4	5	8	5	13	7	10																									
	23	9	16	11	13	13	9	4	3	5	6	12	8	15																									

SPEED BY DIRECTION                                                              																																							
	Month	calm	0	10	20	30	40	50	60	70	80	90	100	110	120	130	140	150	160	170	180	190	200	210	220	230	240	250	260	270	280	290	300	310	320	330	340	350	360
	ALL	0	1.94	1.99	2.28	2.38	2.8	3.22	3.13	2.99	2.65	2.69	2.72	2.47	2.37	2.35	2.21	2.08	2	2.03	2.07	2.32	2.79	3.04	2.94	2.64	2.53	2.5	2.55	2.91	2.44	2.17	2.04	2.08	2	1.98	1.99	1.89	1.94
	1	0	2.6	2.8	3.3	4.2	4.2	3.9	3.9	3.6	2.6	2.7	3	3.2	3.3	2.5	2	2.3	2.1	2.2	2.1	2.2	2.8	3	3	3	2.7	3.3	3.5	3.3	2.4	2.4	2.4	2.6	2.2	2.3	2.2	1.5	2.6
	2	0	2	2.4	3.3	2.7	3.4	3.5	3.5	4.1	3.8	2.9	2.2	2.6	2.3	2.1	2.1	2.1	2.1	2.1	2.3	2.4	2.7	2.8	3.1	2.3	2.3	2.3	2.4	2.1	1.9	2.1	1.7	2	1.7	1.8	1.8	2.3	2
	3	0	1.9	1.7	2.1	2.8	3.3	4.1	4.3	3.9	3.6	3.3	3.2	2.9	2.4	2.2	2.3	2	2	2.1	2	2.3	3.1	3.1	2.9	2.6	2.4	2.2	2.3	2.6	2.3	2	1.9	2	2.3	2.2	2.1	1.7	1.9
	4	0	1.8	2	2.2	2.4	2.6	3.5	3.5	2.7	2.9	3.2	3	2.6	2.7	2.8	3	2.6	2.5	2.2	2.1	2.3	2.9	3	3	2.7	2.5	2.2	2.3	2.5	2.1	2	2	2.2	2.1	2	2.1	1.9	1.8
	5	0	2.1	2	2.3	2.4	3.2	3.1	2.8	2.7	2.4	2.1	3	2.5	2.4	2.5	2.3	2.1	2.2	1.9	2.1	2.3	3	3.4	3.1	3.1	2.7	2.6	2.7	3.1	2.6	2.3	2.3	2.3	2.3	2.3	2.1	2	2.1
	6	0	1.8	2	2.1	2.1	2.1	2.7	2.3	2	1.9	2.3	1.9	1.9	2.2	2.3	2.2	2	1.8	1.7	2	2.2	2.7	2.9	3.1	2.6	2.6	2.3	2.7	3.1	2.7	2.3	2	2.1	1.9	1.7	1.9	1.8	1.8
	7	0	1.9	1.9	2.2	2	2.4	2.4	2.2	2.2	1.8	2.2	1.9	2.1	2.1	2.2	2.1	1.8	1.8	1.8	1.9	2	2.3	2.7	2.5	2.4	2.4	2.3	2.5	3	2.5	2.2	2	1.9	1.8	1.8	2	1.9	1.9
	8	0	1.8	1.8	2.1	2	2.1	2.9	2.4	2.2	1.9	2	2	2.3	2.5	2.4	2.3	2.1	1.8	2	2.1	2.3	2.6	3.1	3.1	2.7	2.5	2.2	2.2	2.6	2.1	1.9	1.9	1.9	1.8	1.8	1.6	1.7	1.8
	9	0	1.7	2.1	2.3	2.3	2.9	2.5	2.3	2.4	2.5	2.2	2.6	2.2	2.4	2.5	2.5	2.3	2.1	2.4	2.1	2.5	2.9	3.3	3.2	2.7	2.3	2.1	2	2	2	1.9	1.9	1.9	1.8	1.9	2.5	1.8	1.7
	10	0	2	2.3	2.2	2.2	2.2	3.3	2.6	2.6	2.7	3	3.1	2.5	2.4	2.2	2.1	2	2	2	2.1	2.3	2.8	2.9	2.7	2.4	2.6	3.1	2.9	2.6	2.3	1.8	1.8	2	1.8	1.5	2	1.7	2
	11	0	4.1	2	3.2	3.6	3.9	3.2	2.7	2.6	2	3.2	3.8	2.9	1.8	2.2	2	2	1.8	1.9	2	2.3	2.6	2.9	2.6	2.3	2.6	2.8	2.9	3	2	2	2.8	2.2	3.4	-1	1.7	2.1	4.1
	12	0	1.5	1.7	3.4	2.6	3.9	3.2	3.4	3.1	2.8	3	2.5	2.3	1.8	1.9	1.9	1.9	1.9	2	2	2.4	2.9	3.1	2.8	2.6	2.8	2.7	2.8	3.5	2.7	2.6	2.3	2.2	2.9	2.7	1.9	1.8	1.5
FREQUENCY BY DIRECTION                                                          																																							
	Month	calm	0	10	20	30	40	50	60	70	80	90	100	110	120	130	140	150	160	170	180	190	200	210	220	230	240	250	260	270	280	290	300	310	320	330	340	350	360
	ALL	46.9	0.53	0.55	0.87	1.1	1.67	3.03	3.56	3.11	2.01	1.46	1.21	1.15	1.66	2.46	3.68	3.9	3.34	2.92	3.15	4.1	5.37	5.95	5.12	4.15	3.93	3.35	3.79	5.91	4.1	2.84	2.58	3.27	2.15	0.9	0.56	0.56	0.53
	1	52.6	0.3	0.4	0.3	0.6	1.3	3.2	4.4	2.6	2	1.7	1.3	1.4	1.6	2.4	4.8	7	6.9	6.4	5.9	7.1	9.2	8.1	5.1	3.5	3.6	3.6	1.6	1.9	0.4	0.2	0.3	0.3	0.1	0.2	0.2	0.1	0.3
	2	55.5	0.1	0.3	0.4	0.7	1.7	3.2	4.6	4.8	2.5	1.4	1.4	1.2	1.2	1.8	4.7	7.5	5.7	4.5	4.6	6.7	6.6	8.2	6.3	5.2	4.3	3.2	2.1	1.2	0.7	0.4	0.6	0.6	0.6	0.6	0.2	0.2	0.1
	3	49.4	0.1	0.5	0.6	1	2.3	4.6	6.4	6	2.6	1.9	1.2	1	1.5	2.2	3.9	4.5	3.9	3.2	2.8	3.9	5.6	7.2	5.9	4.6	3.7	3	2.7	3.2	1.8	1.2	2	1.7	1.7	0.9	0.3	0.2	0.1
	4	44	1.2	0.7	0.9	1.4	1.9	3.9	3.5	3.3	2.4	1.6	1.5	1.2	1.7	2.4	2.8	2.9	2.7	2	2.5	2.6	3.1	4	4.4	4.7	4.2	3.4	4.6	5.2	3.8	3.1	4.1	4.7	3.6	1.6	1.2	0.9	1.2
	5	30.5	0.9	0.8	0.9	1.5	1.3	2	1.7	1.5	1.4	1.1	1	0.8	1.6	2.4	2.6	2.2	1.4	1.5	1.7	2.6	3.7	4.8	4.5	4	3.8	3.2	5.2	10.4	7	5.5	4.5	5.7	3	1.6	1.2	1	0.9
	6	40.4	0.9	0.9	1.4	1.4	1.4	1.6	1.5	1.1	1.7	0.6	0.8	1.2	1.6	1.8	2.1	2.1	1.3	1	1.2	1.8	3.2	3.8	5	3.2	4.5	3.9	6.2	12.3	8.4	5.3	4.9	5.6	3.4	1.2	0.6	1	0.9
	7	46.7	0.6	0.8	1.9	1.4	2.4	3.3	2.5	1.6	1.3	1	0.8	0.8	1.4	1.8	1.8	1.2	1.1	1.3	1.3	1.6	3.1	3.6	3.9	3	4.6	3.7	6.2	11.6	9.2	5.8	3.7	5.4	3.5	1.6	0.4	0.8	0.6
	8	53.8	0.5	0.8	1.4	1.6	3.3	5	6	3.4	1.7	1.5	1	1.5	2	3.7	2.9	2.4	1.6	1.4	1.7	2.2	4.1	5	3.5	2.7	3.1	3.6	4.2	7	5	3.3	3.2	4.3	3.4	0.7	0.7	0.5	0.5
	9	54	0.4	0.4	0.6	1.1	1.2	3.4	4	4.6	3.6	2.4	1.3	1.7	2.9	4.2	5.2	3.3	2.9	2.1	2.5	4.3	6.2	7.5	5.9	3.6	2.3	2.7	2.4	2.9	2.6	2.1	2.4	3.8	1.7	0.7	0.4	0.5	0.4
	10	43.4	0.4	0.1	0.2	0.9	0.9	2.2	3.4	3.2	2.2	1.8	1.8	1.3	1.8	3	6.1	4.4	3.7	4	4.4	6.1	8.7	8.7	6.6	5.4	3.9	3.1	2.8	2.7	1.5	1	0.7	1.5	1.3	0.1	0.1	0.3	0.4
	11	53.6	0.1	0	0.4	0.3	0.6	1.7	2.4	3.2	1.6	2	1.4	1.4	1.3	2.2	6	6	6.7	5.5	7.9	8	8	7.6	6.3	6.3	5	4.3	1.4	0.6	0.3	0.4	0.1	0.3	0.3	0	0.2	0.1	0.1
	12	43	0.1	0.2	0.3	0.3	1	2.3	4	4.4	2	1.6	1.4	1.1	1.6	2.1	4.9	7.8	7.1	6.2	5.9	7.9	7.9	7.2	5.9	5.1	3.9	2.3	1.9	1.1	1	0.4	0.2	0.3	0.1	0.2	0.2	0.2	0.1
FREQUENCY OF SPEED                                                              																																							
	Month	0	1	2	3	4	5	6	7	8	9	10	11	12	13	14	15	16	17	18	19	20	21	22	23	24	25												
	ALL	46.9	17.4	21.1	8.8	3.4	1.2	0.6	0.3	0.2	0.1	0.1	0	0	0	0	0	0	0	0	0	0	0	0	0	0	0												
	1	52.6	15.2	16.8	7.7	3.6	1.5	1	0.8	0.4	0.2	0.1	0	0	0	0	0	0	0	0	0	0	0	0	0	0	0												
	2	55.5	14.9	17.1	6.6	2.6	1.2	0.7	0.6	0.3	0.2	0.1	0	0	0	0	0	0	0	0	0	0	0	0	0	0	0												
	3	49.4	15.7	17	9.1	4.4	1.8	1.1	0.4	0.2	0.2	0.2	0.2	0.1	0.1	0.1	0	0	0	0	0	0	0	0	0	0	0												
	4	44	18.5	22.2	8.8	3.3	1.4	0.7	0.5	0.2	0.2	0.1	0	0	0	0	0	0	0	0	0	0	0	0	0	0	0												
	5	30.5	16.5	30.2	14.5	5.4	1.7	0.6	0.3	0.3	0.1	0	0	0	0	0	0	0	0	0	0	0	0	0	0	0	0												
	6	40.4	17.9	25.2	10.7	4.5	1.1	0.2	0	0	0	0	0	0	0	0	0	0	0	0	0	0	0	0	0	0	0												
	7	46.7	18.8	23.3	7.8	2.5	0.8	0	0	0	0	0	0	0	0	0	0	0	0	0	0	0	0	0	0	0	0												
	8	53.8	18.3	18.9	5.7	1.9	0.7	0.2	0.2	0.1	0.1	0	0	0	0	0	0	0	0	0	0	0	0	0	0	0	0
	9	54	17.7	16.7	6.7	2.8	0.8	0.6	0.2	0.2	0.1	0	0.1	0	0	0	0	0	0	0	0	0	0	0	0	0	0
	10	43.4	18.7	22.3	10.1	3.2	1.1	0.8	0.2	0.2	0.1	0	0	0	0	0	0	0	0	0	0	0	0	0	0	0	0
	11	53.6	17.4	18.2	6.6	2.4	0.7	0.4	0.2	0.2	0.1	0	0	0	0	0	0	0	0	0	0	0	0	0	0	0	0
	12	43	19.2	21.5	10	3.5	1.3	0.7	0.6	0.1	0.1	0.1	0	0	0	0	0	0	0	0	0	0	0	0	0	0	0
PERCENT OF POWER BY SPEED                                                       																											
	Month	0	1	2	3	4	5	6	7	8	9	10	11	12	13	14	15	16	17	18	19	20	21	22	23	24	25
	ALL	0	3.3	14.5	17.9	14.9	10	8.2	7.1	6.4	5.1	4.1	2.4	1.1	1.7	1.1	0.6	0	0	1	0	0	0.7	0	0	0	0
	1	0	2.2	8.8	11.9	11.9	9.9	11.2	12.7	10.4	5.8	4.6	0	2.8	3.6	0	0	0	0	4.3	0	0	0	0	0	0	0
	2	0	2.5	10.2	12	10.3	8.7	9.1	11.4	9.4	8.5	5.8	1.4	0	0	0	3	0	0	0	0	0	7.8	0	0	0	0
	3	0	1.7	6.7	10.9	11.3	9.1	9.2	5.7	4.6	5.3	8	8.6	4.1	6.5	6.4	2	0	0	0	0	0	0	0	0	0	0
	4	0	3.1	13.4	15.8	12.9	10.6	8.5	9.2	7.5	8.2	8	2.7	0	0	0	0	0	0	0	0	0	0	0	0	0	0
	5	0	2.6	17.6	24.4	20	11.6	7	5.2	7	3.1	1.5	0	0	0	0	0	0	0	0	0	0	0	0	0	0	0
	6	0	4.6	23.4	29.5	26.5	12.5	3.5	0	0	0	0	0	0	0	0	0	0	0	0	0	0	0	0	0	0	0
	7	0	5.8	27.1	25.8	18.1	11	0.8	0	0	0	0	0	2.9	0	0	0	0	0	8.5	0	0	0	0	0	0	0
	8	0	5.6	20.9	18.7	13.6	8.7	4.4	6.2	7.9	7.8	4.5	1.8	0	0	0	0	0	0	0	0	0	0	0	0	0	0
	9	0	4	13.5	16.7	14.8	8.5	9.8	4.9	7.7	7.6	1.6	6.9	0	3.9	0	0	0	0	0	0	0	0	0	0	0	0
	10	0	4	17.4	23.1	15.7	9.9	12.6	4.3	8.3	4.7	0	0	0	0	0	0	0	0	0	0	0	0	0	0	0	0
	11	0	4.6	17.1	18.3	14.4	7.2	8	7.7	10.9	5.6	3.7	2.4	0	0	0	0	0	0	0	0	0	0	0	0	0	0
	12	0	3.7	15.3	20.9	15.3	10.8	10.9	13.7	2.1	3	4.1	0	0	0	0	0	0	0	0	0	0	0	0	0	0	0
PREVAILING DIRECTION BY HOUR                                                    																											
	Month	0	1	2	3	4	5	6	7	8	9	10	11	12	13	14	15	16	17	18	19	20	21	22	23		
	ALL	140	210	210	210	200	200	210	210	210	210	310	310	310	270	270	270	270	270	270	270	220	220	150	210		
	1	150	150	210	150	190	160	200	210	160	190	200	210	200	210	200	190	220	180	200	140	140	150	150	170		
	2	140	150	160	190	170	150	150	150	200	180	210	210	210	210	210	220	220	200	190	160	190	210	150	150		
	3	70	140	160	200	210	150	160	220	210	210	210	210	230	270	270	60	60	230	50	70	70	70	60	210		
	4	210	210	160	170	140	130	150	210	230	230	290	310	300	310	320	270	270	260	270	240	140	140	150	150		
	5	140	210	210	200	190	190	210	230	290	310	310	280	290	270	280	270	270	270	270	270	220	210	210	210		
	6	140	130	140	120	140	210	210	40	290	300	310	300	280	270	270	270	270	270	270	270	220	220	210	200		
	7	140	130	230	60	240	50	50	50	40	280	320	290	270	270	270	270	280	270	270	270	240	220	200	210		
	8	130	50	60	60	70	50	40	50	60	40	310	310	310	280	270	280	270	270	270	240	210	140	130	130		
	9	190	200	70	230	210	200	220	190	70	220	210	210	310	300	230	210	240	200	200	140	130	140	130	220		
	10	200	140	200	210	200	200	200	210	190	210	210	210	210	210	310	200	210	140	140	140	130	170	210	190
	11	220	190	200	180	180	180	160	190	200	190	190	190	210	210	220	220	230	160	140	180	180	210	140	190
	12	150	210	140	220	180	150	150	210	170	150	210	210	200	190	200	200	190	160	210	180	170	200	150	220
SPEED FOR PREVAILING DIRECTION BY HOUR                                          																									
	Month	0	1	2	3	4	5	6	7	8	9	10	11	12	13	14	15	16	17	18	19	20	21	22	23
	ALL	2.1	3.12	3.01	2.75	2.68	2.81	3.11	2.83	3.36	3.09	1.92	2.02	2.02	2.71	2.93	2.99	3.18	3.25	3.25	3.04	3.26	3.14	2.16	2.98
	1	2.48	1.9	2.67	1.88	2.14	2.54	2.43	3.06	1.96	2.61	2.89	3.08	2.86	3.09	2.51	1.72	2.98	2.06	2.86	2.71	2.15	2.29	2.35	2.58
	2	1.85	1.91	2.24	2.35	2.29	2.37	2.93	2.02	2.4	2.67	2.47	2.84	2.65	3.16	2.42	2.52	3.18	2.2	2.38	2.17	2.63	2.5	2.15	2.22
	3	3.99	1.89	2.14	3.93	3.63	2.09	2.01	2.77	3.11	3.06	3.04	3.41	2.07	2.25	2.42	4.07	4.71	3.12	3.58	3.91	3.67	4.54	4.95	2.78
	4	3.12	3.05	1.87	2.1	1.96	2.44	2.09	2.47	2.5	2.55	2.02	2.24	2.12	2.03	2.07	2.81	3.02	2.42	2.73	2.59	3.15	3.58	2.88	2.25
	5	2.12	3	3.02	2.71	2.08	1.83	3.19	2.32	1.87	1.92	2.12	2.5	2.25	2.9	2.6	3.44	3.33	3.64	3.52	3.23	3.69	3.01	3.32	3.44
	6	2.37	1.98	2.18	2.05	1.96	2.38	2.06	1.92	1.87	1.85	1.92	2.23	2.37	2.98	3.58	3.28	3.51	3.48	3.28	2.94	3.6	3.45	3.09	2.58
	7	2.1	2.24	2.37	1.89	1.57	2.17	2.33	2.32	1.99	2.27	1.91	2.24	2.41	3.1	2.98	2.88	2.67	3.39	3.46	3.2	2.76	3.53	2.18	2.83
	8	2.35	2.1	1.68	2.26	1.86	2.22	1.72	2.58	1.99	1.54	1.71	1.81	1.92	2.13	2.55	1.98	3.22	2.61	2.98	2.49	2.62	2.33	2.58	2.5
	9	2.51	2.57	2.44	2.56	3.08	2.95	3.7	2.82	2.06	3.14	3.8	3.88	1.67	1.64	3.6	3.19	2.01	2.81	2.15	2.35	2.58	2.57	2.67	2.72
	10	3.16	1.72	2.7	3.04	2.49	2.85	2.64	2.15	2.66	2.34	2.91	2.67	3.3	2.91	1.68	2.52	3.07	2.39	2.46	2.54	2.13	1.71	3.59	2.33
	11	2.94	2.34	2.96	1.94	1.86	1.94	1.77	2.3	2.68	2.24	2.3	2.37	2.94	2.9	2.58	3.06	2.17	1.94	2.03	2.02	1.94	2.91	1.68	2.37
	12	1.85	3.03	1.76	2.88	2.48	1.88	1.57	3.68	2	1.77	2.77	3.28	2.67	2.49	2.43	2.85	2.4	2	3.51	2.24	1.9	3.04	1.88	2.57
