CAPE LISBURNE(AWOS) AK - 701040                                                 														
 68 deg    53' N  166 deg    08' W - Elev    3m   LST=GMT+99 hours   *NT=-11    														
 01/73-12/81 01/87-08/02                                                        								Adjusted to Alaska Time Zone (GMT-9)						
SPEED BY YEAR                                                                   														
	Year	ALL	JAN	FEB	MAR	APR	MAY	JUN	JUL	AUG	SEP	OCT	NOV	DEC
	ALL	5.24	5.61	5.31	5.11	4.58	4.72	4.01	4.73	5.06	5.97	6.61	5.9	5.41
	1973	5.31	7.42	5.41	4.3	4.03	5.13	3.67	5.01	5.91	4.56	6.46	6.36	6.03
	1974	4.89	5.65	4.54	5.42	4.49	3.32	5.02	4.9	3.69	3.96	7.05	6.14	4.42
	1975	5.03	6.35	6.71	5.2	4.29	3.91	3.79	3.7	4.53	6.79	5.47	4.92	3.98
	1976	4.48	5.71	4.31	4.06	3.87	4.24	4.39	3.94	4.07	5.05	6.17	3.44	5.23
	1977	4.21	4.63	4.95	3.29	3.51	3.8	2.78	1.98	3.11	5.55	7.04	4.66	4.83
	1978	4.54	3.43	3.96	4.49	4.25	4	3.45	3.37	3.89	4.56	7	6.11	5.95
	1979	5.41	4.93	5.33	6.77	5.36	4.82	2.93	5.59	3.55	4.53	8.18	6.91	5.98
	1980	4.75	4.68	5.64	4.59	4.99	4.3	3.84	2.54	5.67	6.59	3.61	6.22	4.42
	1981	4.51	5.87	4.81	4.62	2.72	4.29	2.9	4.85	4.69	5.51	3.85	5.9	4.12
	1987	4.59	7.01	4.3	8.17	1.49	3.77	2.79	4.09	6.8	3.99	3.78	4.9	4.52
	1988	4.65	4.68	5.67	6.07	2.27	4.26	2.91	3.44	6.21	6.42	5.18	8.63	2.7
	1989	4.75	4.51	9.49	3.71	4.91	3.08	3.91	5.4	2.81	5.63	3.53	3.98	5.35
	1990	3.84	4.2	2.38	3.44	4.11	0.88	0.95	0.85	3.07	4.34	6.63	6.07	2.08
	1991	5.56	4.57	5.93	5.82	4.69	5.08	3.32	4.75	5.96	7.84	7.38	6.55	4.37
	1992	6.2	5.51	7.28	4.86	5.57	8.34	3.49	4.88	5.09	6.48	7.01	7.47	8.12
	1993	5.79	7.79	6.47	3.86	5.16	3.76	3.94	5.51	4.86	8.18	6.42	7.02	6.22
	1994	5.39	4.33	4.46	5.19	4	4.96	3.29	4.41	6.84	8.75	7.25	5.21	6.21
	1995	5.72	4.36	3.92	6.65	5.31	4.87	3.78	6.45	4.52	6.69	8.07	8.41	5.72
	1996	6.38	6.46	5.74	7.68	5.97	6.05	6.03	7.29	5.45	7.84	6.96	7.6	3.36
	1997	5.32	5.18	4.61	5.51	4.45	3.3	4.49	6.01	6	4.7	6.75	5.85	6.76
	1998	5.81	6.41	8.33	3.51	2.69	5.68	3.89	2.41	4.67	7.53	9.21	6.42	7.04
	1999	5.45	6.64	4.61	5.5	5.26	3.18	4.08	9.64	6.1	5.28	6.11	4.18	5
	2000	5.62	5.58	5.67	4.93	3.66	4.85	6.41	5.12	6.95	5.3	7.62	5.92	6.43
	2001	5.52	8.87	6.83	4.39	3.18	4.59	5.08	4.49	7.33	7.5	7.59	3.61	2.01
	2002	6.44	3.08	6.72	7.65	7.47	7.14	5.37	4.72	6.35	-1	-1	-1	-1
POWER BY YEAR                                                                   														
	Year	ALL	JAN	FEB	MAR	APR	MAY	JUN	JUL	AUG	SEP	OCT	NOV	DEC
	ALL	302	393	330	303	207	200	169	254	224	336	462	400	366
	1973	309	851	334	105	106	212	166	290	325	152	446	440	424
	1974	242	412	311	272	149	48	252	236	91	92	498	372	179
	1975	272	663	478	223	201	77	119	159	207	321	229	253	177
	1976	215	360	490	126	148	95	213	201	167	207	354	93	277
	1977	181	134	163	108	243	102	64	19	64	233	457	167	337
	1978	195	124	107	187	103	100	81	117	98	145	479	391	400
	1979	330	228	585	410	226	170	73	296	83	199	572	460	676
	1980	241	367	292	212	144	89	156	50	238	542	133	373	305
	1981	217	373	227	125	137	219	69	224	138	201	184	390	316
	1987	226	508	98	806	39	140	54	131	407	151	105	159	252
	1988	226	237	432	296	23	71	86	84	390	387	221	706	89
	1989	262	413	1067	123	161	53	189	250	78	279	110	156	130
	1990	163	104	34	70	191	3	2	3	95	97	455	337	23
	1991	319	375	416	328	197	269	55	146	356	643	506	563	146
	1992	432	245	644	296	351	635	90	248	180	298	558	771	846
	1993	368	776	469	145	143	132	124	352	180	581	475	611	438
	1994	330	137	203	281	113	188	107	183	392	1042	561	351	420
	1995	411	191	147	906	247	224	160	470	249	443	823	862	289
	1996	475	511	423	840	268	419	361	492	273	549	556	940	164
	1997	295	329	127	510	203	66	206	385	394	171	372	376	299
	1998	389	363	535	140	46	307	120	54	165	403	985	399	605
	1999	308	437	216	361	279	113	127	1193	300	206	332	133	307
	2000	309	515	260	158	121	279	585	256	342	168	540	303	306
	2001	279	701	442	97	92	132	261	191	471	451	437	89	9
	2002	446	72	579	654	746	441	304	183	295	-1	-1	-1	-1
NUMBER OF SPEED OBSERVATIONS BY YEAR                                            														
	Year	ALL	JAN	FEB	MAR	APR	MAY	JUN	JUL	AUG	SEP	OCT	NOV	DEC
	ALL	141043	11035	9953	11437	12300	12717	12602	11731	11787	11377	12711	11942	11451
	1973	6615	454	448	596	530	691	579	547	569	544	563	482	612
	1974	7126	648	510	635	641	541	600	485	611	661	558	625	611
	1975	6103	628	607	466	529	556	457	402	414	437	557	560	490
	1976	6044	411	404	425	522	695	598	595	511	438	460	539	446
	1977	7534	360	553	604	697	694	584	574	709	676	702	675	706
	1978	8570	726	660	735	712	735	703	724	723	696	727	705	724
	1979	8607	732	665	731	709	738	705	732	729	710	737	699	720
	1980	8792	752	696	744	720	744	720	744	744	720	744	720	744
	1981	8759	744	672	743	720	744	720	744	744	720	744	720	744
	1987	1145	50	29	83	64	70	157	108	164	97	178	82	63
	1988	1125	36	56	63	57	96	228	86	70	104	161	80	88
	1989	1209	31	131	104	101	141	83	152	105	124	123	99	15
	1990	707	85	42	35	69	39	23	52	57	74	130	47	54
	1991	3569	48	49	182	489	524	263	267	264	202	586	305	390
	1992	5648	297	262	428	426	504	479	544	547	564	534	533	530
	1993	6995	542	503	500	624	614	515	537	718	676	671	584	511
	1994	7515	570	642	677	637	686	618	604	527	613	601	647	693
	1995	7376	628	587	524	666	592	651	644	617	614	663	581	609
	1996	7228	667	597	634	614	702	648	642	578	619	606	406	515
	1997	6552	643	324	604	662	552	622	607	538	392	604	495	509
	1998	5026	448	315	421	270	429	608	431	67	115	640	684	598
	1999	6636	671	528	632	551	85	644	280	627	646	661	661	650
	2000	6739	612	596	652	639	602	470	571	579	667	522	448	381
	2001	3013	240	33	133	46	378	426	343	294	268	239	565	48
	2002	2410	12	44	86	605	565	501	316	281	0	0	0	0
NUMBER OF SPEED OBSERVATIONS BY HOUR                                            														
	Hour	ALL	JAN	FEB	MAR	APR	MAY	JUN	JUL	AUG	SEP	OCT	NOV	DEC
	0	5573	427	383	441	492	497	498	463	470	474	505	458	465
	1	6092	460	422	501	515	548	544	508	504	482	572	523	513
	2	6095	476	426	490	503	549	553	517	497	479	563	536	506
	3	6313	497	452	507	538	558	559	539	531	513	569	536	514
	4	6370	503	454	514	542	559	578	541	546	518	577	529	509
	5	6396	496	465	522	546	554	578	547	533	526	571	541	517
	6	6400	515	458	524	545	567	578	531	541	513	578	540	510
	7	6365	511	452	524	544	552	568	529	539	522	571	535	518
	8	6317	511	455	524	533	547	558	535	522	517	568	531	516
	9	6290	483	453	530	534	549	560	540	516	507	578	539	501
	10	6182	491	447	522	527	545	550	528	514	492	560	513	493
	11	6262	498	452	513	533	558	562	535	519	506	566	519	501
	12	6204	493	446	519	530	549	556	524	529	490	546	516	506
	13	6152	494	436	507	528	553	550	510	522	493	551	507	501
	14	6094	492	441	503	522	549	540	502	495	473	551	514	512
	15	5984	473	419	485	516	525	537	501	507	485	535	507	494
	16	5744	429	392	471	498	531	522	500	470	443	524	505	459
	17	5709	445	400	450	514	522	518	461	467	441	527	503	461
	18	5443	402	385	434	496	515	485	438	455	426	499	474	434
	19	5368	405	374	414	495	521	471	417	451	425	475	471	449
	20	5048	391	346	401	479	469	439	404	432	429	442	412	404
	21	5050	386	345	392	476	475	449	412	435	422	435	419	404
	22	4857	387	331	372	448	472	427	378	397	401	428	418	398
	23	4735	370	319	377	446	453	422	371	395	400	420	396	366

SPEED BY HOUR                                                                   														
	Hour	ALL	JAN	FEB	MAR	APR	MAY	JUN	JUL	AUG	SEP	OCT	NOV	DEC
	0	5.1	5.48	5.37	4.99	4.43	4.49	3.51	4.31	4.82	5.98	6.67	5.83	5.5
	1	5.06	5.43	5.29	4.92	4.35	4.52	3.55	4.37	4.84	5.92	6.5	5.69	5.41
	2	5.1	5.39	5.28	4.87	4.28	4.37	3.73	4.38	4.92	6.08	6.63	5.98	5.31
	3	5.1	5.82	5.23	4.95	4.04	4.39	3.8	4.45	5.02	5.91	6.38	6.1	5.27
	4	5.11	5.79	5.26	5.03	4.16	4.39	3.88	4.48	4.86	6	6.43	6.02	5.24
	5	5.08	5.54	5.29	4.87	4.09	4.37	3.76	4.56	4.91	5.91	6.48	5.89	5.37
	6	5.08	5.6	5.45	4.85	3.98	4.34	3.81	4.43	4.93	5.98	6.42	5.97	5.42
	7	5.12	5.69	5.3	4.87	4	4.5	3.87	4.54	4.9	5.97	6.56	5.99	5.36
	8	5.12	5.65	5.2	4.81	4.13	4.53	3.95	4.64	4.86	5.91	6.45	5.98	5.37
	9	5.13	5.59	5.14	4.87	4.18	4.63	3.96	4.74	4.99	5.97	6.39	5.82	5.39
	10	5.18	5.67	5.24	4.85	4.42	4.6	4.08	4.78	4.96	5.88	6.43	5.94	5.4
	11	5.27	5.61	5.21	4.93	4.52	4.85	4.19	4.93	5.05	6.06	6.55	5.97	5.43
	12	5.34	5.62	5.19	5.07	4.8	4.97	4.3	5.05	5.21	5.95	6.48	6.04	5.46
	13	5.38	5.66	5.33	5.25	4.83	5.1	4.22	5.12	5.3	6.07	6.55	5.82	5.38
	14	5.44	5.72	5.33	5.27	5.05	5.08	4.19	5.22	5.41	6.06	6.74	5.94	5.36
	15	5.45	5.73	5.38	5.36	5.22	5.08	4.44	5.1	5.31	5.97	6.8	5.71	5.34
	16	5.47	5.72	5.33	5.55	5.23	5.01	4.33	5.13	5.39	6.11	6.73	5.84	5.38
	17	5.45	5.51	5.25	5.55	5.24	5.08	4.44	5.01	5.34	5.97	6.8	5.8	5.4
	18	5.41	5.83	5.36	5.54	5.22	5.09	4.2	4.76	5.25	5.94	6.78	5.76	5.28
	19	5.4	5.54	5.37	5.39	5.04	4.91	4.26	4.95	5.19	5.84	6.93	5.86	5.53
	20	5.35	5.39	5.51	5.38	4.89	4.96	4.1	4.73	5.1	5.94	6.82	5.83	5.62
	21	5.29	5.52	5.51	5.32	4.88	4.73	3.95	4.61	5.09	5.89	6.84	5.94	5.47
	22	5.28	5.47	5.59	5.31	4.61	4.73	3.94	4.74	4.93	6.06	6.8	5.82	5.56
	23	5.23	5.44	5.31	5.37	4.59	4.74	3.8	4.4	4.88	6	6.7	5.98	5.71

POWER BY HOUR                                                                   														
	Hour	ALL	JAN	FEB	MAR	APR	MAY	JUN	JUL	AUG	SEP	OCT	NOV	DEC
	0	287	349	303	303	192	189	131	230	206	329	480	401	352
	1	286	337	325	302	194	189	133	223	211	340	450	398	345
	2	294	345	348	279	181	188	154	226	228	342	491	404	350
	3	299	427	326	281	163	181	173	236	227	332	443	463	349
	4	299	424	328	302	190	173	170	250	220	346	449	415	353
	5	293	378	339	292	189	171	150	253	219	333	446	396	369
	6	292	400	349	283	168	168	160	225	220	337	431	413	374
	7	295	409	341	298	161	185	159	234	227	337	444	422	348
	8	292	417	325	277	184	181	160	244	213	334	424	386	373
	9	291	421	312	287	179	201	172	248	217	343	409	348	369
	10	296	431	334	286	207	197	173	256	209	316	441	372	350
	11	305	398	322	276	197	218	196	285	206	350	469	402	353
	12	314	408	331	285	231	235	205	297	233	330	438	433	362
	13	318	435	360	290	220	245	183	303	241	335	461	387	377
	14	318	413	358	284	243	224	168	314	252	330	480	401	359
	15	321	420	355	318	265	232	216	298	229	320	474	375	366
	16	316	412	327	330	247	212	183	285	243	351	468	383	378
	17	313	358	321	342	248	219	186	261	245	323	493	384	378																									
	18	308	413	311	340	250	217	167	237	227	319	491	379	371																									
	19	310	357	297	324	235	202	180	270	239	333	507	411	386																									
	20	306	341	333	323	216	214	162	233	221	347	485	411	416																									
	21	297	373	328	328	213	189	145	217	227	333	475	414	369																									
	22	303	356	334	353	200	180	155	246	213	356	489	399	388																									
	23	299	356	290	352	200	201	158	212	214	361	475	415	376																									

SPEED BY DIRECTION                                                              																																							
	Month	calm	0	10	20	30	40	50	60	70	80	90	100	110	120	130	140	150	160	170	180	190	200	210	220	230	240	250	260	270	280	290	300	310	320	330	340	350	360
	ALL	0	4.71	5.54	5.01	5.6	6.19	6.54	7.07	7.32	6.38	4.93	4.43	3.94	3.82	3.84	3.63	4.68	7.11	8.14	9.08	8.85	8.44	9.32	9.46	8.2	6.42	4.86	4.55	4.75	5.09	5.02	4.69	4.52	4.22	4.47	4.66	4.49	4.71
	1	0	3.6	4.6	4.7	5.9	6.1	6.1	7.1	7.6	7.1	5.9	5.2	4.4	4.1	4	3.7	5.5	8.3	10.9	11.9	10.3	8.7	10.7	11.5	10.6	8.2	6.6	5	5	5.8	5.5	4.2	4.3	4.6	4	3.4	3.7	3.6
	2	0	4.9	4.6	4	4.1	4.9	5.9	6.2	6.7	7	5.7	5.1	4.5	4.4	4.6	4.1	5.9	9.9	9.4	10.8	10	10.2	10.9	10.8	9.5	7.7	5.2	4	4	5.5	4.1	4	4.4	4.2	4.3	4	4	4.9
	3	0	3.3	3.9	5	4.6	4.8	6	6.8	6.3	6.9	5.5	5.1	4.5	4.4	4.4	3.8	5	7.2	8.9	9.8	11.1	10.3	11	11.7	9.4	7.6	5.7	3.9	3.8	4.1	3.8	3.7	3.4	3.4	2.8	3	3.4	3.3
	4	0	3.8	5.3	4.6	4.5	5	5.5	6.3	6	5.6	4.6	4.4	4.1	3.9	3.9	3.8	4.7	6.8	9	9.4	9.3	9	9.7	9.6	9.1	6.7	4.8	4.8	3.8	3.7	3.7	3.9	4	3.4	3.8	4.3	4.3	3.8
	5	0	4.4	4.2	4.3	4.6	5.4	5.3	5.5	5.9	5.1	4.4	4.1	3.6	3.5	3.6	3.3	3.7	7.1	7	8.7	9.5	9.8	9.4	9.1	6.9	5.6	3.9	4.8	4.1	4.2	3.9	3.5	3.4	3.3	3.5	3.1	3.7	4.4
	6	0	3.9	4.4	4.1	4.3	4.6	3.8	3.8	3.5	3.1	3	3.3	3.2	2.8	2.6	2.5	3.4	4.1	4.6	6.5	8.5	8.6	8.7	9.2	7.9	6.6	5.2	4.2	4.5	4.1	4	3.7	3.3	2.8	2.6	3	3.4	3.9
	7	0	4	5.2	4.5	5.1	5.1	4.7	4.3	3.7	3.1	2.8	2.9	2.7	2.7	2.6	2.9	3.6	4.9	6.8	7.5	8.5	9.2	9.9	9.7	7.9	5.5	4.8	4.4	5.2	4.8	4.5	4.4	3.8	3.1	3.1	2.9	3.5	4
	8	0	4.5	5.4	4.7	5.3	5.9	5.8	6	5.6	4.2	3.7	3.8	2.9	2.9	2.9	3.2	3.2	4.6	5.1	6.6	7.9	8.1	8.4	8.5	7.3	5.8	3.8	4.9	5.4	4.8	5.7	5	4.3	4.1	4.5	4.5	4.3	4.5
	9	0	5.4	6.2	5.8	6.8	7.3	8.5	9.4	9.9	7.4	5.6	4.4	3.4	3.2	3.2	3.3	3.9	4.9	5.4	6.8	7	6.1	7.4	8	7	4.8	4	4.5	5.5	5.9	6.1	5.8	5.7	5.7	5.8	6	5.6	5.4
	10	0	6.1	7	6.2	6.8	7.5	8.1	9.2	10.6	9.9	7.5	5	3.8	3.6	3.6	3.8	4.6	6.6	8.1	9.2	7.9	6.1	7.3	7.1	5.7	4.8	3.8	4.9	5.3	6.6	6.9	6.8	6.4	6.2	6.8	7.2	6.1	6.1
	11	0	5.2	5.9	5.2	6.3	7.4	8.2	8.3	8.4	8.3	6.9	5	3.9	3.4	3.6	3.5	5.3	8.2	10.1	11.2	9.7	6.9	8.6	8.2	7.6	5.8	3.9	4	3.9	5	5.6	6.5	6.7	5	4.9	5.3	4.7	5.2
	12	0	4.6	5.6	4.7	5.3	5.9	7.1	8.7	8.6	7.9	5.9	4.9	4	3.9	3.9	3.7	5.2	10.1	9.7	10.6	8.7	8.1	9.7	10.6	9	7.9	6.5	4.9	4.5	3.7	3.8	4.4	5.4	5.2	4.7	4.5	4.3	4.6
FREQUENCY BY DIRECTION                                                          																																							
	Month	calm	0	10	20	30	40	50	60	70	80	90	100	110	120	130	140	150	160	170	180	190	200	210	220	230	240	250	260	270	280	290	300	310	320	330	340	350	360
	ALL	11.27	0.86	1.31	1.36	1.38	1.74	2.42	3.51	5.3	7.81	8.13	7.06	7.36	6.24	5.06	3.62	1.72	1.39	1.87	2.53	2.78	3.69	3.88	3.85	2.72	1	0.55	0.59	0.72	1.09	1.61	1.42	1.4	1.25	1	0.79	1	0.86
	1	12.3	0.4	0.6	0.9	1.2	1.1	1.4	1.7	3	5.7	6.8	7.7	9.6	9.9	7.8	5.5	2	1.5	2.7	2.7	2.6	3	3.7	3.9	3.5	1	0.6	0.5	0.6	0.9	1.8	1.4	1.3	1.1	0.6	0.5	0.6	0.4
	2	11.6	0.9	0.5	0.7	0.8	0.9	1.4	1.6	2.6	5.1	7.6	9.2	12.4	10.6	8.1	4.9	1.9	1.7	2	2.5	2.2	2.6	3.3	2.9	1.9	1	0.3	0.3	0.5	0.6	1.8	1.8	1.6	1.2	1	0.6	0.9	0.9
	3	12.7	0.4	0.5	0.9	0.5	0.9	0.8	1.2	2.3	5.5	8	11.1	13.8	11.7	8.9	4.9	1.4	0.9	1.5	2.1	2.1	2.5	3.1	3.5	2.6	1.1	0.5	0.5	0.5	0.5	1.3	1	1.2	1.1	0.5	0.3	0.3	0.4
	4	13.5	0.4	0.6	0.8	0.7	0.8	1	2.5	3.9	7.3	10.8	12.1	12.8	9.6	7.1	3.5	1.3	0.8	1.1	1.9	1.8	2.8	3	2.8	2.2	1	0.4	0.4	0.4	0.9	1	1.1	1	0.9	0.6	0.3	0.4	0.4
	5	9.6	0.9	0.6	1	1.1	1.3	2.5	4	7.2	11.4	13.8	11.5	7.8	4.8	3.2	1.8	0.8	0.7	0.9	1.9	2.6	3.6	4	2.5	1.5	0.5	0.2	0.2	0.4	0.5	0.9	1	1.1	1.2	0.7	0.7	1.1	0.9
	6	16.1	0.8	1.5	1.3	1.6	2	2.5	4.2	5.8	9.4	10.7	8.3	6.1	3.1	1.5	0.7	0.4	0.4	1	1.5	3.1	5.5	5.4	7	3.5	0.9	0.5	0.4	0.5	0.6	1.3	1.9	2.2	1.6	1	0.7	0.8	0.8
	7	14.2	0.7	1.1	1.4	1.3	1.6	2.5	3.3	4.8	7	8.8	6.1	4.9	2.7	1.8	1.3	0.8	0.8	1.7	2.7	5	7.2	7.9	7.1	3.7	1.2	0.5	0.5	0.7	1.1	1.7	1.7	1.8	1.6	1.1	0.8	0.9	0.7
	8	10	1.4	2.4	2.1	2	2.6	3.6	4.1	4.7	6.3	4.9	3.8	3.2	2.8	2.6	2.3	1.7	1.5	2.1	3.4	4.9	6.4	5.9	6.2	4.2	1.1	0.5	0.7	0.8	1.3	2.1	1.6	1.3	1.3	1.3	1.1	1.6	1.4
	9	6.3	1.5	2.7	2.4	2.6	3	4.5	6.1	6.8	6.9	4.8	3.1	3.1	2.7	2.9	3.2	2.4	1.9	2.1	2.4	2.3	2.8	2.9	3.8	2.5	0.9	0.7	1.5	1.4	2.6	2.7	1.8	1.6	1.6	1.8	1.7	2	1.5
	10	6.7	0.9	1.7	1.8	1.8	2.3	2.7	5.2	9.6	11.8	5.9	2.9	4	4.6	5.3	5.6	2.8	2.7	2.6	3.3	2.6	2.8	2.3	1.8	1.6	0.9	0.7	0.7	1	1.3	1.3	0.9	0.8	0.8	0.9	0.9	1.1	0.9
	11	9	1.1	2.1	1.5	1.7	2.6	3.2	4	5.8	7.5	6.6	3.9	5.3	6.3	6.1	5.1	2.4	2.2	2.8	3.8	2.5	2.5	2.3	2.4	2.3	1.1	0.7	0.8	0.9	1.5	1.9	1.5	1.4	1.2	1.1	0.8	1.1	1.1
	12	13.4	0.8	1.1	1.1	1.1	1.6	2.4	3.3	5.5	8.1	8.6	5.7	7.1	7.5	6.5	4.9	2.4	1.6	1.9	1.9	1.6	2.3	2.8	2.8	3.2	1.3	0.9	0.7	0.9	1.2	1.5	1.5	1.6	1.5	1.3	0.9	1	0.8
FREQUENCY OF SPEED                                                              																																							
	Month	0	1	2	3	4	5	6	7	8	9	10	11	12	13	14	15	16	17	18	19	20	21	22	23	24	25												
	ALL	11.3	7.3	11.9	12	11.2	10.1	7.5	6.5	4.9	3.9	3.7	2.6	2.2	1.5	1.1	0.8	0.5	0.3	0.3	0.2	0.1	0.1	0	0	0	0												
	1	12.3	6.1	9.6	11.1	11.4	10.2	7.2	6.8	5.2	3.9	3.5	3.1	2.5	1.8	1.5	1	0.9	0.4	0.6	0.3	0.2	0.1	0.1	0	0.1	0.1												
	2	11.6	6	10	12.1	12.9	11.5	8	6.5	4.6	3.7	3.6	2.3	2	1.4	0.9	1	0.6	0.4	0.5	0.2	0.3	0.1	0.1	0	0	0												
	3	12.7	6.1	10.9	12.3	12.4	11.3	8.4	6.9	4.3	3	2.4	1.9	1.9	1.2	1.3	1	0.6	0.3	0.4	0.3	0.1	0.1	0	0	0	0												
	4	13.5	7.1	11.5	14.1	13.3	11.8	8.4	5.6	3.7	2.9	2.3	1.6	1.4	1	0.8	0.5	0.3	0.1	0.2	0.1	0	0	0	0	0	0												
	5	9.6	6.9	13.1	15.3	15.1	11.5	7.3	5.3	4	3.2	2.6	1.9	1.5	1	0.7	0.4	0.3	0.1	0.1	0	0	0	0	0	0	0												
	6	16.1	11.5	16.6	13.6	11.1	7.9	5.3	4.2	3.1	2.5	2.5	1.6	1.4	0.8	0.6	0.4	0.3	0.1	0.2	0	0.1	0	0	0	0	0												
	7	14.2	10.7	15.9	12.1	8.8	7	5.3	5	4	3.7	3.6	2.6	2.3	1.5	1.3	0.9	0.6	0.3	0.2	0.1	0	0	0	0	0	0												
	8	10	8.1	12.9	11.3	10.6	10.4	8.6	7.8	5.5	3.8	3.7	2.3	1.8	1.3	0.9	0.5	0.3	0.1	0.1	0	0	0	0	0	0	0
	9	6.3	5.9	11.2	9.8	9.5	11.6	8.9	8.7	6.3	5.4	4.9	3.4	2.9	1.5	1.2	1	0.7	0.2	0.4	0.1	0.1	0	0	0	0	0
	10	6.7	5.7	9.1	9.7	8.6	8.5	7.6	7.9	7.2	6	6.3	4.4	4.1	2.6	2.1	1.2	0.7	0.3	0.5	0.4	0.2	0.1	0.1	0.1	0	0
	11	9	6.3	10.7	11.3	10.5	9.3	7	7.6	5.8	4.8	5	3.3	2.7	1.7	1.3	1.2	0.7	0.4	0.5	0.5	0.3	0.1	0.1	0	0	0
	12	13.4	7.1	10.4	10.4	10.2	10.2	7.7	6.4	5.2	4.1	3.8	2.6	2.5	1.8	1.2	1.1	0.5	0.3	0.4	0.2	0.3	0.1	0.1	0.1	0	0
PERCENT OF POWER BY SPEED                                                       																											
	Month	0	1	2	3	4	5	6	7	8	9	10	11	12	13	14	15	16	17	18	19	20	21	22	23	24	25
	ALL	0	0	0.3	0.9	2	3.3	4.1	5.9	6.4	7.1	9	8.5	9.6	7.8	7.7	6.7	5.2	2.9	4.3	3	2.4	1.1	0.8	0.6	0.3	0.3
	1	0	0	0.2	0.7	1.6	2.7	3.2	4.9	5.4	5.7	6.9	8.1	8.5	7.8	7.8	6.7	6.9	4	6.6	3.9	2.2	0.9	1.2	0.8	1.3	1.8
	2	0	0	0.3	0.9	2.2	3.6	4.3	5.6	5.7	6.3	8.3	7.3	7.9	6.8	5.4	7.4	5.4	3.9	6.4	3.6	4.3	1.4	1.1	0.8	0.6	0.3
	3	0	0	0.3	1	2.3	3.8	4.8	6.5	5.8	5.8	6.3	6.6	8.6	6.9	9.2	8.1	6.4	3.4	4.9	4.1	2.7	1.7	0.6	0	0	0
	4	0	0.1	0.4	1.7	3.6	5.8	6.9	7.5	7.2	7.9	8.4	7.6	8.7	7.5	7.8	5.9	5.2	2.3	3	1.4	0	0.7	0.3	0	0	0
	5	0	0.1	0.5	1.8	4	5.6	5.9	7.1	7.9	8.6	9.5	9.4	9.8	8.1	7	4.9	3.9	2.2	2.4	0.7	0.4	0	0	0	0	0
	6	0	0.1	0.7	1.8	3.3	4.4	5	6.4	6.8	7.8	10.4	9.2	10.2	7.1	7.2	5.2	4.2	1.6	4	0.9	2.2	0.2	0.9	0.3	0	0
	7	0	0.1	0.5	1.1	1.7	2.5	3.2	5.1	5.8	7.4	9.9	9.8	10.9	8.8	9.7	7.9	6.2	3.3	2.8	2.1	0.7	0.2	0.2	0	0	0
	8	0	0.1	0.4	1.1	2.3	4.3	6	8.8	9.1	8.7	11.5	9.5	9.5	8.8	7.6	4.9	3.4	1.7	1.5	0.3	0.4	0	0	0	0	0
	9	0	0	0.3	0.7	1.4	3.2	4.2	6.8	7	8.4	10.5	9.7	10.7	6.9	6.9	7	6.3	2.4	4.8	1.7	1.1	0.2	0	0	0	0
	10	0	0	0.2	0.5	1	1.8	2.7	4.6	6.1	7	9.9	9.5	11.2	9.1	9	6.2	4.2	2.3	4.1	4	2.5	1.6	0.8	1.1	0.3	0.4
	11	0	0	0.2	0.7	1.4	2.3	2.9	5.3	5.7	6.6	9.2	8.3	8.8	6.7	6.6	7.2	5.5	3.3	4.7	5.4	4.2	1.7	1.5	0.9	0.6	0.2
	12	0	0	0.2	0.7	1.6	2.9	3.6	5	5.8	6.4	7.9	7.5	9.2	8.1	7	7.4	4.4	2.9	4.4	3.2	4.8	2.5	1.8	2.3	0.5	0
PREVAILING DIRECTION BY HOUR                                                    																											
	Month	0	1	2	3	4	5	6	7	8	9	10	11	12	13	14	15	16	17	18	19	20	21	22	23		
	ALL	110	110	110	110	110	110	110	110	90	90	90	90	80	90	80	80	90	80	90	80	90	100	90	100		
	1	110	120	120	110	120	110	110	110	130	120	110	120	110	110	110	120	110	120	120	120	100	110	120	120		
	2	110	110	110	110	110	110	110	100	120	110	110	110	110	110	110	110	110	110	110	100	110	110	110	100		
	3	110	120	110	110	120	120	120	110	110	120	110	110	100	110	100	100	90	110	110	110	110	110	110	110		
	4	110	110	110	110	120	110	110	110	110	110	100	100	90	90	90	90	90	100	100	90	110	100	110	110		
	5	90	100	100	110	110	110	100	100	100	100	90	80	90	90	90	90	80	90	90	80	90	90	90	100		
	6	110	110	110	110	100	90	90	90	90	90	90	80	80	80	80	80	80	80	90	80	90	90	90	100		
	7	110	110	210	200	200	210	200	210	90	90	90	90	80	90	220	90	80	90	90	80	90	100	90	110		
	8	200	190	200	200	190	210	210	200	210	210	80	80	80	220	220	80	80	80	80	80	200	200	200	200		
	9	80	70	70	80	70	70	80	80	60	70	70	80	80	80	60	80	80	90	80	60	70	70	80	70		
	10	80	80	80	80	80	80	80	80	80	80	80	70	80	80	80	80	80	80	80	70	70	80	70	80
	11	80	80	80	80	120	90	80	80	80	120	70	80	80	80	80	70	80	80	90	130	80	90	80	130
	12	90	90	90	120	80	90	90	90	90	90	80	90	90	110	90	90	130	90	120	80	90	90	80	130
SPEED FOR PREVAILING DIRECTION BY HOUR                                          																									
	Month	0	1	2	3	4	5	6	7	8	9	10	11	12	13	14	15	16	17	18	19	20	21	22	23
	ALL	3.76	3.91	3.82	3.79	3.94	3.79	3.89	3.8	4.99	4.84	4.92	4.74	6.05	4.98	5.76	5.73	4.95	5.85	4.81	5.85	4.86	4.62	4.78	4.38
	1	4.47	3.83	4.08	4.68	4.09	4.7	4.77	4.25	3.81	4.21	3.98	4.1	4.41	4.49	4.67	3.94	4.23	3.61	4.98	4.53	4.81	4.33	4.24	4.24
	2	4.86	4.56	4.26	4.49	4.39	4.29	4.25	5.01	4.36	4.71	4.68	4.54	4.77	4.14	4.54	4.49	4.3	4.77	4.62	5.85	4.68	4.31	4.25	4.59
	3	4.33	4.32	4.32	4.28	4.4	3.92	4.66	3.83	4.75	4.28	4.22	4.34	5.09	4.49	4.63	4.79	5.68	4.63	4.5	4.48	4.76	4.95	4.66	4.27
	4	4	4.21	4.32	4.21	3.79	3.73	3.95	4.13	4.02	4.67	4.13	4.68	4.36	4.64	4.29	4.93	4.54	4.68	4.51	4.72	3.77	5.64	4.3	4.57
	5	4.36	3.92	3.87	3.3	3.46	3.35	3.86	4.16	4.17	4.22	4.44	4.49	4.36	4.84	4.49	4.54	4.78	4.56	4.45	4.81	3.91	4.08	4.1	4.16
	6	2.72	3.07	3.02	3.03	3.44	3.05	2.93	2.88	2.86	2.78	3.07	3.32	3.09	3.17	3.06	3.08	2.62	2.97	3.19	3.04	2.89	3.06	2.89	2.71
	7	2.66	2.59	8.41	8.97	9.55	8.83	9.44	9.2	2.86	2.87	3.03	2.9	3.1	2.96	10.31	2.75	2.62	2.75	2.45	2.69	2.51	3.14	2.75	2.51
	8	9.08	7.55	7.94	8.16	8.47	8.58	7.67	6.55	6.76	7.25	4.34	4.16	3.95	9.68	9.21	3.51	3.54	3.4	3.36	2.94	7.59	8.47	9.86	9.66
	9	8.26	10.01	8.81	8.07	9.84	9	9.04	7.81	9.45	11.16	11.54	8.01	7.32	6.72	9.11	5.21	5.03	4.64	5.7	10.08	10.11	9.96	8.94	9.9
	10	10.24	10.34	9.4	9.92	10.42	9.78	10.49	10.63	9.47	9.82	9.99	10.51	10.03	9.3	9.47	9.33	9.28	10.05	9.34	10.62	10.08	10.37	10.74	10.96
	11	7.58	8.01	8.52	8.42	3.36	6.45	8.39	8.61	8.67	3.62	7.73	8.36	8.48	7.68	8.41	9.22	8.39	8.72	6.49	3.41	8.13	7.51	7.88	3.95
	12	5.84	6.42	5.56	4.08	7.99	6.26	6.05	6.64	6.02	5.67	8.37	5.63	5.73	3.38	5.09	5.54	4.09	5.34	3.67	7.6	6.38	7.16	8.24	4.57
