CAPE DECISION(AMOS) AK - 703880                                                 														
 56 deg    00' N  134 deg    08' W - Elev   12m   LST=GMT+99 hours   *NT= -9    														
 01/73-11/74 02/85-10/89 12/00-09/01                                            														
SPEED BY YEAR                                                                   														
	Year	ALL	JAN	FEB	MAR	APR	MAY	JUN	JUL	AUG	SEP	OCT	NOV	DEC
	ALL	4.9	6.44	5.34	5	5.16	4.71	4.35	3.87	3.89	3.99	4.87	5.63	6.09
	1973	6.04	7.3	5.95	4.91	7.36	6.22	5.73	4.51	5.31	4.54	7.05	6.6	7.48
	1974	5.44	5.85	8.21	5.12	5.22	5.49	4.94	5	3.89	4.12	-1	4.1	-1
	1985	4.7	-1	6.75	5.29	5.75	5.05	4.93	3.71	4.2	4.18	4.49	3.4	5.11
	1986	4.68	7.01	4.33	5.68	4.75	3.82	4.01	4.3	3.1	3.3	4.09	5.44	5.54
	1987	5.17	6.08	6.02	4.05	5.69	5.59	3.94	4.15	4.15	3.8	4.77	6.35	7.3
	1988	4.72	5.22	5.95	6.02	4.97	3.94	3.34	3.07	3.41	3.96	4.72	6.82	5.63
	1989	4.18	7.31	2.63	4.02	3.35	3.85	4.53	3.23	3.68	4.17	5.63	-1	-1
	2000	4.6	-1	-1	-1	-1	-1	-1	-1	-1	-1	-1	-1	4.6
	2001	13	-1	-1	-1	-1	-1	-1	-1	-1	13	-1	-1	-1
POWER BY YEAR                                                                   														
	Year	ALL	JAN	FEB	MAR	APR	MAY	JUN	JUL	AUG	SEP	OCT	NOV	DEC
	ALL	224	482	293	217	233	167	119	80	87	106	233	383	388
	1973	339	572	411	205	480	306	226	97	198	143	479	470	545
	1974	265	382	611	266	188	221	171	210	98	103	-1	44	-1
	1985	182	-1	416	229	308	203	150	77	103	136	181	136	204
	1986	187	486	152	265	195	88	89	100	47	54	107	303	270
	1987	234	325	351	138	286	231	81	78	99	84	196	363	557
	1988	239	331	330	289	206	112	60	42	49	111	246	701	440
	1989	182	798	53	153	55	93	132	43	62	107	455	-1	-1
	2000	57	-1	-1	-1	-1	-1	-1	-1	-1	-1	-1	-1	57
	2001	1317	-1	-1	-1	-1	-1	-1	-1	-1	1317	-1	-1	-1
NUMBER OF SPEED OBSERVATIONS BY YEAR                                            														
	Year	ALL	JAN	FEB	MAR	APR	MAY	JUN	JUL	AUG	SEP	OCT	NOV	DEC
	ALL	42917	3487	3354	3983	3867	4009	3799	3993	3896	3417	3168	2853	3091
	1973	4430	369	377	370	361	355	344	433	402	371	344	321	383
	1974	2595	359	297	317	357	348	302	251	277	86	0	1	0
	1985	6858	0	286	614	626	721	642	701	648	650	656	623	691
	1986	7493	698	612	672	584	632	574	652	618	486	634	647	684
	1987	7834	691	586	688	673	645	643	676	674	558	659	659	682
	1988	7795	694	595	660	617	668	662	684	671	628	664	602	650
	1989	5910	676	601	662	649	640	632	596	606	637	211	0	0
	2000	1	0	0	0	0	0	0	0	0	0	0	0	1
	2001	1	0	0	0	0	0	0	0	0	1	0	0	0
NUMBER OF SPEED OBSERVATIONS BY HOUR                                            														
	Hour	ALL	JAN	FEB	MAR	APR	MAY	JUN	JUL	AUG	SEP	OCT	NOV	DEC
	0	1533	116	114	145	133	147	128	145	138	127	120	104	116
	1	1517	117	126	145	129	137	139	142	125	114	114	107	122
	2	1795	151	139	177	160	156	161	174	161	136	139	116	125
	3	1985	169	167	188	191	198	178	164	169	145	142	131	143
	4	1766	143	144	163	166	171	157	177	147	133	124	110	131
	5	1865	158	149	173	164	178	175	168	176	146	132	113	133
	6	1868	150	148	176	177	181	174	172	168	143	130	115	134
	7	1883	150	143	179	172	176	171	187	181	146	133	118	127
	8	1834	147	142	165	166	178	154	175	169	162	136	115	125
	9	2007	169	157	192	189	179	180	178	193	153	145	131	141
	10	1839	151	145	174	159	177	170	172	174	151	128	114	124
	11	1860	153	144	170	161	172	167	183	180	139	139	125	127
	12	1898	152	138	172	169	174	172	172	178	162	146	128	135
	13	1879	147	144	170	176	179	167	177	180	149	136	123	131
	14	1780	144	136	165	161	147	148	167	173	154	133	122	130
	15	1875	169	143	177	170	168	161	167	162	152	142	127	137
	16	1523	111	106	136	136	143	133	141	135	134	122	114	112
	17	1869	161	148	166	170	179	167	174	164	156	136	119	129
	18	1568	117	112	142	135	144	136	144	152	129	126	114	117
	19	1522	118	120	137	135	139	128	144	137	120	116	109	119
	20	1895	156	154	173	162	173	170	184	168	155	136	126	138
	21	2021	172	168	200	183	198	168	170	179	150	148	139	146
	22	1491	114	122	141	136	140	124	144	125	116	108	106	115
	23	1844	152	145	157	167	175	171	172	162	145	137	127	134
	24	1533	116	114	145	133	147	128	145	138	127	120	104	116
SPEED BY HOUR                                                                   														
	Hour	ALL	JAN	FEB	MAR	APR	MAY	JUN	JUL	AUG	SEP	OCT	NOV	DEC
	0	4.63	6.46	5.18	4.77	4.42	4.18	4	3.38	3.48	3.83	4.81	5.76	6.25
	1	4.56	6.36	5.05	4.65	4.39	3.96	3.89	3.25	3.53	3.64	5.01	5.34	6.16
	2	4.66	6.4	5.54	4.9	4.67	4.16	4.23	3.3	3.43	3.8	4.7	5.68	5.79
	3	4.82	6.31	5.96	5.28	4.9	4.35	3.85	3.17	3.7	3.74	5.17	5.7	6.07
	4	4.72	6.53	5.71	5.13	5.01	4.16	3.75	3.01	3.33	3.89	4.76	6.15	6.15
	5	4.64	6.39	5.41	5.07	5.14	3.99	3.66	3.08	3.18	3.81	4.95	5.84	6.21
	6	4.66	6.48	5.21	4.85	5.01	4.37	3.86	3.09	3.47	3.82	4.79	5.82	5.99
	7	4.77	6.53	5.41	4.93	5.38	4.63	4.08	3.38	3.32	3.82	4.69	5.93	6.29
	8	4.81	6.61	5.22	5.15	5.35	4.98	3.91	3.46	3.55	3.77	4.89	5.61	6.06
	9	4.99	6.48	5.65	5.15	5.49	5.15	4.28	3.7	3.66	3.88	5.2	5.52	6.21
	10	5.02	6.37	5.62	5.07	5.56	5.05	4.31	4.01	3.84	4.21	4.96	6.02	5.97
	11	5.02	6.34	5.29	5.34	5.52	5.13	4.6	4.01	3.81	4.23	4.96	5.53	6.01
	12	5.12	6.34	5.34	5.36	5.74	5.1	4.73	4.4	4.18	4.17	4.75	5.42	6.41
	13	5.22	7.04	5.03	5.19	5.72	5.31	4.94	4.37	4.35	4.4	5.31	5.62	5.74
	14	5.26	6.48	5.43	5.42	5.75	5.42	5.02	4.46	4.51	4.47	4.94	5.43	6.17
	15	5.3	6.41	5.23	5.08	5.75	5.53	4.9	4.84	4.82	4.43	5.11	5.46	6.04
	16	5.01	6.36	4.84	5.22	5.04	4.97	4.9	4.77	4.56	4.09	4.59	5.42	5.76
	17	5.19	6.55	5.19	5.22	5.39	5.03	5.01	4.91	4.61	4.26	4.73	5.48	6.05
	18	4.91	6.43	4.92	4.74	4.97	4.74	4.59	4.51	4.35	4.35	4.4	5.36	6.12
	19	4.85	6.64	4.86	4.57	4.61	4.67	4.49	4.25	4.05	4.19	4.6	5.68	6
	20	4.91	6.33	5.35	4.48	5.09	4.83	4.73	4.32	4.19	3.58	4.86	5.51	6.11
	21	4.92	6.2	5.6	4.78	4.87	4.63	4.42	4.06	3.85	3.9	4.94	5.82	6.37
	22	4.62	6.03	5.3	4.73	4.49	4.1	4	3.66	3.71	3.63	4.45	5.5	6.3
	23	4.79	6.49	5.23	4.82	5	4.35	4.37	3.6	3.92	3.74	5.07	5.53	5.89
	24	4.63	6.46	5.18	4.77	4.42	4.18	4	3.38	3.48	3.83	4.81	5.76	6.25
POWER BY HOUR                                                                   														
	Hour	ALL	JAN	FEB	MAR	APR	MAY	JUN	JUL	AUG	SEP	OCT	NOV	DEC
	0	205	493	277	211	177	126	94	51	60	84	195	376	447
	1	199	510	267	181	173	106	92	47	69	74	217	309	419
	2	217	477	354	246	191	119	125	52	87	94	194	410	355
	3	235	445	421	264	216	133	105	47	103	97	255	412	387
	4	236	541	402	250	237	129	101	50	64	114	228	491	362
	5	217	449	307	292	234	103	77	42	52	104	249	438	401
	6	223	495	292	222	228	138	93	43	81	116	304	463	356
	7	234	476	301	246	276	142	102	80	71	100	329	481	395
	8	220	505	300	244	245	189	100	57	62	94	259	328	392
	9	224	449	318	216	231	207	103	64	74	96	291	325	408
	10	217	454	272	195	268	188	98	78	70	108	241	413	358
	11	208	403	258	212	254	199	114	77	63	110	238	329	344
	12	217	398	263	246	253	193	122	99	83	104	211	306	425
	13	236	568	219	218	266	231	138	92	95	131	266	399	319
	14	238	476	259	251	277	213	154	93	107	128	247	372	368
	15	248	496	247	194	274	231	143	121	129	126	256	427	390
	16	235	557	240	222	210	178	151	119	124	108	183	476	369
	17	250	533	291	251	234	193	186	143	121	151	215	401	363																									
	18	213	503	241	171	195	171	130	105	108	128	167	336	408																									
	19	216	576	244	161	183	160	132	93	91	115	174	352	402																									
	20	226	476	297	139	258	202	157	146	133	86	211	297	372																									
	21	227	417	329	174	242	162	119	86	79	99	241	390	468																									
	22	201	431	279	190	172	135	100	66	68	76	140	370	471																									
	23	217	509	279	196	248	149	126	70	98	93	251	311	351																									
	24	205	493	277	211	177	126	94	51	60	84	195	376	447																									
SPEED BY DIRECTION                                                              																																							
	Month	calm	0	10	20	30	40	50	60	70	80	90	100	110	120	130	140	150	160	170	180	190	200	210	220	230	240	250	260	270	280	290	300	310	320	330	340	350	360
	ALL	0	4.4	4.92	4.35	3.9	3.77	4.63	4.78	5.14	6.55	6.62	5.67	5.36	4.66	4.89	4.67	4.04	3.92	4.2	4.47	3.95	4	3.21	3.35	3.36	3.73	3.99	4.66	5.44	5.66	5.24	5.12	4.65	4.48	4.91	4.83	3.67	4.4
	1	0	2.9	4.3	4.9	4	4.6	5	5.3	6	8.9	8.6	7.3	6.5	5.5	6.1	5.5	5.2	4.8	4.7	6.3	4.2	5.4	1.8	4.2	4.7	6.4	5	7.2	8.7	8.7	8.5	7	6.2	6	7.6	6.1	3.6	2.9
	2	0	5.1	5	4.6	5.8	5.2	5.9	5.6	7.3	6.6	6.9	5.2	4.6	5.2	4.9	4.3	3.7	5.5	4.4	5.9	4.4	4.8	4.4	2.1	2.9	3.8	3.3	4.2	5.6	6	4.5	5.4	6.1	8.2	8.1	6.7	4	5.1
	3	0	5.1	5.4	5	4.3	4.1	4.3	4.3	5.2	6	5.9	5.3	5.4	4.4	5.1	5.2	3.6	3.9	3	3.5	2.3	3.4	2.8	3.4	3.1	2.8	2.6	4.5	6	5.7	6.3	6	5.7	4.8	4.3	6.9	5.1	5.1
	4	0	4.5	6	5.2	3.9	3.5	4.4	5.1	4.7	6.6	6.9	6.5	6.7	5.5	5.6	5.7	4.6	4.2	4.2	4.6	4.1	3.9	4.3	3.9	4	3.7	4.3	4.5	5.6	5.9	5.7	5.4	4.4	3.6	4.8	4.7	4.3	4.5
	5	0	1.5	4.9	5.3	2.7	3	5.1	4.4	4.5	5.1	6	6.1	4.9	5.2	5.3	4.3	3.9	4	4.7	4.2	5	4.2	2.8	3.7	2.8	3.4	3.3	4.2	4.4	5	5	5.9	4.6	3.6	3.6	2	1.9	1.5
	6	0	1.8	2	3.1	2.5	3.1	3.7	3.9	4.7	4.4	4.5	4.4	4.7	4	4.4	4.1	4	4.1	4.3	3.8	4.2	4.2	3.3	4.2	3.8	4	4.3	4.2	4.9	5.3	4.7	5.1	4.7	3.7	4.5	2.5	1.8	1.8
	7	0	2.4	1.8	2.3	2.8	2.4	3.2	4	4.2	3.7	3.1	2.5	2.8	2.5	3.1	3.1	2.6	2.7	3.8	3.5	3.3	2.9	3.1	3.1	2.5	3.1	3.6	4.5	5.1	4.7	4.6	4.6	4.2	3.7	4	2.9	2.5	2.4
	8	0	3.7	1.8	2	2.3	2.4	2.4	3	2.7	2.9	2.6	2.9	2.9	2.9	3.5	3.4	3	2.6	3.3	3.4	4.2	3.9	3.4	3.8	3.4	3.9	3.9	5	4.7	4.5	4.4	4.7	4.5	4.6	4.7	4.2	3.8	3.7
	9	0	2.8	1.5	2.9	2.9	3.2	3.9	4.1	3.8	3.7	4.7	4.4	4.3	4.1	4	4	3.7	3.7	3.6	3.7	3.4	3	2.8	3.2	3.2	3.3	3.5	3.5	4.6	4.7	4.1	4.6	4.5	4.5	3.8	3.9	3.9	2.8
	10	0	1.6	4.1	2.2	2.7	2.8	3.8	4.2	3.6	5.8	6.5	5.6	5.9	4.6	5.2	5	4.3	3.5	4.2	4.3	3.4	4	4.1	3.1	3.7	4	5.4	4.9	5.4	5.9	5.9	5.3	4.9	4	3.7	2.8	2.4	1.6
	11	0	1.7	6.8	4.7	5	3.9	4.7	6.1	5.2	7.1	7.6	6.3	6.3	5.1	5.1	5.9	4.9	4.3	4	5	2.4	3.6	2.1	2.1	3.2	3.7	3	4.3	6.4	8.6	7.2	4.8	3.7	1.2	1.4	2.2	2.2	1.7
	12	0	1.5	5.5	4.4	3.9	4	5.9	5.4	7.4	7.6	7.7	7.2	6.8	6.1	6	5.4	4.9	4.6	4.8	4.6	4.5	4.5	3.2	2.3	2.8	2.8	3.9	4.5	5.5	8.4	8.5	6.3	5.4	2.8	1.2	1.2	1.3	1.5
FREQUENCY BY DIRECTION                                                          																																							
	Month	calm	0	10	20	30	40	50	60	70	80	90	100	110	120	130	140	150	160	170	180	190	200	210	220	230	240	250	260	270	280	290	300	310	320	330	340	350	360
	ALL	4.57	8.06	0.84	0.84	1.26	1.27	1.18	1.51	1.79	3.85	6.76	5.84	4.68	3.34	3.59	3.88	3.28	2.69	1.83	1.71	0.96	1.28	1.35	1.63	1.6	1.6	2.12	2.87	4.22	5.51	5.33	5.24	2.89	1.4	1.27	1.16	1.38	8.06
	1	3.2	4.2	1	1.2	1.4	1.5	1.9	2.6	2.4	8.7	11.2	5.4	5	3.4	3.5	2.9	2.3	1.8	1.4	1.6	0.6	1.3	0.8	1.3	1.7	1.3	1.8	2.7	3.9	3.6	3.5	2	1.1	1.4	2	2.8	5	4.2
	2	5.9	24	1.8	1.5	1.9	1.9	1.6	2	2.6	4	8.1	3.5	2.4	2.2	1.7	2.3	2.1	2	1.7	2.7	0.9	1.1	0.7	0.9	1.1	1.1	1.7	1.3	1.9	2.1	2	2.1	1.6	1.6	1.9	3.1	5.3	24
	3	3.7	27.4	2.2	1.8	2	1.7	1.7	2.2	2.4	4.4	6.1	6.2	4.9	3.3	2.1	3.4	2.1	1.5	0.8	1.4	0.6	0.8	0.5	1	1.1	1.2	1.1	1.6	3.2	2.4	2.6	1.8	1.1	0.7	0.5	1	1.1	27.4
	4	3.9	21.8	1.9	1.1	1.6	1.2	1.2	1.5	1.7	3.7	5.5	5.7	4.8	3.2	3.8	3.7	3.1	2.4	1.6	1.2	0.7	1.3	1.7	1.3	1.2	1.5	1.8	2.1	3.3	3.9	3.9	2.7	1.1	0.9	0.4	0.8	0.7	21.8
	5	3.9	1.2	0.3	0.5	0.9	0.9	0.6	1.4	1.9	3	6.1	7.1	5.4	4.2	5.2	5.4	4	3.2	2.7	2.4	1.6	2	1.6	1.7	1.3	1.5	1.3	2.3	3.1	5.6	6.2	7.1	3.7	1.4	1.7	0.7	0.3	1.2
	6	4.2	1.2	0.4	0.6	0.9	0.9	1	1.3	1.8	2.2	4	5.3	5	4	5.3	4.2	3.9	3.5	2.5	1.8	1.2	1.3	1.4	1.7	1.6	1.8	2.2	3.6	4.8	7.2	6.7	8.3	4.2	1.4	1.4	0.8	0.4	1.2
	7	4.3	0.8	0.2	0.4	0.6	0.7	0.7	0.9	1.6	1.3	2.6	2.7	2.5	2.1	2.3	2.8	2.5	2.6	1.5	1.2	0.8	1.2	1.7	2.3	1.9	1.8	2.4	4.7	6.9	10	10.1	11	7.2	3.9	2.9	1.3	0.5	0.8
	8	4.4	2.7	0.2	0.4	0.4	0.6	0.5	0.6	0.8	1.3	3	3.4	3.6	2.8	3.5	2.9	3.1	2.7	1	1.3	1.6	1.6	2.4	2.7	2.6	2.3	3.2	4.8	5.6	9	9	8.9	5.5	2.2	1.5	1.2	1	2.7
	9	7.8	4.7	0.3	0.3	1	0.8	0.5	1	1.7	2.3	4.1	3.7	4.6	3.1	3.6	4.7	3.4	2.6	2.2	1.6	1	1.3	1.4	1.2	1.7	2	2.3	2.8	5.5	7.1	7.9	9	5	1.4	1.5	1.2	1.5	4.7
	10	5.7	2.5	0.6	0.6	1.3	1.2	0.8	1.2	1	2.5	6.8	8.6	5.9	4.1	4.8	6.2	4.9	3.8	2.9	2.3	0.9	1.4	1.3	2.1	1.7	1.9	3.8	3.7	5.7	5	4.1	3.6	1.2	0.7	0.4	0.3	0.3	2.5
	11	5.3	2	0.5	1.1	2	2.7	2.1	2.2	2.2	6.8	13.7	9.2	5.3	3.6	3.2	4.1	4	2.9	1.6	1.2	0.7	0.9	1.5	1.8	1.8	1.7	2	2.6	3.5	5.3	3.1	2.2	0.6	0.3	0.4	0.5	0.6	2
	12	3.3	1.6	0.6	0.6	1.5	1.6	1.8	1.5	1.5	7.8	13.7	11	7.5	4.3	4.3	4.4	4.4	3.5	2.3	1.9	0.8	1.1	1.1	1.4	1.5	1	2.1	1.9	2.8	4	3	1.8	0.9	0.2	0.2	0.3	0.2	1.6
FREQUENCY OF SPEED                                                              																																							
	Month	0	1	2	3	4	5	6	7	8	9	10	11	12	13	14	15	16	17	18	19	20	21	22	23	24	25												
	ALL	4.6	13.4	15.5	14.3	11.3	10	7.6	6.1	4.4	3.6	2.7	1.8	1.5	1	0.7	0.5	0.4	0.2	0.2	0.1	0.1	0	0	0	0	0												
	1	3.2	10.2	13.7	10.7	7.5	7.4	6.7	6.9	6	6	4.8	4.1	3.6	2.8	1.7	1.3	1.2	0.8	0.6	0.3	0.2	0.1	0	0	0	0												
	2	5.9	13.2	15.5	11.4	9.8	8.7	5.6	6.6	4.5	4.3	4	2.6	2.4	1.4	1.3	1.2	0.5	0.2	0.4	0.1	0.1	0	0.1	0	0	0												
	3	3.7	13	16	14.5	11.6	9.2	6.7	6	4.3	4.4	3.6	2.4	1.7	1.1	0.6	0.4	0.4	0.1	0.1	0.1	0.1	0	0	0	0	0												
	4	3.9	12	14.8	13.2	10.6	12	8.7	5.7	4.8	4	2.7	2.2	1.7	1.2	1	0.4	0.6	0.2	0.2	0.2	0.1	0	0	0	0	0												
	5	3.9	13.6	15.2	15.2	11.5	10.7	8.4	6.4	4.7	3.4	2.5	1.6	1	0.8	0.3	0.3	0.1	0.1	0	0	0	0	0	0	0	0												
	6	4.2	14.5	16.3	13.8	12.8	12	8.9	7.3	4.2	2.7	1.7	0.7	0.5	0.3	0.1	0.1	0	0	0	0	0	0	0	0	0	0												
	7	4.3	15.7	17.6	18.1	14.7	11	8.8	4.9	2.6	1.4	0.6	0.3	0.1	0.1	0	0	0	0	0	0	0	0	0	0	0	0												
	8	4.4	15.6	18.2	18.8	13.4	11.2	7.7	4.5	2.7	1.7	0.9	0.4	0.3	0.1	0	0.1	0.1	0	0	0	0	0	0	0	0	0
	9	7.8	15.9	16.9	15.5	11.5	10.7	6.8	5.8	3.8	1.9	1.7	0.8	0.4	0.3	0.1	0	0	0	0	0	0	0	0	0	0	0
	10	5.7	13.3	15.8	13.9	11.9	8.2	8.1	5.5	5.1	3.2	3	1.7	1.7	0.7	0.5	0.6	0.4	0.3	0.3	0.1	0.1	0.1	0	0.1	0	0
	11	5.3	12.8	13.5	12.8	9.5	8.2	5.9	6.1	5.7	4.7	4.3	2.5	2.6	1.9	1.3	0.6	0.5	0.7	0.4	0.4	0.1	0.1	0	0.1	0	0.1
	12	3.3	10.3	11.7	11.7	9.5	9.3	8	7.5	5.4	6	3.6	3.4	2.7	2.4	1.9	1	0.9	0.3	0.5	0.2	0.1	0	0	0	0	0
PERCENT OF POWER BY SPEED                                                       																											
	Month	0	1	2	3	4	5	6	7	8	9	10	11	12	13	14	15	16	17	18	19	20	21	22	23	24	25
	ALL	0	0.1	0.6	1.5	2.6	4.4	5.7	7.2	7.7	8.8	8.9	8	8.7	7.5	6.2	5	4.7	3.3	3.2	2.2	1.5	0.7	0.3	0.9	0	0.5
	1	0	0	0.3	0.5	0.8	1.6	2.5	4	5.1	7.6	7.8	9.1	10.2	10	7.5	6.7	7.3	6.2	4.6	3.4	3	0.8	0.4	0.4	0	0
	2	0	0.1	0.5	1	1.8	2.9	3.2	6	5.9	7.8	9.6	8.2	10.5	7.6	8.6	9.5	4.7	2.6	4.8	0.8	2.1	0.6	1.3	0	0	0
	3	0	0.1	0.6	1.5	2.7	4	5	7.2	7.6	10.7	11.7	10.4	10	7.8	5.5	4.3	4.5	1.8	0.8	1.6	1.2	0	0	0.9	0	0
	4	0	0.1	0.5	1.3	2.3	5	6.1	6.3	7.8	9.2	8.2	8.9	9.3	7.7	7.7	4	6.9	2.1	2.4	2.9	1.2	0	0	0	0	0
	5	0	0.1	0.8	2.1	3.5	6.2	8.2	9.9	10.6	10.5	10.7	8.9	7.8	7.6	4	3.7	2	1.9	0.5	0	0	0.9	0	0	0	0
	6	0	0.2	1.1	2.7	5.5	9.6	12.3	15.7	13.2	12	9.9	5.6	5.5	3.4	0.9	1.1	0	0	0	0	0	1.3	0	0	0	0
	7	0	0.3	1.8	5.2	9.4	13.2	17.6	15.2	11.9	9.2	5	3.2	0.8	1.4	0	0.7	0	0	0	0	1.7	0	0	0	0	3.3
	8	0	0.3	1.7	4.9	7.9	12.5	14.3	13.5	11.6	10.4	7.3	4.1	3.7	0.9	0.5	1.5	1.5	0	1.1	0	0	0	0	2.4	0	0
	9	0	0.2	1.3	3.4	5.5	9.6	10.7	14.3	13.5	9.5	11.6	7.4	4.2	3.7	2.2	0.6	0.7	0	0	0	1.4	0	0	0	0	0
	10	0	0.1	0.6	1.4	2.7	3.5	5.8	6.2	8.6	7.1	10	7.1	9.4	4.9	3.9	5.7	4.5	4	4.4	1.7	2.1	1.6	0	2.6	0	1.9
	11	0	0.1	0.3	0.8	1.4	2.2	2.8	4.5	6.3	7.2	9.2	6.7	9.3	8.7	7	3.6	3.8	6.8	4.9	5.6	1	2.3	0.6	2.9	0	1.9
	12	0	0	0.3	0.7	1.3	2.5	3.7	5.4	5.7	9	7	8.9	9.4	10.2	10.3	6.5	6.9	2.8	4.9	2.5	1.3	0	0	0.6	0	0
PREVAILING DIRECTION BY HOUR                                                    																											
	Month	0	1	2	3	4	5	6	7	8	9	10	11	12	13	14	15	16	17	18	19	20	21	22	23	24	
	ALL	360	360	360	360	90	360	360	360	360	90	360	280	290	280	280	280	360	360	360	360	360	360	360	360	360	
	1	100	90	90	80	90	80	90	80	90	90	90	90	80	80	90	80	80	90	90	90	90	90	90	90	100	
	2	360	360	360	360	360	360	360	360	360	360	360	360	360	360	360	360	360	360	360	360	360	360	360	360	360	
	3	360	360	360	360	360	360	360	360	360	360	360	360	360	360	360	360	360	360	360	360	360	360	360	360	360	
	4	360	360	360	360	360	360	360	360	360	360	360	360	360	360	360	360	360	360	360	360	360	360	360	360	360	
	5	90	90	90	100	100	90	90	100	110	100	90	160	300	300	300	300	290	290	300	300	140	90	300	90	90	
	6	300	300	140	270	100	280	90	100	300	100	270	280	300	290	280	290	280	280	300	300	300	280	300	300	300	
	7	280	300	290	290	300	290	310	290	290	290	280	300	300	280	310	300	280	300	300	280	300	280	280	270	280	
	8	290	290	290	290	290	300	290	260	260	300	290	280	290	280	280	290	280	300	300	290	280	290	300	310	290	
	9	300	290	290	90	140	300	360	290	310	280	290	280	290	290	300	300	290	300	290	300	300	300	280	300	300	
	10	100	140	120	100	100	140	90	100	90	100	100	100	90	90	100	100	100	100	100	130	130	140	280	110	100
	11	110	90	90	90	90	90	90	90	90	90	90	90	90	80	100	90	90	90	90	90	90	90	90	100	110
	12	90	100	90	100	90	90	90	100	90	90	90	90	90	90	100	80	90	100	90	100	90	100	90	90	90
SPEED FOR PREVAILING DIRECTION BY HOUR                                          																										
	Month	0	1	2	3	4	5	6	7	8	9	10	11	12	13	14	15	16	17	18	19	20	21	22	23	24
	ALL	4.18	3.71	3.96	4.27	6.45	4.47	4.12	4.61	4.64	6.97	4.97	4.82	4.8	5.92	5.86	6.2	4.73	4.3	4.17	4.42	3.72	4.08	4.05	4.04	4.18
	1	6.28	8.75	6.71	8.49	8.58	9.61	8.58	7.86	9.44	8.64	7.32	7.91	7.79	8.46	8.63	10.21	9.68	8.89	9.96	10.4	9.54	9.17	8.62	8.42	6.28
	2	4.38	4.35	4.89	4.9	5.32	5.22	4.7	5.52	5.18	5.91	6.17	4.73	5.46	5.27	5.6	5.38	5.98	4.97	5.37	5.37	4.49	5.31	4.85	4.74	4.38
	3	4.99	4.38	5.17	5.5	4.59	5.33	5.07	5.14	5.42	5.44	5.07	5.75	5.51	5.37	5.27	5.47	5.36	4.7	4.32	4.7	4.2	5.06	4.99	4.74	4.99
	4	4.37	3.9	3.77	4.27	4.43	4.83	4.07	4.87	4.45	5.07	4.94	4.98	5.2	5.09	5.24	5.07	4.67	4.8	4.63	3.9	4	3.58	3.81	4.26	4.37
	5	6.27	6.35	6.39	5.85	7.23	3.91	5.38	5.08	5.09	5.9	6.22	4.74	6.57	6.96	8.24	7.33	5.21	5.3	5.99	6.84	5.93	5.2	4.57	6.61	6.27
	6	5.09	5.11	4.4	2.91	3.59	4.71	4.92	4.31	4.27	4.75	5.39	5.35	4.92	5.1	5.68	5.87	5.61	5.72	6.02	5.14	4.6	4.48	5.11	6.21	5.09
	7	4.15	3.84	4.15	3.95	4.11	3.61	2.96	4.17	4.36	3.99	4.54	4.46	4.58	5.36	5.26	5.17	5.6	5.92	5.09	4.92	5.01	4.79	4.67	5.43	4.15
	8	4.34	4.19	4.92	4.49	4.19	3.63	3.99	5.84	4.51	4.16	4.47	4.56	4.37	4.86	5.3	5.45	4.6	5.04	5.09	4.04	5.31	4.1	4.29	3.41	4.34
	9	4.91	4.73	4.18	3.95	4.27	5.79	2	3.12	4.31	3.76	4.77	4.92	3.92	4.06	5.57	5.15	4.61	5.78	4.48	4.65	3.73	3.43	4.9	4.84	4.91
	10	5.92	5.41	4.31	5.47	5.13	4.19	5.05	6.08	6.4	6.51	5.75	5.29	6.28	7.23	5.98	4.92	5.83	5.7	5.97	5.1	4.52	4.96	4.12	6.49	5.92
	11	7.03	6.81	9.31	8.32	10.03	9.07	9.26	7.05	7.45	8.81	7.65	6.7	5.12	6.93	4.63	6.9	6.84	6.39	7.89	7.31	7.4	8.85	8.28	8.78	7.03
	12	7.42	8.21	9.07	6.53	7	8.31	7.59	8.23	8.79	7.62	7.29	7.14	8.71	7.39	7.34	7.97	8.48	8.33	7.17	8.03	7.56	6.26	5.9	8.67	7.42
