CAPE NEWENHAM(AWOS) AK - 703050                                                 														
 58 deg    39' N  162 deg    04' W - Elev  165m   LST=GMT+99 hours   *NT=-11    														
 01/73-08/02                                                                    						Adjusted to Alaska Timezone (GMT-9)								
SPEED BY YEAR                                                                   														
	Year	ALL	JAN	FEB	MAR	APR	MAY	JUN	JUL	AUG	SEP	OCT	NOV	DEC
	ALL	5.39	6.31	6.36	6.16	5.43	4.38	3.65	3.79	4.78	5.17	5.88	6.58	6.42
	1973	5.59	6.86	6.85	5.38	5.92	4.58	4	2.51	4.79	4.99	6.86	7.26	5.78
	1974	5.11	6.58	6.29	7	5.1	4.12	3.16	5.1	4.06	4.36	4.89	5.73	4.25
	1975	5.19	4.77	5.37	7.31	6.49	3.88	4.13	3.11	3.37	3.82	5.73	6.01	7.17
	1976	4.93	5.98	6.54	6.32	5.33	4.68	3.37	3.37	3.68	4.33	5.74	5.24	4.89
	1977	5.2	6.91	6.26	6.47	4.11	3.87	2.65	3.32	3.56	5.84	6.17	6.72	5.61
	1978	5.04	6.7	5.44	4.49	4.82	2.8	4.36	3.97	3.44	4.45	5.35	7.37	7.43
	1979	5.06	7.84	4.93	5.21	5.43	3.08	3.56	2.79	4.84	4.57	5.18	7.31	6.12
	1980	4.46	5.53	6.07	5.96	1.39	3.29	3.44	3.61	3.51	4.75	4.58	4.95	6.39
	1981	5.16	7.3	6.98	6	4.38	3.58	2.98	4.14	5.49	5.09	6.28	4.84	4.95
	1982	5.36	6.33	5.48	6.54	5.48	4.48	4.09	4.23	4.18	5.16	6.51	5.63	6.14
	1983	4.67	4.5	4.81	5.1	5.41	4.04	2.78	3.66	4.04	4.83	5.28	5.68	5.93
	1984	4.13	5.16	4.7	3.62	5.75	3.1	2.27	2.44	4.76	3.8	4.21	5.37	5.97
	1985	5.12	6.4	5.11	5.08	4.79	5.16	3.79	2.43	4.53	4.82	5.93	7.08	5.96
	1986	4.36	5.06	6.57	3.17	5.39	4.08	2.41	2.14	3.87	4.68	4.12	4.53	6.32
	1987	4.05	4.52	5.06	5.12	5.76	3.28	2.11	1.03	1.42	3.88	5.49	5.51	4.8
	1988	4.81	3.75	8.58	2.33	6.25	3.87	3.99	2.02	3.98	6.02	4.49	4.63	6.16
	1989	4.48	5.13	10.09	3.24	6.45	3.65	4.36	3.82	3.52	2.38	4.63	4.5	3.55
	1990	4.63	4.2	6.32	5.85	1.43	4.26	0.92	2.27	4.96	3.73	2.81	5.69	6.44
	1991	6.25	2.05	7.21	9.55	5.62	5.83	5.66	4.23	4.27	5.86	8.16	8.04	6.66
	1992	6	6.31	6.05	6.1	5.13	5.16	5.04	3.87	6.43	6.74	6.92	6.33	7.5
	1993	6.37	8.5	8.31	6.57	5.68	5.18	4.2	4.57	6.28	6.71	5.97	7.73	7.36
	1994	6	4.25	5.72	7.12	5.89	4.21	3.63	4.66	6.31	6.14	7.62	9.68	8.22
	1995	5.04	5.81	8.38	6.08	4.98	5.6	3.13	3.79	4.77	4.02	3.75	5.15	6.02
	1996	6.93	7.8	9.95	5.85	7.06	5.13	5.82	4.88	6.45	7.27	6.76	8.83	8.65
	1997	5.4	6.36	6.88	3.64	3.91	4.04	2.87	3.14	6.41	5.11	5.82	8.31	7.46
	1998	6.32	6.23	3.77	9.16	7.39	6.25	4.52	3.87	6.8	6.34	7.12	6.86	7.86
	1999	5.96	7.16	6.75	6.4	7.55	4.98	3.07	4.29	5.82	5.61	5.54	6.29	5.47
	2000	6.45	6.23	9.53	7.81	5.6	5.01	4.35	5.28	8.04	6.36	5.45	5.55	7.69
	2001	6.42	5.84	8.47	7.78	4.75	4.41	3.66	4.9	4.78	4.93	7.41	9.15	6.08
	2002	6.07	9.12	7.3	8.05	7	5.9	3.16	4.48	4.55	-1	-1	-1	-1
POWER BY YEAR                                                                   														
	Year	ALL	JAN	FEB	MAR	APR	MAY	JUN	JUL	AUG	SEP	OCT	NOV	DEC
	ALL	295	452	453	396	302	165	105	112	181	203	302	457	451
	1973	301	531	610	290	287	162	135	43	167	179	363	523	289
	1974	275	595	368	502	290	172	64	228	134	134	181	353	225
	1975	326	310	454	668	498	111	202	115	86	93	256	283	689
	1976	246	464	462	432	290	184	111	113	82	111	224	200	259
	1977	261	448	272	433	144	127	44	66	96	253	317	546	304
	1978	217	376	298	162	242	59	134	84	74	116	192	438	444
	1979	236	472	241	243	272	51	71	48	173	144	181	494	456
	1980	232	589	414	291	12	72	107	110	90	132	138	362	445
	1981	244	487	492	276	182	99	54	95	289	218	261	233	257
	1982	269	401	339	383	272	176	122	152	121	168	374	404	317
	1983	205	259	217	242	278	128	45	81	94	162	224	333	391
	1984	151	228	252	116	248	97	37	33	144	90	153	232	384
	1985	224	280	204	272	162	232	60	38	151	139	250	529	288
	1986	148	181	417	58	192	130	51	31	79	112	180	86	247
	1987	172	202	256	167	271	108	57	23	12	67	293	281	250
	1988	224	165	822	50	267	93	134	26	74	211	90	120	429
	1989	222	366	1428	100	477	76	88	84	75	25	180	96	98
	1990	258	94	728	231	8	131	2	29	158	84	36	326	744
	1991	361	28	659	906	289	240	253	105	102	219	599	664	437
	1992	339	375	383	335	223	214	157	133	299	386	401	392	682
	1993	387	786	766	416	266	240	122	176	301	344	269	507	523
	1994	410	261	479	532	360	130	106	181	356	324	555	1060	878
	1995	277	276	750	511	271	226	69	118	153	145	251	316	375
	1996	531	964	1131	402	598	224	257	178	296	518	485	770	846
	1997	322	397	457	150	162	184	63	73	271	134	304	896	641
	1998	408	479	182	758	556	295	165	79	396	327	504	465	779
	1999	375	560	408	464	553	248	107	154	301	206	217	453	374
	2000	357	375	776	510	289	220	133	153	579	264	473	334	451
	2001	375	262	665	517	238	211	77	216	162	195	432	728	306
	2002	385	953	450	654	469	311	72	125	148	-1	-1	-1	-1
NUMBER OF SPEED OBSERVATIONS BY YEAR                                            														
	Year	ALL	JAN	FEB	MAR	APR	MAY	JUN	JUL	AUG	SEP	OCT	NOV	DEC
	ALL	166326	13706	12931	14332	14574	14271	13438	14649	14275	14071	13905	12978	13196
	1973	6667	435	437	572	647	510	330	469	559	683	707	676	642
	1974	6619	614	403	538	425	390	269	608	685	689	727	686	585
	1975	6038	561	505	610	636	611	276	456	404	562	492	457	468
	1976	6773	448	618	717	675	647	564	680	614	488	414	430	478
	1977	7958	604	649	722	657	576	563	600	718	704	729	712	724
	1978	8499	731	663	729	709	721	691	729	722	699	697	693	715
	1979	8516	722	660	719	700	717	700	732	723	710	731	688	714
	1980	8820	780	696	744	720	744	720	744	744	720	744	720	744
	1981	8760	744	672	744	720	744	720	744	744	720	744	720	744
	1982	8763	744	672	744	720	744	719	744	745	721	745	721	744
	1983	8762	745	672	744	721	744	720	744	744	720	744	720	744
	1984	8138	745	697	744	720	745	720	744	744	721	745	701	112
	1985	1873	93	114	73	151	75	149	153	307	160	126	236	236
	1986	1340	185	128	116	182	46	93	152	160	79	64	74	61
	1987	1154	289	69	62	90	63	55	49	171	53	114	99	40
	1988	881	93	94	96	103	49	72	31	75	44	75	92	57
	1989	1012	81	60	71	63	142	71	66	119	33	119	89	98
	1990	834	47	85	84	20	65	23	56	113	169	19	66	87
	1991	4607	51	51	310	442	440	465	460	339	629	375	414	631
	1992	6448	536	487	490	479	464	420	650	533	634	601	548	606
	1993	6473	574	519	545	597	560	556	597	506	562	534	466	457
	1994	6775	570	553	592	624	508	605	643	621	594	591	391	483
	1995	6564	410	416	622	624	659	582	592	600	549	574	339	597
	1996	6493	386	530	617	626	642	461	587	602	474	603	557	408
	1997	5830	513	421	208	389	566	580	561	505	402	587	530	568
	1998	6956	477	543	607	571	655	642	643	552	519	609	625	513
	1999	4350	626	507	610	601	451	402	361	185	147	133	154	173
	2000	2554	126	165	151	319	243	263	74	138	521	106	21	427
	2001	3412	253	523	168	34	41	325	361	193	365	456	353	340
	2002	4457	523	322	583	609	709	682	619	410	0	0	0	0
NUMBER OF SPEED OBSERVATIONS BY HOUR                                            														
	Hour	ALL	JAN	FEB	MAR	APR	MAY	JUN	JUL	AUG	SEP	OCT	NOV	DEC
	0	6969	548	503	579	609	589	582	612	614	623	608	541	561
	1	7329	605	580	606	647	619	586	630	631	615	621	575	614
	2	7294	597	569	600	643	624	578	639	614	627	609	575	619
	3	7456	625	597	642	634	653	573	656	640	630	607	582	617
	4	7490	617	579	634	639	660	608	661	644	633	621	590	604
	5	7557	613	589	653	657	663	605	678	651	632	616	598	602
	6	7519	638	584	655	634	647	620	662	647	621	618	590	603
	7	7488	643	587	650	647	635	605	657	648	627	613	584	592
	8	7480	644	578	639	643	640	614	660	639	615	623	583	602
	9	7343	617	582	625	624	616	603	650	624	622	605	585	590
	10	7127	605	557	620	606	598	598	633	606	602	590	555	557
	11	7200	607	564	603	619	630	598	630	603	600	600	573	573
	12	7122	603	561	603	614	619	593	642	595	595	580	554	563
	13	7060	585	554	592	606	614	593	624	602	596	593	547	554
	14	7002	578	542	602	611	610	583	626	577	587	596	539	551
	15	6691	574	517	572	567	581	547	581	555	570	568	520	539
	16	6624	538	527	570	592	598	543	582	553	551	546	505	519
	17	6650	549	530	584	591	577	539	589	574	564	547	502	504
	18	6204	505	497	556	555	547	505	556	539	535	492	455	462
	19	6256	502	498	578	555	523	470	551	548	513	525	491	502
	20	6078	474	462	558	566	515	463	528	544	520	517	475	456
	21	6191	485	463	545	566	522	488	551	561	526	533	487	464
	22	6190	485	470	545	579	502	475	529	534	534	543	505	489
	23	6006	469	441	521	570	489	469	522	532	533	534	467	459

SPEED BY HOUR                                                                   														
	Hour	ALL	JAN	FEB	MAR	APR	MAY	JUN	JUL	AUG	SEP	OCT	NOV	DEC
	0	5.22	6.41	6.37	6.2	5.38	4.07	3.09	3.32	4.41	5.06	5.72	6.54	6.56
	1	5.2	6.42	6.32	6.22	5.56	3.94	3.02	3.3	4.45	4.87	5.52	6.43	6.52
	2	5.21	6.23	6.48	6.19	5.46	4.02	3.06	3.25	4.45	4.96	5.66	6.48	6.52
	3	5.18	6.33	6.34	5.94	5.37	4.05	3.04	3.31	4.44	4.98	5.6	6.39	6.56
	4	5.2	6.39	6.26	5.88	5.51	4.15	3.03	3.32	4.48	4.99	5.72	6.45	6.47
	5	5.24	6.17	6.32	6.08	5.46	4.39	3.2	3.34	4.58	4.95	5.77	6.41	6.54
	6	5.17	6.26	6.32	5.99	5.37	4.24	3.11	3.4	4.45	4.77	5.66	6.22	6.52
	7	5.18	6.41	6.48	5.92	5.24	4.27	3.12	3.29	4.45	4.73	5.73	6.36	6.32
	8	5.22	6.32	6.29	6.03	5.26	4.27	3.31	3.42	4.51	4.87	5.77	6.39	6.42
	9	5.29	6.35	6.31	5.98	5.31	4.4	3.52	3.68	4.57	4.93	5.74	6.59	6.33
	10	5.33	6.24	6.18	6.09	5.42	4.5	3.79	3.82	4.6	5.09	5.74	6.46	6.28
	11	5.41	6.17	6.35	6.04	5.34	4.64	3.96	4.08	4.91	5.15	5.76	6.61	6.17
	12	5.5	6.13	6.28	6.31	5.22	4.76	4.22	4.15	5.1	5.42	5.89	6.57	6.2
	13	5.6	6.32	6.36	6.12	5.41	4.82	4.37	4.34	5.23	5.52	6.04	6.72	6.27
	14	5.66	6.33	6.3	6.34	5.64	4.79	4.46	4.46	5.26	5.55	6.13	6.79	6.07
	15	5.73	6.37	6.38	6.31	5.65	4.91	4.6	4.57	5.43	5.52	6.1	6.75	6.3
	16	5.69	6.25	6.45	6.44	5.53	4.77	4.51	4.38	5.36	5.61	6.3	6.67	6.37
	17	5.71	6.28	6.45	6.36	5.63	4.77	4.36	4.51	5.41	5.67	6.24	6.79	6.33
	18	5.64	6.58	6.65	6.43	5.33	4.49	4.16	4.38	5.13	5.68	6.24	6.72	6.27
	19	5.64	6.48	6.48	6.32	5.45	4.46	4	4.3	5.1	5.59	6.16	6.83	6.59
	20	5.52	6.36	6.47	6.36	5.5	4.25	3.75	4.05	4.89	5.36	6	6.84	6.61
	21	5.4	6.4	6.31	6.24	5.5	4.15	3.68	3.8	4.66	5.04	6.09	6.76	6.57
	22	5.34	6.13	6.31	6.11	5.46	4	3.22	3.55	4.69	5.07	5.95	6.75	6.84
	23	5.22	6.13	6.34	6.13	5.31	3.94	3.17	3.39	4.41	5.09	5.89	6.54	6.59

POWER BY HOUR                                                                   														
	Hour	ALL	JAN	FEB	MAR	APR	MAY	JUN	JUL	AUG	SEP	OCT	NOV	DEC
	0	290	446	472	400	302	156	92	99	173	211	289	432	477
	1	290	479	466	408	312	139	88	103	163	195	257	429	459
	2	290	424	499	418	299	140	87	103	173	191	278	430	469
	3	287	457	478	384	290	153	87	102	170	196	264	397	482
	4	285	449	469	371	308	151	82	97	177	192	284	412	473
	5	289	435	466	388	311	177	86	94	184	184	291	427	467
	6	278	448	434	382	307	161	81	98	167	171	273	407	441
	7	280	450	452	368	295	164	87	88	161	164	280	435	447
	8	284	434	426	386	304	171	90	95	169	183	290	434	452
	9	287	434	449	370	295	172	100	109	174	183	295	453	444
	10	291	424	420	383	325	182	99	129	165	189	300	479	431
	11	295	439	443	389	290	165	114	125	187	197	291	492	444
	12	293	445	438	407	268	182	126	117	192	207	296	473	405
	13	304	482	446	393	309	179	127	125	208	213	308	492	421
	14	305	464	426	416	313	174	127	137	195	212	320	498	418
	15	306	475	443	404	313	180	133	130	198	209	311	474	436
	16	305	460	448	421	286	178	136	121	197	213	345	496	403
	17	312	455	456	408	312	180	127	132	208	235	338	516	433
	18	308	510	459	423	283	163	124	127	182	242	345	484	427																									
	19	320	500	463	421	295	169	116	119	194	245	339	511	481																									
	20	306	457	435	413	304	162	118	117	187	229	329	463	498																									
	21	304	457	452	407	317	167	113	116	176	208	333	475	484																									
	22	299	420	470	380	310	157	98	111	177	207	317	458	505																									
	23	285	417	474	366	288	142	98	102	171	215	312	448	443																									

SPEED BY DIRECTION                                                              																																							
	Month	calm	0	10	20	30	40	50	60	70	80	90	100	110	120	130	140	150	160	170	180	190	200	210	220	230	240	250	260	270	280	290	300	310	320	330	340	350	360
	ALL	0	6.3	6.38	4.75	4.21	3.56	3.19	3.51	4.28	4.64	5.9	6.86	8.01	8.65	8.38	7.34	6.86	6.71	6.36	6.1	5.91	5.75	5.53	5.21	5.03	5	4.97	4.74	4.65	5.36	5.39	5.17	5.64	5.46	6.08	6.7	6.59	6.3
	1	0	7.6	6.8	5.2	4.3	3.7	2.9	3.3	4.4	5.3	6.9	8	9.7	10.4	10	8.6	7.6	7.3	7.2	7.2	6.5	7	5.5	5.4	5.8	5.6	5.3	4.9	5.2	5.2	6.8	6.4	7.7	7.2	7.6	8.3	8.2	7.6
	2	0	7.1	7.5	5.6	4.9	3.3	2.6	3.1	4.5	4.9	6.6	7.9	9.1	10.4	10.4	8.7	7.8	7.4	7	6.2	6.3	6.7	6.4	6.3	6.4	6.2	5.9	6.1	5.5	6.1	6.7	6.3	6.1	6	7.1	7.7	7.8	7.1
	3	0	6.2	6.5	3.9	3.8	3.6	2.9	3.7	4.8	5.6	6.5	7.5	9.1	9.9	8.9	8.4	7.9	7.2	6.7	6.4	6.3	5.9	5.1	4.8	5.5	6	5.1	5.4	5.4	6.6	6.9	6.3	6.7	6.7	7.4	7.4	6.7	6.2
	4	0	5.7	6.4	5.2	4.1	3.7	3.6	3.7	4	4.1	5.8	6.1	7.3	8.8	8.4	7.8	7.8	7.9	7.2	7.1	6.7	6.1	5.9	5.4	5.2	5.3	4.9	4.7	4.6	5.3	5.5	5.3	5.8	5.8	6.1	6.5	6.1	5.7
	5	0	4.2	4.3	2.7	2.7	3.8	3.2	3.4	4	4	4.8	5.5	6	6.8	7.1	6.6	6.3	6	5.7	5.5	5.6	5.5	5.8	5.2	4.5	4.8	5	4.8	4.5	4.6	4.8	4.5	5.2	4.9	4.9	5.1	4.2	4.2
	6	0	2.7	2.9	2.7	2.6	2.4	2.7	3.6	3.7	3.9	4.9	5.7	5.7	6.2	6.1	5.6	5.4	5.5	5.3	5.1	4.8	4.7	4.5	4	3.7	4.1	4.6	3.6	3.9	4.4	4.1	4.3	4.1	4	3.9	3.9	3.3	2.7
	7	0	2.6	2.6	2.2	2.5	2.6	2.5	3	3.9	4	4.5	5.7	6.1	6.2	6.4	5.6	5.9	6.2	5.8	5.4	5.1	4.9	5.1	4.7	4.4	4.4	4.2	3.9	3.8	4.5	4.5	4.2	4.1	3.8	3.5	3.2	2.7	2.6
	8	0	4.4	4.3	3.1	3	2.8	2.4	3.1	3.3	3.7	4.5	5.5	6.1	7.1	7.6	6.2	6.2	7	6.3	6.1	5.6	5.5	5.7	5.3	4.9	4.8	5	4.6	4.7	5.5	5.5	4.7	5.5	4.7	5	4.8	4.6	4.4
	9	0	6.5	6.1	4.4	3.9	3.7	3.8	3.8	4.7	4.1	4.9	5.2	5.6	6.2	6.4	5.8	5.8	6	5.9	5.9	5.8	6.3	5.7	5.3	5.2	4.9	5	4.7	4.9	5.3	5.8	5.2	5.9	5.4	6.7	7	6.5	6.5
	10	0	7.6	7.4	5.8	5.6	3.9	3.2	3.5	4.3	4.6	5.8	6.6	7.4	7.5	7.6	6.7	5.9	5.6	5.7	5.9	6	5.6	5.2	5.2	4.9	5.2	5	4.9	4.7	5.6	5.1	5.5	6.3	7.2	7.8	8.3	8	7.6
	11	0	8.1	7.5	5.5	4.8	4	3.3	3.5	4	4.7	6	6.4	8.3	9.6	9.8	8.8	7.4	7	6.9	6	6.5	6.3	5.8	5.4	5.5	5	5.6	5.5	5.1	6.4	6.2	6.6	7.4	7.5	8.4	9.6	8.9	8.1
	12	0	6.8	6.3	4.3	3.8	3.8	4.1	3.9	4.9	5.6	7.1	8.4	10	10	9.6	8.3	8	7.2	7	6.9	6.6	6.1	6.2	6	5.3	5.1	5.2	5.6	5.2	6.7	7	7.2	7.8	7.6	8	9.1	8.1	6.8
FREQUENCY BY DIRECTION                                                          																																							
	Month	calm	0	10	20	30	40	50	60	70	80	90	100	110	120	130	140	150	160	170	180	190	200	210	220	230	240	250	260	270	280	290	300	310	320	330	340	350	360
	ALL	15.16	4.25	4.44	2.92	1.32	0.86	0.96	0.94	1.11	1.79	2.74	3.54	5.63	5.55	4.5	4.78	4.58	4.86	5.59	3.72	2.39	2.58	1.75	1.1	1.28	1.09	1.18	1.36	1.14	1.19	1.75	1.56	1.99	2.7	3.54	4.19	5.11	4.25
	1	17.1	4.4	4.8	4.5	2.1	1.3	1.1	0.9	1.2	1.9	3.4	5.6	9.2	7.7	5.1	6	4.9	4.6	4.9	3.8	1.7	1.8	1.1	0.7	0.8	0.6	0.6	0.6	0.5	0.4	0.5	0.9	0.9	1.4	2.4	3.2	4.5	4.4
	2	15.6	6.2	6	4.5	2.1	1	1.1	1	1.2	2.2	3.5	4.9	8	8	6.2	5	4.7	4.7	4.4	2.6	1.4	1.4	1	0.7	0.8	0.6	0.6	0.6	0.6	0.6	0.8	0.7	0.7	1	1.9	3.4	5.8	6.2
	3	14.6	3.5	3.6	2.3	1	0.6	0.9	1	1.4	2.2	4	4.9	8.6	8	6	5.6	5.5	5.2	6.1	3.5	1.8	1.6	1.1	0.9	1.3	0.8	0.7	0.9	0.8	0.8	1.2	1.1	1.1	1.4	2.5	3.6	4.5	3.5
	4	16.6	4.7	4.1	2.6	0.8	0.7	0.8	0.9	1.2	1.9	3.6	4.2	6	5	4	3.9	3.9	4.9	5.2	3.7	2.2	2.3	1.4	1	1.1	1.1	0.8	0.9	0.6	0.9	1.3	1.2	1.8	3.3	5.1	6	6.7	4.7
	5	19.6	2.4	2.5	1.3	0.9	0.6	1	1.1	1.1	1.9	3.5	3.6	6.7	7.3	5	6.1	5.5	5.6	6.5	4	2.1	2	1.3	0.8	0.7	0.7	0.9	1.3	1.1	1.1	1.6	1.6	2.3	3.4	4.2	4.3	4	2.4
	6	21.5	2.9	2.7	1.9	0.8	0.8	0.8	0.8	1	1.6	2.1	2.3	4.2	4.3	4.5	5.1	5.5	5.9	7	4.5	3	2.7	1.8	0.9	1	1	1.1	1.3	1.3	1.3	2.5	2.5	3	4.1	4.8	4.6	4.3	2.9
	7	20.3	2.4	1.5	1.3	0.6	0.5	0.8	0.6	0.8	1.3	1.5	1.9	3.1	3.9	3.8	4.6	4.2	5.6	8	5.1	3.3	3.8	2.9	1.7	1.9	1.6	1.6	2	2	2.2	3.8	3.1	3.6	4.6	4	3.8	2.9	2.4
	8	13.1	2.8	2.1	1.5	0.7	0.5	0.5	0.6	0.6	1.1	1.1	1.5	2.5	3.6	3.9	3.9	4.6	5.9	6.8	4.6	3.5	4.8	2.7	2	2.4	1.8	2.5	2.8	2.1	2.4	2.9	2.4	3.1	3.5	4.1	3.7	4.1	2.8
	9	10	4.7	4.6	2.4	1.1	0.8	1	1	1.1	1.5	1.9	2.3	3.3	3.5	3.2	4	3.9	3.9	4.4	3.7	2.5	2.9	2.5	1.4	1.7	1.6	2.2	2.4	2.1	1.9	2.7	1.8	2.7	3.7	4.4	5.2	6.2	4.7
	10	9.5	7.5	9.5	5.4	2.4	1.5	1.3	1.1	1.2	1.7	2.5	3	3.5	3.3	2.8	3.4	3.1	2.9	3.7	2.7	1.8	2.2	1.5	1.1	1.5	1.1	1.3	1.5	1	0.9	1.5	1.2	1.8	2.9	4.1	5.1	7.1	7.5
	11	9.9	4.4	5.9	4.2	1.5	1	1.1	0.9	1	1.6	2.5	3.8	6.2	6.3	5.1	4.9	4.7	4.6	4.9	3.4	2.8	3.1	2	1	1	1.1	1.1	1.2	0.9	0.8	1	1	1.3	1.7	2.6	3.5	5.6	4.4
	12	13.7	5.1	5.9	3.1	1.7	1	1.2	1.4	1.4	2.5	3.5	4.7	6.8	6.2	4.5	5.2	4.7	4.8	5.3	3.2	2.4	2.1	1.5	0.9	1	0.8	0.6	0.7	0.6	0.8	1.1	1	1.5	1.4	2.3	3.7	5.4	5.1
FREQUENCY OF SPEED                                                              																																							
	Month	0	1	2	3	4	5	6	7	8	9	10	11	12	13	14	15	16	17	18	19	20	21	22	23	24	25												
	ALL	15.2	6.2	9.1	8.5	8.7	10.2	8.8	8.2	5.8	4.7	4.6	2.8	2.6	1.5	1	0.9	0.4	0.2	0.2	0.1	0.1	0	0	0	0	0												
	1	17.1	4.9	6.4	5.6	6.1	7.8	7.2	8.6	6.5	6.2	6.5	4	4.7	2.5	1.7	1.7	1.1	0.4	0.6	0.3	0.2	0.1	0	0	0	0												
	2	15.6	5.2	6.8	5.8	5.5	8.3	7.6	8.7	6.9	6.1	6.5	4.2	4.3	2.7	1.9	1.7	0.7	0.4	0.4	0.2	0.2	0.1	0.1	0	0	0												
	3	14.6	4.8	6.4	6.4	6.9	9.7	8.8	9.2	6.8	5.7	6.5	3.9	3.4	2	1.7	1.3	0.8	0.3	0.3	0.2	0.1	0	0	0	0	0												
	4	16.6	6.1	8.5	7.5	8	9.7	9	8.3	6.2	4.9	4.7	3	2.7	1.7	1.1	1	0.5	0.2	0.1	0.1	0	0	0	0	0	0												
	5	19.6	7.4	10.8	8.9	9.3	11.4	9	7.8	5	3.7	3	1.6	1.1	0.6	0.4	0.2	0.1	0	0	0	0	0	0	0	0	0												
	6	21.5	9	13.7	12.5	10.7	10.5	7.3	5.4	3.4	2.3	1.9	0.7	0.6	0.3	0.1	0.1	0	0	0	0	0	0	0	0	0	0												
	7	20.3	8.1	13	12.1	12.1	10.8	8.1	5.7	3.2	2.3	1.7	1.2	0.7	0.4	0.2	0.1	0	0	0	0	0	0	0	0	0	0												
	8	13.1	7.5	10.8	10.3	11.3	12.2	9.6	8.2	4.7	3.9	3.4	1.8	1.7	0.7	0.4	0.3	0.1	0	0	0	0	0	0	0	0	0												
	9	10	6.2	9.4	10.2	11.3	13.5	11.1	8.8	5.6	4.2	4	2.1	1.5	0.9	0.5	0.3	0.1	0	0	0	0	0	0	0	0	0
	10	9.5	5	8.6	8.8	9	11.3	10.4	9.6	6.9	5.3	5	3.4	3	1.7	1.1	0.8	0.3	0.1	0.1	0	0	0	0	0	0	0
	11	9.9	5.1	7.7	7.6	7.4	8.8	9.2	9.2	7.1	5.5	6.1	3.8	4.1	2.3	1.8	1.7	0.8	0.3	0.5	0.3	0.3	0.1	0.1	0.1	0.1	0
	12	13.7	5.4	7	6.3	6.4	7.8	8.1	8.9	7.2	6.9	6.4	4	3.9	2.5	1.9	1.4	0.6	0.3	0.6	0.3	0.3	0.1	0	0.1	0	0
PERCENT OF POWER BY SPEED                                                       																											
	Month	0	1	2	3	4	5	6	7	8	9	10	11	12	13	14	15	16	17	18	19	20	21	22	23	24	25
	ALL	0	0	0.2	0.6	1.5	3.1	4.7	7.1	7.2	8.3	10.9	9	10.8	7.9	6.8	6.9	4	1.9	3	1.8	1.7	0.8	0.4	0.6	0.3	0.3
	1	0	0	0.1	0.3	0.7	1.6	2.6	5	5.5	7.1	10	8.4	12.9	8.6	7.2	9.1	6.8	2.7	5.1	2.9	2.3	0.7	0.5	0	0	0
	2	0	0	0.1	0.3	0.6	1.7	2.7	5.1	5.8	7.1	10.2	9	11.9	9.2	8	9	4.4	2.7	3.8	2	2	1.6	0.8	0.7	0.6	0.5
	3	0	0	0.1	0.4	0.9	2.3	3.6	6.1	6.5	7.6	11.5	9.4	10.7	8	8.3	7.7	5.6	2.9	2.9	2.1	2	0.4	0.4	0.4	0	0.2
	4	0	0	0.2	0.6	1.3	3	4.8	7.2	7.8	8.5	11.1	9.6	11	8.9	7.2	7.6	4.4	1.8	1.6	1.4	0.6	0.4	0.2	0.4	0.2	0
	5	0	0.1	0.5	1.2	2.8	6.2	8.6	12.1	11.3	11.8	12.9	9.5	7.7	5.6	4.8	3	1.1	0.7	0	0	0.2	0	0	0	0	0
	6	0	0.1	0.9	2.6	4.9	8.9	10.8	13	11.6	10.8	12.2	6.3	6.4	3.9	2.5	2.2	1	0.2	0.8	0	0.7	0	0	0	0	0
	7	0	0.1	0.8	2.4	5.3	8.6	11	12.7	10.1	10.2	10.3	9.6	7.3	5	2.6	2	0.6	0	0.4	0.2	0	0	0	0	0	0.6
	8	0	0.1	0.4	1.3	3	6	8.1	11.4	9.4	11	12.8	9.1	10.8	5.6	3.9	3.5	1.8	0.7	0.4	0.4	0	0	0	0	0	0.4
	9	0	0	0.3	1.1	2.7	5.8	8.3	10.9	9.8	10.4	13.2	9.7	8.8	6.9	4.8	3.6	1.5	0.8	0.9	0	0	0	0	0	0	0.3
	10	0	0	0.2	0.6	1.5	3.4	5.3	8.1	8.3	9	11.6	10.6	12	8.8	6.8	5.8	2.6	1.4	1.8	0.6	0.4	0.5	0.5	0.2	0.2	0
	11	0	0	0.1	0.4	0.8	1.8	3.1	5.2	5.7	6.3	9.3	8	11	7.7	7.6	8.5	4.9	2.3	4.1	3.3	3.1	1.9	0.8	2	1.4	0.7
	12	0	0	0.1	0.3	0.7	1.6	2.9	5.1	6	7.9	9.8	8.5	10.7	8.5	8.1	7.3	3.8	2	5.3	3.4	3.9	1.6	0.6	1.4	0.5	0.2
PREVAILING DIRECTION BY HOUR                                                    																											
	Month	0	1	2	3	4	5	6	7	8	9	10	11	12	13	14	15	16	17	18	19	20	21	22	23		
	ALL	110	170	170	110	170	110	120	110	120	120	110	110	350	350	350	350	350	350	350	350	120	110	170	110		
	1	110	110	110	100	120	110	120	120	120	110	110	110	110	110	110	120	110	120	110	110	110	110	110	110		
	2	120	110	110	110	120	120	120	120	120	120	110	120	10	110	110	120	110	350	110	110	120	120	120	110		
	3	120	120	120	110	110	110	120	120	110	110	110	110	110	110	110	110	110	120	110	120	110	110	120	110		
	4	110	170	110	110	170	110	160	110	110	110	110	120	110	350	350	350	340	340	350	350	340	340	350	350		
	5	110	110	170	110	170	120	120	110	120	120	110	120	120	120	120	340	330	150	140	120	170	110	110	110		
	6	170	170	170	160	160	170	160	160	130	170	170	330	330	170	170	340	340	330	330	340	170	150	170	160		
	7	170	170	170	170	170	160	170	170	160	170	160	170	170	170	170	170	170	170	170	170	170	170	170	170		
	8	160	170	170	170	170	160	160	170	170	170	150	170	170	160	350	350	170	160	160	170	170	330	170	150		
	9	360	170	170	140	350	170	10	140	350	350	350	350	350	350	360	350	350	350	360	340	350	340	350	170		
	10	10	10	10	10	10	10	10	10	10	10	10	10	10	350	360	350	360	360	10	10	10	10	10	10		
	11	120	110	120	110	120	350	10	10	120	130	10	10	110	110	110	110	120	110	10	140	130	350	120	120
	12	110	120	110	110	110	10	170	140	10	120	110	110	110	110	110	10	10	110	140	120	350	10	110	110
SPEED FOR PREVAILING DIRECTION BY HOUR                                          																									
	Month	0	1	2	3	4	5	6	7	8	9	10	11	12	13	14	15	16	17	18	19	20	21	22	23
	ALL	7.68	6.13	6.31	7.44	5.87	7.77	8.47	7.89	8.57	8.47	8.07	8.29	5.59	5.82	5.86	5.77	6.06	6.15	6.39	6.62	8.71	8.1	6.61	7.72
	1	9.1	9.91	9.36	8.3	10.74	9.94	10.93	10.57	10.45	9.47	9.91	10.07	9.07	10.06	10.02	10.66	9.85	10.76	9.52	10.22	10.51	9.76	9.31	8.99
	2	10.79	9.12	9.42	8.67	10.47	11.01	10.69	10.79	10.66	10.57	8.75	8.82	7.44	9.42	8.44	10.02	9.3	7.32	8.81	9.16	10.3	11.06	10.62	8.35
	3	9.7	9.78	10.14	9.27	9.07	9.97	9.18	10.16	9.31	8.9	8.48	9.22	10.26	8.09	9.29	8.56	10.17	10.39	8.16	11.53	10.04	9.54	10.44	8.3
	4	7.29	7.04	7.3	6.38	6.18	6.98	6.65	7.61	8.21	7.72	7.93	8.72	7.43	5.92	5.77	5.02	5.67	6.28	6.9	6.03	7.25	6.65	6.8	5.53
	5	5.09	5.02	5.15	5.6	5.84	7.15	6.71	6.21	6.4	6.27	5.94	7.07	7.33	7.1	7.19	4.22	3.67	7.91	5.8	6.89	5.21	5.04	5.52	5.22
	6	5.03	4.7	5.07	5.05	5.38	4.84	4.26	4.98	7.05	5.67	5.76	3.03	3.62	5.58	5.56	3.57	3.31	4.21	3.73	3.14	5.38	5.32	5.35	6.14
	7	5.94	5.86	6.72	5.9	4.98	5.13	5.05	4.99	6.09	5.22	6.08	5.72	5.25	5.54	6.45	6.14	5.79	6.58	6.1	5.98	5.56	6.44	6.29	6.45
	8	6.06	6.18	6.31	5.9	5.68	6.81	6.09	5.74	5.66	6.7	6.14	6.3	6.58	7.94	4.02	4.03	5.95	6.99	7.41	6.16	7.21	5.7	6.66	5.5
	9	7.41	5.44	5.19	4.33	6.89	5.75	5.62	5.47	7.37	6.39	6.37	5.69	5.65	6.29	5.4	5.67	6.01	6.25	6.17	7.07	6.92	8.16	8.51	5.6
	10	7.79	6.88	7.92	7.39	7.62	7.93	7.52	7.7	7.46	7.51	7.25	6.9	6.75	7.39	7.23	7.5	7.55	6.73	8.06	7.56	7.62	7.94	7.54	7.71
	11	8.9	7.72	10.52	8.05	8.45	8.32	8.05	7.79	10.03	9.79	7.48	7.13	8.77	9.1	8.59	7.21	9.61	7.63	7.58	8.94	8.82	7.94	9.8	10.98
	12	10.27	9.9	11.42	10.4	9.25	6.16	6.92	7.52	6.04	9.81	9.82	10.05	9.6	10.51	10.01	6.64	6.24	9.39	7.6	10.68	8.18	6.71	10.44	10.88
