CAPE SARICHEF ARPT  AK - 704895                                                 														
 54 deg    36' N  164 deg    56' W - Elev    9m   LST=GMT+99 hours   *NT=-11    														
 01/73-08/80                                                                    						Adjusted to Alaska Timezone (GMT-9)								
SPEED BY YEAR                                                                   														
	Year	ALL	JAN	FEB	MAR	APR	MAY	JUN	JUL	AUG	SEP	OCT	NOV	DEC
	ALL	7.46	8.35	9.02	8.79	7.58	5.82	5.16	5.79	5.75	7.15	8.56	9.27	10.3
	1973	7.49	6.64	6.95	8.82	7.66	6.07	4.47	3.03	8.13	3.9	8.19	8.46	9.02
	1974	6.96	6.19	7.7	8.04	7.5	6.96	5.22	3.03	9.12	6.74	8.45	7.68	8.75
	1975	7.87	9.07	9.08	10.08	8.54	6.65	6.63	6.74	5	7.63	7.65	9.36	10.66
	1976	8.02	8.8	10.47	10.11	9.32	6.98	5.43	6.96	5.88	7.58	8.65	7.39	8.26
	1977	6.73	9.24	8.98	8.33	5.51	3.98	2.5	3.77	6.16	7.08	9.82	10.46	12
	1978	7.68	7.31	8.61	7.49	8.59	6.89	6.71	7.27	5.04	4.86	10.2	10.5	10.56
	1979	9.21	9.47	9.41	8.93	10.9	-1	-1	-1	-1	-1	-1	-1	8.38
	1980	6.15	8.79	7.08	8.21	4.9	4.77	5.51	6.83	2.55	-1	-1	-1	-1
POWER BY YEAR                                                                   														
	Year	ALL	JAN	FEB	MAR	APR	MAY	JUN	JUL	AUG	SEP	OCT	NOV	DEC
	ALL	653	840	1007	831	695	373	362	404	341	451	711	967	1144
	1973	678	320	496	922	608	364	190	22	1149	138	1138	609	854
	1974	509	158	1220	794	734	609	167	76	827	291	641	441	678
	1975	675	860	1069	1060	949	389	487	536	160	535	513	937	1171
	1976	730	957	1253	1220	947	511	352	536	362	461	714	534	727
	1977	608	961	1279	764	308	241	51	144	435	457	965	1375	1628
	1978	582	498	678	510	777	370	554	627	167	132	631	1109	1199
	1979	920	1045	954	689	1576	-1	-1	-1	-1	-1	-1	-1	686
	1980	560	1169	897	681	256	320	601	773	41	-1	-1	-1	-1
NUMBER OF SPEED OBSERVATIONS BY YEAR                                            														
	Year	ALL	JAN	FEB	MAR	APR	MAY	JUN	JUL	AUG	SEP	OCT	NOV	DEC
	ALL	7279	480	548	858	930	902	689	517	554	489	445	420	447
	1973	212	11	19	39	20	8	12	3	19	18	12	17	34
	1974	125	11	2	14	20	14	20	7	6	9	8	4	10
	1975	1653	10	47	118	179	175	179	147	158	163	158	162	157
	1976	1774	162	171	172	182	196	156	160	164	136	159	90	26
	1977	1560	39	63	169	158	162	162	170	164	135	107	120	111
	1978	943	132	116	176	170	127	62	27	41	28	1	27	36
	1979	216	26	40	43	34	0	0	0	0	0	0	0	73
	1980	796	89	90	127	167	220	98	3	2	0	0	0	0
NUMBER OF SPEED OBSERVATIONS BY HOUR                                            														
	Hour	ALL	JAN	FEB	MAR	APR	MAY	JUN	JUL	AUG	SEP	OCT	NOV	DEC
	0	657	33	44	78	88	79	64	48	49	46	52	44	32
	1	40	2	6	7	8	3	3	0	2	2	2	3	2
	2	30	1	2	9	3	2	1	0	2	2	5	2	1
	3	612	38	49	69	68	60	56	52	54	51	48	30	37
	4	30	2	6	3	4	2	5	0	1	1	3	2	1
	5	28	0	2	4	4	5	2	4	3	1	1	2	0
	6	685	37	45	71	72	86	67	59	57	63	53	38	37
	7	38	3	1	3	4	7	4	4	2	2	3	3	2
	8	91	7	4	6	10	29	7	4	7	7	5	3	2
	9	868	74	58	103	96	99	83	68	77	61	46	47	56
	10	118	9	14	13	18	14	12	5	6	2	9	6	10
	11	81	3	9	9	10	6	7	3	9	7	6	4	8
	12	801	60	57	91	105	88	70	58	67	55	44	50	56
	13	123	10	11	22	8	10	9	5	8	9	8	10	13
	14	138	7	13	15	22	26	14	5	4	5	8	5	14
	15	657	41	41	70	98	63	58	53	50	51	40	54	38
	16	168	14	16	31	29	24	15	5	6	4	5	6	13
	17	46	5	3	0	6	4	4	5	4	4	3	5	3
	18	837	48	61	106	110	112	80	72	64	54	43	46	41
	19	172	16	18	23	24	31	21	2	5	3	4	3	22
	20	139	16	16	18	25	31	17	2	4	3	1	2	4
	21	839	43	60	104	109	109	84	59	70	53	51	50	47
	22	51	6	9	2	6	8	3	2	2	2	2	3	6
	23	30	5	3	1	3	4	3	2	1	1	3	2	2

SPEED BY HOUR                                                                   														
	Hour	ALL	JAN	FEB	MAR	APR	MAY	JUN	JUL	AUG	SEP	OCT	NOV	DEC
	0	7.37	8.21	9.69	8.79	7.88	5.77	4.39	5.23	5.79	7.41	8.32	8.91	10.25
	1	6.86	6.4	8.52	7.23	6	4.6	2.7	-1	2.25	6.9	6.35	10.07	14.4
	2	7.69	10.2	10.2	5.49	5.27	12.3	12.8	-1	3.85	6.6	8.9	11.5	9.2
	3	7.44	7.88	9.21	9.73	7.61	5.48	4.44	6.01	5.85	7.06	8.38	8.78	10.32
	4	7.09	5.9	11	6.97	5.88	2	2.34	-1	10.2	5.6	6.83	14.1	10.2
	5	6.72	-1	7.65	10.62	3.3	8.08	3.3	3.05	2.73	12.8	6.1	15.4	-1
	6	7.36	7.64	9.74	9.38	7.81	5.45	4.9	5.42	5.74	6.85	8.21	9.17	11.62
	7	7.97	9.37	15.4	16.27	10.25	5.81	2.28	5.75	3.8	4.6	5.27	11.1	15.4
	8	6.54	8.63	4.32	5.55	9.18	5.17	7.9	4.45	4.59	5.23	10.64	10.43	8.2
	9	7.51	9.35	8.42	8.53	8.29	6.31	5.12	5.26	5.41	6.71	9.24	9.28	10.28
	10	7.53	9.16	8.11	8.22	8.88	4.81	5.06	5.52	5.35	11.75	5.56	8.18	11.57
	11	7.4	9.57	7.28	7.39	7.66	8.27	4.67	1.5	6.12	7.3	10.5	6.75	9.85
	12	7.64	8.2	9.52	8.81	8.41	6.31	5.04	6.74	5.23	6.71	9.39	8.61	9.65
	13	8.24	9.93	8.44	10.05	8	7.16	7.34	4.06	6.95	6.36	9.4	8.95	7.79
	14	7.56	6.43	10.23	7.79	6.46	6.39	5.44	5.82	1.75	7.86	12.82	10.66	9.5
	15	7.67	7.63	9.19	8.79	8.32	6.28	6.32	5.55	6.52	7.13	7.51	8.32	11.1
	16	7.78	8.68	10.17	9.47	6	5.16	7.63	5.7	5.08	8.57	12.3	8.88	8.31
	17	7.66	5.52	12.13	-1	6.92	2.8	3.82	8.38	5.6	6.9	9.7	11.78	13.47
	18	7.59	8.26	9.03	9.02	7.22	6.08	5.11	6.41	5.9	7.82	8.93	10.48	10.74
	19	6.53	8.06	6.46	7.4	4.67	5.27	6.21	3.8	5.2	6.8	5.75	11.23	8.69
	20	6.44	8.38	7.19	7.27	5.06	4.58	6.32	10	3.05	7	9.2	15.35	11.5
	21	7.32	8.97	9.4	8.56	7.09	5.48	4.87	5.77	6.59	7.7	7.9	8.6	10.14
	22	8.57	10.92	6.3	5.1	7.42	5.67	3.4	1.75	7.45	8.2	14.1	21.4	12.92
	23	8.33	4.28	8.67	10.8	12.63	6.5	5.43	14.65	2	10.2	6.8	12.8	12.05

POWER BY HOUR                                                                   														
	Hour	ALL	JAN	FEB	MAR	APR	MAY	JUN	JUL	AUG	SEP	OCT	NOV	DEC
	0	641	782	1253	915	690	295	219	257	220	499	684	1093	1271
	1	466	184	940	519	253	107	23	-1	7	235	333	626	1776
	2	568	631	660	172	137	1175	1247	-1	139	324	601	2566	463
	3	634	696	864	1169	613	356	168	455	506	442	613	685	1162
	4	584	158	1594	331	182	9	34	-1	657	108	204	1844	660
	5	526	-1	321	1112	36	602	43	42	24	1300	136	2358	-1
	6	635	696	1099	916	718	346	332	385	402	410	657	988	1306
	7	695	524	2393	780	1033	850	11	392	38	62	126	1103	2303
	8	647	751	194	467	1790	449	897	184	131	189	993	1287	503
	9	693	1092	924	811	896	506	309	252	308	480	960	908	1168
	10	717	1694	716	555	952	156	304	705	296	1055	332	551	1543
	11	554	852	617	423	469	984	112	5	394	514	983	209	964
	12	692	888	1021	881	886	432	334	498	236	444	871	908	991
	13	743	1410	831	911	652	486	868	138	456	257	1054	781	565
	14	740	352	1508	527	540	503	703	246	4	441	2167	1031	817
	15	646	541	910	852	817	413	437	340	420	430	474	705	1466
	16	621	813	601	715	318	372	1153	457	110	641	1479	586	723
	17	708	170	2535	-1	297	30	103	1284	197	580	760	1114	1479
	18	665	893	1015	954	644	335	318	538	343	470	652	1197	1175
	19	501	751	986	482	190	218	546	56	137	212	129	1923	677
	20	617	1061	758	573	393	203	859	1737	37	241	489	2877	1268																									
	21	612	814	1247	736	570	317	349	384	463	489	534	761	1163																									
	22	1092	1303	784	120	565	222	55	8	248	484	2344	6327	1681																									
	23	841	85	631	777	2284	254	162	2179	5	660	265	1402	2576																									

SPEED BY DIRECTION                                                              																																							
	Month	calm	0	10	20	30	40	50	60	70	80	90	100	110	120	130	140	150	160	170	180	190	200	210	220	230	240	250	260	270	280	290	300	310	320	330	340	350	360
	ALL	0	8.25	7.89	8.12	8.3	7.66	7.53	7.24	8.24	8.3	7.31	6.74	6.33	7.25	8.92	10.79	10.49	9.5	9.65	10.44	10.35	7.9	7.37	6.08	5.44	4.88	5.56	5.22	5.53	5.49	5.61	5.51	6.92	6.8	6.89	7.45	8.08	8.25
	1	0	15	10.1	9.9	15	11	9.5	8.8	9.5	8	6.6	7	5.3	9.1	7.7	9.4	11.4	9.3	7.3	9.5	6.6	6.3	6.6	6.8	5.3	4.7	7.2	6	5.1	9.9	8.3	5.1	7.9	6	10.2	11.6	7.9	15
	2	0	12.1	9.9	11.5	10.2	9.3	10.8	10.2	10.7	8.1	7.2	6.8	7.7	6.8	13.8	8.6	11	13.3	9.3	10	12	10.2	7.7	8.3	6.2	6.8	6.6	4.4	6.9	5.7	7.9	7.5	7.4	10.2	11.1	8.8	10.2	12.1
	3	0	9.7	10	8.4	9.6	10.7	9.5	9.2	8.8	9.1	11.2	8.5	7	12	11	10.8	11	9.3	10	9.6	10.8	7.9	8.3	8	6.8	5.9	7.2	9.5	7.1	5.6	6.7	6.5	11.1	7	6.8	8	10.3	9.7
	4	0	6.7	6.3	8.6	7	6.1	7.3	6.8	6.7	7.4	7	5.5	5.5	8.2	6.8	13.3	12.9	9.4	12.2	12	11.5	8.8	7.7	5.7	4.6	4.9	5.4	3.6	4.6	6.4	4.9	7.3	10.5	7.1	7.4	7.7	7.6	6.7
	5	0	6	6.9	6.1	6.4	6.7	6.3	5.9	6.2	6.6	5.4	6	9	3.4	5.3	10.6	10.7	8.2	9.7	10.2	10	6.3	8.1	5.3	4.8	3.2	5	3.7	4.7	3.5	3.7	4.3	4.1	5.4	4.9	5.6	4.8	6
	6	0	3.7	4.9	3.8	5.2	4.7	4.6	5	4.9	8	6.8	6	3.4	3.1	2	2	7.7	3.3	12	9.5	9.8	9.3	7.3	5.4	4.2	4	3.1	3.3	3.9	4.6	4.4	4.1	3.5	4.4	3	3.4	4.2	3.7
	7	0	3	4.8	3.8	5.7	4.3	4.7	5.1	5.6	3.9	4.6	3.6	10.3	8.3	2	1.5	1	5.4	9.1	10.8	10.9	6.4	6.3	4.8	4.1	4.7	2.5	4.1	4.7	4.6	2.4	2	1.9	2.9	3.1	3.7	2.7	3
	8	0	5.3	4.6	4.8	3.9	4.1	3.9	4	5.6	5.1	5.1	2.7	2.5	3	12.8	22.6	4.6	11.4	9.2	9.5	7.8	7.8	5.6	5.3	4.5	4	4.1	4.9	5	2.7	5.1	3.5	5	4.5	4.4	4.2	5.7	5.3
	9	0	7.4	6.9	8.4	8.8	6.9	6.2	7.9	6.2	7.4	-1	9.2	3	2.5	4.6	5.3	6	5.9	6.8	11.4	9.2	8.3	6.2	5	5.4	5.3	5.8	6.5	5.7	7.4	6.3	6	6.9	6.3	5.6	7.4	9.8	7.4
	10	0	10.7	8.4	11.9	9.6	7.7	8.7	7.5	8.2	8.5	5.6	5.2	9.5	2.7	10.2	9.8	7.6	7.8	9.6	9.3	10.8	6.1	8	9.7	8.2	8.6	7.7	5.4	5.8	5.8	6.7	6.9	9.4	8.9	9.7	10.4	9.2	10.7
	11	0	11.9	12.2	11.1	10.9	9.9	9.3	11.3	9.3	12.4	7.2	7	4.1	10.4	3.9	9.9	11	9.1	9.7	10.8	9.3	11.3	6.9	5.4	9.3	6.7	8.8	7.2	5.7	7.5	9.2	7.3	8.3	9.1	12	9.1	12.3	11.9
	12	0	11.2	12.9	15.1	12	12.5	10.6	10	10.5	9.2	8.8	8.6	8.2	6.4	10.2	12.3	13.6	9.9	10.9	11.8	11.2	8.5	10.6	8.6	6.6	5.6	6.6	5.8	9.1	7	7.2	6.3	7.6	6	10.6	11.9	11	11.2
FREQUENCY BY DIRECTION                                                          																																							
	Month	calm	0	10	20	30	40	50	60	70	80	90	100	110	120	130	140	150	160	170	180	190	200	210	220	230	240	250	260	270	280	290	300	310	320	330	340	350	360
	ALL	4.52	4.09	3.89	3.59	3.59	3.19	3.2	3.29	3.17	2.47	1.82	1.25	0.95	0.93	1.02	1.18	1.72	2.23	4.09	7.64	5.69	3.95	3.61	3.35	2.67	2.15	2.07	2.03	2.74	1.55	2.11	2.76	1.95	1.82	2	2.8	3.4	4.09
	1	5.6	3.8	3.3	2.2	2.4	4.4	5.7	4.2	6	3.3	2.6	2.4	2	1.1	2	2.6	4.9	7.5	7.7	7.3	1.5	3.1	2	2	2.4	1.1	1.1	1.3	1.1	0.4	1.5	1.1	1.1	1.1	0.7	1.1	1.8	3.8
	2	5.8	4.3	4.3	4.3	4.1	2.5	4.1	2.3	5.2	5.4	3.7	2.9	1.9	1.4	2.3	1.7	2.1	4.4	5.4	8.7	3.7	1	2.5	1.4	1.9	1.2	0.2	0.8	2.5	2.9	1.9	1.5	0.8	1.7	1.5	1.5	1.9	4.3
	3	2.7	2.3	3.5	3.2	3.6	3.6	2.5	3.2	3.7	3	1.7	1.6	1.6	1.2	1.4	1	2.4	2.5	3.9	7.5	7.5	5	4.3	4.1	2.5	1.9	2.4	1.3	2.9	1.3	1.3	1.1	1.4	2.6	2.2	1.8	3	2.3
	4	5.4	5.7	4.3	3	4.4	2.7	4.2	3.3	2.4	1.4	1.5	1.1	0.6	0.5	0.9	0.7	1.8	1.1	3.4	8.8	6.7	3	3.6	2.6	1.8	1.6	1.4	1.1	1.9	1.9	2.8	3	2.5	2.2	3.1	4.2	4.9	5.7
	5	10	5.2	4.6	4.6	5.7	5.9	3	3.3	2.2	0.9	0.7	0.5	0.4	0.5	0.4	0.5	0.9	1.8	3.4	7.4	5.7	4.3	3.7	3.2	2.6	2.3	1.6	2.3	4.1	1.4	2	3.4	3.1	1.4	2.1	2.6	2.7	5.2
	6	8.3	3.6	4.3	4.7	3.5	4.7	3.8	3.1	1.7	0.5	1.1	0.8	0.6	1.3	0.5	0.3	0.5	0.3	2.2	6.3	6.6	6.3	3.1	5.4	3.6	3.6	2.2	2.2	3	1.9	2.7	3	2.4	2	2	2.7	3.5	3.6
	7	4.3	2.4	2.6	2.8	2.8	2.2	3.8	4.6	1.6	1.4	0.2	0.2	1	0.8	0.2	0.2	0.2	0.6	3.2	11.3	10.3	6	5.6	4.8	3.8	3.4	2.8	3.6	2.4	0.8	3.2	2.4	1.4	0.8	1	3	2	2.4
	8	2.7	2.8	2.8	4.3	1.1	2.4	2.2	4.1	2.4	2	1.8	0.6	0.6	0.4	0.6	1.3	0.7	1.8	4.1	7.6	5.5	4.6	5.9	7.8	4.4	3.9	3.9	3	3	2	0.4	3.7	1.8	0.9	2.2	1.8	1.7	2.8
	9	0.4	5.3	4.5	2.9	3.5	1.4	2.7	2.7	2.5	1.4	0	0.2	0.4	0.4	0.6	1.8	1.4	1.2	3.1	4.5	5.9	4.1	3.3	2.3	3.3	2.5	2.7	4.9	5.1	2	2.7	4.5	2.3	2.3	1.8	3.9	5.9	5.3
	10	0.4	3.6	5.4	3.2	3.6	1.1	1.6	2.3	2.7	4.3	3.4	1.8	0.5	0.7	0.5	1.4	2.3	3.2	3.2	5.9	3.6	1.8	1.4	2	2.7	1.8	3.6	1.8	1.4	1.4	3.2	2.5	2.3	2.5	3.6	6.8	7.4	3.6
	11	1.2	4.8	3.6	3.4	3.6	1.9	1	2.4	5.3	3.9	2.9	1.9	1.9	1.9	1.4	0.7	2.9	3.1	7	6.5	2.9	2.2	3.6	1.9	1.9	1.7	2.7	1.9	2.9	1.2	2.2	5.3	1.4	2.4	0.7	1.7	3.1	4.8
	12	0.9	5.2	3.2	4.3	2.9	2.9	3.4	3.8	4.3	5	4.1	1.8	0.5	1.8	2	3.4	1.6	0.9	4.7	9.5	5	4.7	3.2	1.4	1.1	0.5	0.9	0.7	2	0.9	1.6	2.3	2	1.6	1.8	2.5	2.9	5.2
FREQUENCY OF SPEED                                                              																																							
	Month	0	1	2	3	4	5	6	7	8	9	10	11	12	13	14	15	16	17	18	19	20	21	22	23	24	25												
	ALL	4.5	4.5	10.3	6.6	7.3	12.5	6.7	9.9	3.4	3.6	9.6	2.4	6.5	1.2	0.8	4.5	0.7	0.2	2	0.2	1.6	0.1	0.1	0.4	0.1	0.2												
	1	5.6	1.9	7.3	5.2	6	10	9.4	9.8	4.4	3.3	10.4	2.3	7.7	0.6	0.8	8.1	0	0	3.1	0.2	2.5	0	0	0.6	0.2	0.2												
	2	5.8	1.6	6	4.6	4.9	8.6	6.2	10.4	3.1	5.1	14.1	3.5	7.5	2.2	0.7	5.5	1.1	0	3.6	0.2	2.6	0	0.2	0.9	0.5	0.7												
	3	2.7	1.7	5.9	5.2	5.9	11.7	7.6	9.4	4.2	4.5	12.2	3.5	9.1	1.5	1.3	5.6	1	0.6	2.6	0.5	1.5	0.1	0	0.6	0.2	0.1												
	4	5.4	4.6	9.5	6	5.8	13.2	6.2	11.4	1.9	4.2	8.9	2.8	6.6	1.6	0.5	5.5	0.8	0.2	1.8	0	2.2	0.1	0.1	0.4	0	0.2												
	5	10	7.3	11	7	7.6	15.1	7.9	10	2.9	2.9	7.3	1.6	4.2	0.3	0.7	2.1	0	0	0.9	0.4	0.6	0	0.1	0.2	0	0												
	6	8.3	10.2	18	8	10	15.4	6.2	8	2.8	1	3	0.9	2.5	0.1	0.3	1.2	0.3	0.1	1.5	0.1	1.6	0	0	0.6	0	0												
	7	4.3	8.7	18.6	10.4	8.9	12.4	5.6	6.4	3.3	2.9	5.4	2.3	3.3	0.4	0.8	2.7	0.4	0	1.7	0.2	1.2	0	0	0.2	0	0												
	8	2.7	4.5	19	11	11.4	15.3	7.4	7.6	3.8	2.9	6.3	1.4	2.3	0.2	0	1.3	0.5	0.2	0.4	0	0.4	0	0.2	0.4	0	0.5												
	9	0.4	3.7	8.4	8.2	9.2	15.3	8.2	10.4	4.9	5.1	11	3.1	5.1	0.8	0.8	3.1	0.6	0.2	0.6	0.2	0.6	0	0	0	0	0												
	10	0.4	1.8	7	5.4	5.6	9.4	6.3	17.3	4	5.6	12.1	2.7	8.8	2.7	0.4	5.4	1.1	0	1.6	0.2	1.1	0.2	0	0	0	0.4												
	11	1.2	1.4	7.4	4.8	7.1	10.7	3.8	10.7	3.3	3.3	14.5	1.9	10.5	1.4	1	7.6	0.5	0.5	3.1	0.2	3.8	0	0	0.7	0	0.2
	12	0.9	2.9	3.8	2.5	4.7	8.3	4.5	8.9	3.1	2.7	14.8	3.8	13.4	2.9	2.2	9.4	2.2	0.2	4.5	0	2.7	0.2	0	0.4	0	0.7
PERCENT OF POWER BY SPEED                                                       																											
	Month	0	1	2	3	4	5	6	7	8	9	10	11	12	13	14	15	16	17	18	19	20	21	22	23	24	25
	ALL	0	0	0.1	0.2	0.6	1.7	1.5	4.1	1.9	2.8	9.8	3.5	12.6	2.8	2.2	15.6	2.9	0.9	11.1	1.4	13.2	0.5	0.6	5	1.2	3.7
	1	0	0	0.1	0.1	0.3	1.1	1.7	3.2	1.9	2	8.2	2.5	11.8	1.2	2	22	0	0	13.8	1.2	16.4	0	0	5.8	2.3	2.5
	2	0	0	0	0.1	0.3	0.7	0.9	2.8	1.1	2.6	9.4	3.2	9.6	3.5	1.4	12.4	3.2	0	13.4	0.8	13.5	0	1.3	7	5.1	7.5
	3	0	0	0.1	0.1	0.3	1.2	1.4	3.1	1.9	2.8	9.9	4.1	14	2.8	2.9	15.3	3.6	2.3	11.4	2.6	9.9	0.9	0	5.4	2.5	1.5
	4	0	0	0.1	0.2	0.4	1.7	1.4	4.5	1.1	3	8.6	3.9	12.2	3.7	1.5	17.8	3.2	1.1	9.4	0	16.4	1	1.1	4.6	0	3.2
	5	0	0	0.2	0.4	1	3.5	3.2	7.4	2.9	3.9	13.1	4	14.4	1.3	3.3	12.7	0	0	8.6	5.2	8	0	2.2	4.6	0	0
	6	0	0	0.4	0.5	1.4	3.7	2.5	6	2.9	1.4	5.7	2.2	8.6	0.7	1.5	7.2	2.4	1.3	14.5	1.8	23.1	0	0	12.3	0	0
	7	0	0	0.3	0.5	1.1	2.6	2.1	4.2	3.1	3.6	8.7	5.5	10.1	1.5	3.5	14.8	2.7	0	15.1	2	14.8	0	0	3.6	0	0
	8	0	0	0.4	0.7	1.7	3.9	3.3	5.9	4.1	4.2	12	3.8	8.6	0.8	0	8.2	4.3	1.7	3.7	0	5.5	0	3.5	7.9	0	15.9
	9	0	0	0.1	0.4	1	2.9	2.7	6.2	4.1	5.8	15.9	6.3	14.3	2.8	3.3	15.2	3.7	1.5	4.8	2	7.1	0	0	0	0	0
	10	0	0	0.1	0.2	0.4	1.1	1.3	6.5	2.1	3.9	11.2	3.5	15.6	5.8	1.2	16.9	4.6	0	7.9	1.3	8.1	1.8	0	0	0	6.5
	11	0	0	0.1	0.1	0.4	1	0.6	3	1.4	1.7	10	1.9	13.9	2.3	1.8	18	1.3	1.6	11.4	1.2	20.6	0	0	5.4	0	2.5
	12	0	0	0	0.1	0.2	0.6	0.6	2.1	1	1.2	8.5	3.1	14.7	3.9	3.5	18.3	5.5	0.7	13.8	0	12	1.2	0	2.9	0	6
PREVAILING DIRECTION BY HOUR                                                    																											
	Month	0	1	2	3	4	5	6	7	8	9	10	11	12	13	14	15	16	17	18	19	20	21	22	23		
	ALL	180	-1	-1	180	-1	-1	180	-1	180	180	180	-1	180	180	190	180	180	-1	180	180	180	180	-1	-1		
	1	10	-1	-1	180	-1	-1	70	-1	-1	60	40	-1	90	160	-1	170	160	-1	60	10	40	160	-1	-1		
	2	360	-1	-1	180	-1	-1	180	-1	-1	20	100	70	70	70	50	40	180	-1	180	160	80	160	280	-1		
	3	180	-1	-1	180	-1	-1	180	-1	-1	70	40	-1	190	190	200	20	10	-1	190	190	180	180	-1	-1		
	4	180	-1	-1	180	-1	-1	360	-1	-1	340	60	-1	180	-1	20	30	360	-1	50	10	10	180	-1	-1		
	5	180	-1	-1	180	-1	-1	190	-1	210	30	10	-1	30	-1	40	40	170	-1	30	40	180	20	-1	-1		
	6	200	-1	-1	10	-1	-1	190	-1	-1	260	190	-1	350	10	190	220	170	-1	40	190	180	40	-1	-1		
	7	180	-1	-1	190	-1	-1	190	-1	-1	190	-1	-1	180	-1	-1	180	-1	-1	180	-1	-1	180	-1	-1		
	8	220	-1	-1	180	-1	-1	180	-1	-1	60	-1	130	230	180	-1	220	-1	-1	210	-1	-1	240	-1	-1		
	9	70	-1	-1	260	-1	-1	200	-1	170	140	-1	350	30	250	-1	340	-1	-1	190	-1	-1	190	-1	-1		
	10	30	-1	-1	350	-1	-1	350	-1	-1	340	60	30	350	60	10	10	-1	-1	80	-1	-1	180	-1	-1		
	11	30	-1	-1	180	-1	-1	300	-1	-1	360	210	-1	30	70	-1	70	90	-1	170	-1	-1	70	-1	-1		
	12	140	-1	-1	60	-1	-1	180	-1	-1	180	50	170	190	80	10	70	20	-1	180	360	-1	150	270	-1		
SPEED FOR PREVAILING DIRECTION BY HOUR                                          																									
	Month	0	1	2	3	4	5	6	7	8	9	10	11	12	13	14	15	16	17	18	19	20	21	22	23
	ALL	9.62	-1	-1	8.72	-1	-1	10.34	-1	9.8	10.86	11.49	-1	12.02	11.67	11.5	11.28	11.92	-1	10.71	9.68	12.4	9.95	-1	-1
	1	11.28	-1	-1	5.62	-1	-1	8.05	-1	-1	10.15	10.2	-1	7.67	12.8	-1	8.67	6.9	-1	8.4	12.8	11.77	6.76	-1	-1
	2	13.1	-1	-1	12.01	-1	-1	11.8	-1	-1	10.74	6.9	4.1	10.83	18	10.2	12.05	11.1	-1	9.85	13.7	9.37	10.38	5.27	-1
	3	8.58	-1	-1	9.27	-1	-1	9.73	-1	-1	11.62	7.7	-1	11.91	11.52	10.2	5.9	8.57	-1	10.87	11.07	11.43	8.89	-1	-1
	4	11.96	-1	-1	8.1	-1	-1	5.67	-1	-1	9.53	4.77	-1	15.56	-1	6.4	6.25	5.8	-1	6.8	3.8	3.3	13.4	-1	-1
	5	9.82	-1	-1	7.83	-1	-1	11.43	-1	8.5	6.57	4.8	-1	5.86	-1	6.1	5.82	7.17	-1	7.17	7.33	10.22	6.37	-1	-1
	6	9.87	-1	-1	3.57	-1	-1	4.36	-1	-1	3.33	10.75	-1	4.93	5.1	13.85	10.16	12.97	-1	4.06	6.4	21.8	4	-1	-1
	7	9.57	-1	-1	10.67	-1	-1	9.65	-1	-1	10.01	-1	-1	12.82	-1	-1	10.26	-1	-1	12.23	-1	-1	12.8	-1	-1
	8	6.13	-1	-1	10.78	-1	-1	9.1	-1	-1	3.8	-1	15.4	4.71	10.1	-1	6.07	-1	-1	7.32	-1	-1	4.23	-1	-1
	9	6.12	-1	-1	6.74	-1	-1	6.98	-1	7.15	6.22	-1	8.2	5.72	5.85	-1	5.88	-1	-1	11.04	-1	-1	6.7	-1	-1
	10	9.05	-1	-1	12.82	-1	-1	10.75	-1	-1	10.32	2	9.45	6.96	7.7	12.55	8.06	-1	-1	8.55	-1	-1	7.17	-1	-1
	11	10.75	-1	-1	7.17	-1	-1	8.45	-1	-1	11.06	10.25	-1	7.67	5.1	-1	7.48	7.2	-1	6.62	-1	-1	8.87	-1	-1
	12	9.9	-1	-1	8.18	-1	-1	12.9	-1	-1	11.73	6.1	9.45	9.3	7.4	12.8	12.8	12.8	-1	11.59	7.5	-1	9.07	12.85	-1
