CAPE SPENCER (AMOS) AK - 703650                                                 														
 58 deg    12' N  136 deg    38' W - Elev   25m   LST=GMT+99 hours   *NT= -9    														
 01/73-09/74 12/77-12/77 02/85-10/89                                            														
SPEED BY YEAR                                                                   														
	Year	ALL	JAN	FEB	MAR	APR	MAY	JUN	JUL	AUG	SEP	OCT	NOV	DEC
	ALL	6.62	9.14	9.05	7.88	6.64	5.23	5	3.96	4.4	5.39	6.99	9.34	8.68
	1973	6.47	8.79	9.48	6.43	6.07	5.41	4.83	2.55	3.12	3.81	6.39	10.11	9.8
	1974	6.06	9.75	8.5	6.24	6.78	5.36	4.82	3.38	3.1	4.7	-1	-1	-1
	1977	10.2	-1	-1	-1	-1	-1	-1	-1	-1	-1	-1	-1	10.2
	1985	6.87	-1	11.17	7.75	7.15	5.97	5.35	3.87	6.23	-1	-1	14.92	9.8
	1986	6.71	-1	9.39	8.63	7.23	5.06	5.07	4.1	4.91	4.76	7.33	9.57	8.29
	1987	7.07	7.93	9.02	8.88	7.58	5.35	4.96	4.16	5	6.6	7.31	9.04	8.87
	1988	6.73	9.31	9.58	7.51	6.1	5.09	4.5	4.4	4.82	6.01	6.75	8.85	8.13
	1989	5.99	10.04	6.68	7.91	5.41	4.52	5.35	4.26	3.39	5.39	6.9	-1	-1
POWER BY YEAR                                                                   														
	Year	ALL	JAN	FEB	MAR	APR	MAY	JUN	JUL	AUG	SEP	OCT	NOV	DEC
	ALL	401	814	831	551	345	185	164	88	129	197	389	781	639
	1973	447	655	1057	333	319	235	173	44	100	86	402	949	904
	1974	425	1293	648	324	352	208	190	64	59	214	-1	-1	-1
	1977	736	-1	-1	-1	-1	-1	-1	-1	-1	-1	-1	-1	736
	1985	418	-1	1277	468	403	253	180	73	236	-1	-1	2300	610
	1986	375	-1	765	646	422	163	149	85	155	132	388	784	514
	1987	426	536	725	640	456	195	165	98	158	290	448	739	651
	1988	392	690	971	450	276	149	126	107	143	257	315	698	576
	1989	356	1061	444	734	183	125	186	104	59	188	415	-1	-1
NUMBER OF SPEED OBSERVATIONS BY YEAR                                            														
	Year	ALL	JAN	FEB	MAR	APR	MAY	JUN	JUL	AUG	SEP	OCT	NOV	DEC
	ALL	37917	2708	3217	3876	3788	3793	3583	3517	3310	2907	2626	2244	2348
	1973	4577	380	364	384	351	362	346	369	375	394	418	404	430
	1974	2013	344	184	185	260	243	252	250	234	61	0	0	0
	1977	1	0	0	0	0	0	0	0	0	0	0	0	1
	1985	3524	0	436	656	637	670	536	368	216	0	0	4	1
	1986	7025	0	510	688	641	667	625	659	649	640	670	631	645
	1987	7298	654	528	658	626	588	570	613	612	574	658	593	624
	1988	7671	667	590	644	633	645	641	679	642	604	667	612	647
	1989	5808	663	605	661	640	618	613	579	582	634	213	0	0
NUMBER OF SPEED OBSERVATIONS BY HOUR                                            														
	Hour	ALL	JAN	FEB	MAR	APR	MAY	JUN	JUL	AUG	SEP	OCT	NOV	DEC
	0	1715	122	143	174	167	168	165	155	148	137	120	105	111
	1	1370	88	118	144	138	137	132	133	122	101	97	76	84
	2	1392	89	118	146	137	138	141	142	124	103	98	80	76
	3	1800	141	147	182	176	181	172	175	160	134	122	101	109
	4	1347	79	114	144	145	132	130	143	116	102	90	72	80
	5	1693	120	146	166	165	173	164	168	157	124	116	87	107
	6	1738	131	149	167	172	178	166	165	155	126	121	96	112
	7	1722	124	133	174	174	178	169	164	149	127	116	107	107
	8	1657	124	144	168	161	166	162	152	132	135	114	100	99
	9	1709	131	147	170	179	163	156	160	160	118	116	104	105
	10	1623	120	142	167	151	161	163	154	136	124	104	100	101
	11	1647	126	135	164	163	167	150	142	147	124	120	103	106
	12	1665	126	133	173	160	165	159	146	144	137	115	103	104
	13	1655	127	135	169	172	167	158	142	147	125	112	96	105
	14	1624	122	137	176	166	153	135	140	144	128	122	96	105
	15	1630	133	138	168	162	164	145	137	138	130	117	96	102
	16	1570	115	130	156	148	158	140	130	132	128	119	108	106
	17	1378	87	117	140	147	146	133	131	119	108	98	77	75
	18	1687	126	146	174	166	166	158	144	141	131	116	106	113
	19	1353	86	120	143	138	138	128	124	114	106	92	81	83
	20	1432	93	124	146	139	141	138	142	122	113	100	86	88
	21	1823	134	159	188	185	181	167	158	172	139	123	108	109
	22	1305	80	120	136	136	132	114	132	106	103	89	76	81
	23	1382	84	122	141	141	140	138	138	125	104	89	80	80
	24	1715	122	143	174	167	168	165	155	148	137	120	105	111
SPEED BY HOUR                                                                   														
	Hour	ALL	JAN	FEB	MAR	APR	MAY	JUN	JUL	AUG	SEP	OCT	NOV	DEC
	0	6.31	9.13	8.98	7.52	6.29	4.87	4.39	3.46	3.72	4.59	6.82	9.6	8.85
	1	6.41	9.24	9.05	7.92	6.67	4.78	4.55	3.44	4.33	5.54	6.49	9.3	8.43
	2	6.5	9.36	9.66	8.01	6.52	5.25	4.64	3.48	4.25	5.57	6.7	9.42	8.19
	3	6.47	9.13	9.51	7.82	6.37	5.05	4.64	3.37	3.86	5.07	6.84	9.63	9.31
	4	6.39	8.81	8.94	8.15	6.3	4.92	4.73	3.63	4.18	5.65	7.21	9.15	8.13
	5	6.37	8.89	8.93	7.59	6.76	5.22	4.7	3.31	3.74	5.28	7.08	8.99	8.96
	6	6.51	8.88	8.99	7.5	6.82	5.37	5.21	3.46	3.85	5.34	6.73	9.67	8.72
	7	6.58	8.58	9.27	7.68	6.9	5.45	5.16	3.39	4.34	5.58	6.81	9.61	8.66
	8	6.62	8.78	9.27	7.77	7.27	5.42	5.24	3.21	4.17	5.46	6.83	9.4	8.37
	9	6.75	9	9.84	7.94	7.03	5.57	5	3.42	4.15	5.67	7.21	9.28	8.83
	10	6.85	9.11	9.38	7.84	7.4	5.42	5.25	4.06	4.51	5.93	7.09	9.64	8.53
	11	6.91	9.41	9.43	8.09	6.68	5.39	5.41	4.38	4.67	5.41	7.33	9.59	8.89
	12	6.88	9.3	9.11	8.28	6.86	5.6	5.2	4.7	4.92	5.41	7.19	9.28	8.38
	13	6.89	9.56	9.1	7.82	6.91	5.53	5.37	4.75	5.08	5.46	7.06	9.46	8.29
	14	7.03	9.5	8.82	8.3	6.9	5.74	5.69	4.7	5.17	5.74	6.8	9.49	8.8
	15	7.04	9.5	9.02	8.22	6.53	5.61	5.77	4.88	5.28	5.79	7.04	9.56	8.66
	16	6.87	8.91	8.99	8.09	6.55	5.25	5.29	5.16	5.25	5.52	6.86	9.09	8.64
	17	6.76	9.18	8.35	8.36	6.57	5.49	5.57	5.19	4.96	5.66	6.86	8.75	8.42
	18	6.68	8.92	8.71	7.6	6.52	5.23	5.07	4.54	4.61	5.18	7.15	9.28	8.92
	19	6.48	9.36	8.24	7.9	6.34	4.74	4.81	4.48	4.37	5.21	7.17	9	8.51
	20	6.41	9.34	8.7	7.67	6.36	4.85	4.62	4.07	4.04	5.27	7.36	8.86	8.48
	21	6.36	9.41	8.98	7.58	6.14	4.7	4.52	3.58	3.85	4.62	7.05	9.37	9.01
	22	6.47	8.96	9.08	7.79	6.31	4.94	4.34	3.68	4.15	5.42	7.31	8.99	9.23
	23	6.34	8.93	8.71	7.88	6.16	5	4.72	3.48	4.4	5.2	6.84	9.33	8.62
	24	6.31	9.13	8.98	7.52	6.29	4.87	4.39	3.46	3.72	4.59	6.82	9.6	8.85
POWER BY HOUR                                                                   														
	Hour	ALL	JAN	FEB	MAR	APR	MAY	JUN	JUL	AUG	SEP	OCT	NOV	DEC
	0	391	831	883	493	316	149	141	72	103	141	412	842	656
	1	381	774	886	553	352	158	137	69	118	183	303	788	600
	2	393	836	962	593	305	171	156	73	121	194	313	856	541
	3	413	827	974	521	315	162	156	76	111	174	374	909	781
	4	373	701	811	636	294	150	157	73	111	207	398	824	498
	5	380	794	797	521	343	173	142	63	96	196	404	758	678
	6	395	783	793	521	366	195	171	65	124	192	339	888	642
	7	394	744	882	535	369	189	167	63	128	213	345	809	625
	8	399	724	891	532	422	195	173	59	112	185	333	811	587
	9	426	831	1053	532	375	227	164	64	118	200	394	766	632
	10	414	850	857	500	462	188	167	91	136	229	366	773	609
	11	426	837	911	559	365	196	184	104	150	200	410	796	663
	12	410	885	801	567	357	225	157	114	143	191	398	768	575
	13	421	963	789	527	382	215	176	124	170	195	394	833	557
	14	438	901	723	595	386	248	205	123	170	231	372	821	681
	15	438	941	805	564	339	231	213	135	166	213	406	795	643
	16	418	756	847	592	322	181	179	148	175	194	418	714	675
	17	398	852	744	632	320	208	231	141	149	218	368	648	600
	18	404	804	756	509	341	178	156	110	142	197	469	727	690
	19	377	825	669	562	321	137	135	95	113	228	439	694	638
	20	369	733	737	566	329	154	124	81	96	243	464	636	578																									
	21	394	838	807	523	297	169	129	66	105	162	441	807	733																									
	22	375	636	799	581	304	147	124	67	108	188	432	676	742																									
	23	359	724	730	559	271	173	186	59	118	168	328	743	623																									
	24	391	831	883	493	316	149	141	72	103	141	412	842	656																									
SPEED BY DIRECTION                                                              																																							
	Month	calm	0	10	20	30	40	50	60	70	80	90	100	110	120	130	140	150	160	170	180	190	200	210	220	230	240	250	260	270	280	290	300	310	320	330	340	350	360
	ALL	0	1.75	2.64	2.97	4.12	5.34	7.15	7.87	7.87	7.33	5.85	4.32	3.29	3.65	4.31	4.43	4.09	4.7	6.72	7.33	7.07	6.82	6.64	6.55	6.8	6.55	6.01	6.4	6.31	6.14	5.67	6.23	4.79	2.88	2.06	2.02	1.97	1.75
	1	0	5	5.2	3.6	8.8	7.4	7.2	9.1	9.5	10.3	9.7	8.9	6.7	6	5.6	5.5	6.4	6	8.5	8.6	8.1	9.1	9	10.7	14.8	11.6	9.3	9.4	9.4	10.7	9.3	8.5	5.8	4.9	2.3	3.7	1.5	5
	2	0	1.8	1	2.3	1.6	4.1	9.1	9.9	9.5	9.7	7.4	4.6	3.6	3.6	5.4	6	5.4	6.4	9.3	10.1	10.7	9.7	10.5	11.4	11.8	10.8	10.4	10.1	10.9	9.3	7.7	8.2	6.5	3.1	2	2.1	1.6	1.8
	3	0	1.4	3.6	4.1	4.1	8.3	9.3	8.9	8.2	8.6	7.7	5.6	3.6	4.2	4.9	4.8	4.4	5.6	6.9	8	6.7	7.2	7.4	7.7	6.8	8.8	7.9	8.3	8.8	8.3	7.6	8.7	5.9	3.6	2.9	3	3.8	1.4
	4	0	2.1	1.8	3.6	3	4.6	7	7.4	7.5	7.5	6.1	4.6	4.1	4.7	4.7	4.8	4.1	4.3	6.9	7.9	6.6	7.7	6.3	6.4	7	6.7	6.2	6.7	7.7	6.6	5.9	6.1	5.1	3.5	2	2.3	2.2	2.1
	5	0	1.3	2.6	1	2.7	4	5.6	6.7	6.8	5.8	4.6	3.8	3.1	3.4	4.1	3.5	3.7	3.1	3.6	4.4	4.9	5	5	4.1	3.5	4.3	4.1	4.7	5	4.3	5.3	5.7	5.1	2.1	1.5	1.1	1.7	1.3
	6	0	1.4	1.5	2.1	2.8	1.7	2.5	6.6	6.3	5.7	3.4	2.9	2.2	2.8	2.3	3.1	3	2.7	4.3	5.3	5.8	5.5	4.9	3.7	4.8	4.4	4.3	4.5	4.7	5.3	5.2	5.5	4.5	2.4	2.3	3.2	1.8	1.4
	7	0	1.6	2.2	1.5	1.5	2.2	2.6	4.9	5.2	4.2	2.3	1.8	1.4	1.2	1.3	1.3	1.3	1.6	3.2	3.3	3.9	4.4	4.4	3.8	3.5	3.8	4.3	4.8	4.2	4.2	4.5	5.7	4.6	2.4	1.3	1.4	1.4	1.6
	8	0	1.2	1	1.2	2.2	2.4	3	4.9	5.9	4.9	2.7	2.2	1.5	1.3	1.7	2	1.8	1.7	3	4.2	4.2	4.6	4.2	4.2	5	4.1	5.4	4.8	5.1	5.6	4.9	5.8	3.7	2.2	1.4	1.2	1.3	1.2
	9	0	2.7	3.8	1.6	3.7	4.3	4.5	6.2	6.2	5.3	3.8	2.8	2.4	3.3	2.9	3	2.3	2.4	5.9	7.9	7.4	7.5	6	5.7	5.4	6.9	6.3	6	5.8	5.3	4.8	5.3	3.7	2.8	2.2	2	1	2.7
	10	0	0.7	4.6	4.1	5.1	3.6	6.2	6.9	7.5	6.7	7.1	3.6	4.3	3.4	3.9	4.1	4	5	8.2	9.1	7.5	7.2	7.3	7.7	7.9	7	7.9	8.5	8.2	7.9	7	6.6	4.6	2.8	1.4	2.6	4.8	0.7
	11	0	1.5	2.4	7.7	4.1	6.7	10.2	9.1	9.8	10.3	7.7	4.7	5.8	6.5	7.2	6.8	7.5	6.6	10.4	10.6	11.1	10.7	9.2	10.2	9	8.1	8.3	11.3	9.2	9.9	12.2	11	6.2	3.6	2.9	1.2	1.4	1.5
	12	0	2.2	3.2	2.2	4.3	6.2	6.5	7.7	9.9	10.1	8.1	4.3	4.5	5.2	7.2	6.6	5.4	8.8	8.8	8.2	9.5	9.6	9.7	10.5	10.3	8.8	7.2	7.8	9.4	10.7	9.5	9.3	8.4	5.2	3.2	1.8	2.2	2.2
FREQUENCY BY DIRECTION                                                          																																							
	Month	calm	0	10	20	30	40	50	60	70	80	90	100	110	120	130	140	150	160	170	180	190	200	210	220	230	240	250	260	270	280	290	300	310	320	330	340	350	360
	ALL	3.42	0.27	0.23	0.23	0.38	0.91	2.64	11.74	22.75	13.47	4.43	1.51	1.14	0.89	0.98	0.77	0.6	0.51	1.01	1.85	1.65	1.67	1.7	1.75	1.71	2.16	2.36	2.67	3.38	3.14	3.44	3.69	2.53	0.93	0.38	0.27	0.28	0.27
	1	0.7	0.2	0.2	0.3	0.9	1.6	5	14	30.1	12.7	4.7	2.8	1.7	1	1.2	0.8	0.7	0.7	0.7	1.1	0.8	0.8	1.1	1.8	2	2.8	1.4	1.3	1.6	1.7	1	1.1	0.6	0.5	0.6	0.2	0.3	0.2
	2	0.7	0.2	0.1	0.2	0.3	0.8	2.5	15.4	30.9	14	4.2	1.1	0.8	1.3	1.1	1.1	0.9	0.5	0.7	1.6	1.9	1.3	1.7	1.5	1.4	1.5	1.3	2.1	2.5	1.6	1.6	1.3	1.2	0.6	0.5	0.2	0.2	0.2
	3	1.1	0.5	0.3	0.4	0.5	1.4	3.6	15	25.5	16.1	6	1.5	1.1	0.7	0.9	0.7	0.6	0.5	1.4	1.9	1.4	1.2	1.5	1.4	1.1	1.7	1.5	1.9	2	1.6	1.6	1.9	1.2	0.8	0.4	0.2	0.2	0.5
	4	2.1	0.1	0.3	0.3	0.5	0.8	2.4	13	22.8	14	5.8	2	1	1	1.4	1	0.7	0.4	1.4	2.6	1.7	1.5	1.4	1.6	1.2	1.5	1.6	2.1	2.9	2.8	3	3	2.2	0.9	0.6	0.2	0.4	0.1
	5	3.1	0.3	0.3	0.1	0.4	0.3	1.4	7.6	18.5	14.8	5.9	1.6	1.5	1.2	1.1	1.1	0.7	0.4	0.7	2	1.9	2.1	2.2	2.3	1.8	2	2.9	2.4	3.2	3.6	4.7	5.2	3.2	1.3	0.5	0.4	0.3	0.3
	6	4.8	0.5	0.2	0.2	0.1	0.7	0.8	6.2	17.4	13.3	3.5	1.2	1.4	0.6	0.9	0.3	0.6	0.5	0.9	1.9	1.9	2.4	2.2	2.1	2.3	2.1	2.1	3.1	6.3	5.5	5.7	5.6	5.1	1.6	0.3	0.3	0.3	0.5
	7	9.1	0.5	0.5	0.2	0.3	0.5	1.7	4	11	9.5	4	2.2	1.5	1.1	1	0.4	0.4	0.3	0.6	0.6	1.2	1.5	1.6	2.3	2.8	3.6	4.7	5	6	5.6	8.1	9.4	5.5	1	0.3	0.4	0.5	0.5
	8	9.5	0.3	0.1	0.2	0.3	0.6	0.9	5.1	17.9	11.2	3.7	2.1	1.9	1	0.6	1	0.7	0.8	0.9	2	1	1.8	1.7	1.6	1.8	3.4	4.2	4.4	5.4	5.7	6.1	6.6	2.8	1.1	0.4	0.4	0.3	0.3
	9	4.4	0.2	0.1	0.1	0.4	1	1.3	10.8	23.9	16.1	3.5	1	0.5	0.5	0.4	0.5	0.4	0.1	0.5	2.2	1.7	1.5	1.7	1.6	1.8	2.3	3	3	3.6	3.3	3.5	3.5	4.1	1.5	0.3	0.1	0.1	0.2
	10	2	0.1	0.1	0.2	0.3	0.5	2.9	15.5	28.5	14	3.7	0.9	0.6	0.5	1.1	0.7	0.5	0.5	1.6	2.8	3.1	2.7	1.9	1.7	1.7	1.8	2.6	2.3	2.3	1.2	0.9	1	0.8	0.3	0.2	0.2	0.2	0.1
	11	0.3	0.1	0.1	0.1	0.2	0.9	5.8	22.9	28.5	12.8	3.3	0.8	0.7	1.1	1	0.9	0.4	0.6	1	1.8	1.2	1	1.2	1.3	0.8	1.2	1.3	1.5	1.7	1.5	1.2	1	0.7	0.7	0.2	0.2	0.2	0.1
	12	0.6	0.1	0.3	0.2	0.4	2.4	5.7	18.4	23.7	12.4	3.3	0.6	0.4	0.6	0.9	0.9	0.3	0.9	1.7	1.8	2.1	2.1	2	1.6	1.5	1.8	1.4	2.4	1.9	2.1	1.6	2.1	1.1	0.5	0.3	0.2	0.2	0.1
FREQUENCY OF SPEED                                                              																																							
	Month	0	1	2	3	4	5	6	7	8	9	10	11	12	13	14	15	16	17	18	19	20	21	22	23	24	25												
	ALL	3.4	6.6	8.6	8.4	9.9	11	10.2	9.1	7.4	6.3	5.3	3.7	3.1	2.3	1.6	0.9	0.8	0.4	0.4	0.3	0.2	0.1	0	0	0	0												
	1	0.7	2.4	2.8	4.4	6	9	8.4	9.7	8.8	7.9	8.7	6.5	7.2	4.8	4.4	2.1	1.9	1	1	0.5	0.4	0.4	0.3	0.3	0.2	0.1												
	2	0.7	2.7	3.7	6.3	7.5	7.7	7.8	7.4	7.3	8.5	8.2	6	6.4	5.2	3.9	2.3	2.5	1.9	1.8	1.2	0.6	0.1	0	0.1	0	0												
	3	1.1	2.8	5.5	5.9	9.8	10.5	9.5	9.8	7.7	7.9	7.4	5.9	5.9	3.7	2.3	1	1.2	0.5	0.5	0.4	0.4	0.1	0	0	0	0												
	4	2.1	4.9	7.4	8.9	10.6	11.2	12.5	10.6	7.4	7	6.2	4	2.6	1.7	1.4	0.8	0.3	0.2	0.2	0.1	0.1	0	0	0	0	0												
	5	3.1	10.6	11.2	11.4	12.7	11.9	12	8.8	6.5	4.6	3.1	2	1	0.5	0.2	0.2	0.1	0.1	0	0	0	0	0	0	0	0												
	6	4.8	10	12.9	11.5	12	12.8	10.3	9.1	6.7	4.2	3.1	1.4	0.7	0.3	0	0.1	0	0	0	0	0	0	0	0	0	0												
	7	9.1	14.2	17.7	11.6	11.3	11.3	9.6	8.4	4.1	1.7	0.7	0.2	0	0	0	0	0	0	0	0	0	0	0	0	0	0												
	8	9.5	13.1	13.8	11.1	10.3	11.7	9.8	7.2	5.9	4	2.2	0.7	0.4	0.1	0.1	0.1	0	0	0	0	0	0	0	0	0	0												
	9	4.4	8.1	10.9	10.7	11	13.7	11.1	10	7.2	5.1	3.5	1.9	1.2	0.6	0.3	0.1	0	0	0.1	0	0	0	0	0	0	0												
	10	2	2.7	6.8	7.5	11.1	11.3	11.6	11.5	9	7.8	6.5	3.5	2.4	2.5	1	1	0.8	0.3	0.3	0.2	0.1	0	0	0	0	0												
	11	0.3	1.1	2	3.2	6.4	9.2	9	7.8	10.1	10	8.3	8.3	5.9	5.5	4.8	2.5	2.5	1.3	1	0.5	0.3	0.1	0.2	0	0	0
	12	0.6	1.3	2.3	4.4	6.9	10.6	9.8	9.3	10.2	9.8	8.6	7	6.2	5.2	2.7	1.8	1.2	0.6	0.6	0.5	0.3	0.1	0	0	0	0
PERCENT OF POWER BY SPEED                                                       																											
	Month	0	1	2	3	4	5	6	7	8	9	10	11	12	13	14	15	16	17	18	19	20	21	22	23	24	25
	ALL	0	0	0.2	0.5	1.3	2.6	4.1	5.8	6.9	8.4	9.4	8.7	9.7	8.9	7.7	5.1	5.3	3.6	3.9	2.9	2.1	0.8	0.7	0.6	0.3	0.4
	1	0	0	0	0.1	0.4	1.1	1.7	3.1	4.2	5.2	7.7	7.6	11.1	9.2	10.6	6	6.4	4	4.7	2.7	2.9	2.9	2.3	2.6	2.1	1.8
	2	0	0	0	0.2	0.5	0.9	1.5	2.3	3.4	5.5	7.2	7	9.8	9.8	9.2	6.5	8	7.4	8	6.5	3.8	0.9	0.2	0.9	0	0.4
	3	0	0	0.1	0.3	0.9	1.8	2.8	4.6	5.3	7.7	9.7	10.1	13.4	10.5	8	3.9	5.8	3.2	3.8	3	3.8	0.6	0.3	0.4	0	0
	4	0	0	0.2	0.6	1.6	3.1	5.9	8	8.1	10.9	12.7	10.8	9.5	7.9	7.7	5	2.5	1.6	1.7	1.3	0.7	0	0	0	0	0
	5	0	0.1	0.5	1.4	3.5	6.3	10.7	12	13.3	13.5	12.1	9.9	6.6	4.1	2.1	1.9	1.1	0.9	0	0	0	0	0	0	0	0
	6	0	0.1	0.7	1.7	3.7	7.4	10.2	14.4	15.3	13.5	13.2	8.2	5.4	2.4	0	0.8	0.5	0	0	0	0	0	1.1	1.3	0	0
	7	0	0.2	1.7	3.1	6.6	12.2	17.6	24.3	16.7	10	5.7	2.1	0	0	0	0	0	0	0	0	0	0	0	0	0	0
	8	0	0.1	0.8	2	4.1	8.6	12.1	14	17	16.1	11.7	4.8	3.7	1.4	1.9	1.6	0	0	0	0	0	0	0	0	0	0
	9	0	0.1	0.5	1.3	2.8	6.6	9	12.9	13.8	13.8	12.4	8.8	7.4	4.3	3.1	1.2	0.5	0.5	1.3	0	0	0	0	0	0	0
	10	0	0	0.1	0.5	1.5	2.8	4.7	7.6	8.6	10.7	11.9	8.4	7.4	9.8	4.8	5.7	5.7	2.4	3.3	2.5	1	0	0.6	0	0	0
	11	0	0	0	0.1	0.4	1.2	1.9	2.5	4.9	6.8	7.6	10.1	9.2	11	11.8	7.1	8.3	5.2	4.6	2.7	1.7	0.7	1.6	0	0	0.5
	12	0	0	0	0.2	0.6	1.6	2.5	3.7	6.1	8.2	9.6	10.4	12.1	12.6	8.2	6.6	4.9	2.8	3.3	3.4	2	0.8	0.5	0	0	0
PREVAILING DIRECTION BY HOUR                                                    																											
	Month	0	1	2	3	4	5	6	7	8	9	10	11	12	13	14	15	16	17	18	19	20	21	22	23	24	
	ALL	70	70	70	70	70	70	70	70	70	70	70	70	70	70	70	70	70	70	70	70	70	70	70	70	70	
	1	70	70	70	70	70	70	70	70	70	70	70	70	70	70	70	70	70	70	70	70	70	70	70	70	70	
	2	70	70	70	70	70	70	70	70	70	70	70	70	70	70	70	70	70	70	70	70	70	70	70	70	70	
	3	70	70	70	70	70	70	70	70	70	70	70	70	70	70	70	70	70	60	70	70	70	70	60	70	70	
	4	70	70	70	70	70	70	70	70	70	70	80	80	70	70	70	70	70	70	70	70	70	70	70	70	70	
	5	70	70	70	70	70	70	70	70	80	80	70	80	70	70	80	70	70	70	70	70	70	70	70	70	70	
	6	70	70	70	70	70	70	70	70	80	70	70	80	80	80	270	80	300	290	70	300	70	70	70	70	70	
	7	60	70	70	80	80	80	70	80	80	70	70	70	300	300	300	300	300	300	300	290	70	300	70	270	60	
	8	70	70	70	70	70	70	70	70	70	70	70	70	70	70	70	300	280	300	290	70	70	70	70	70	70	
	9	70	70	70	70	70	70	70	70	70	80	80	80	70	70	70	70	70	70	70	70	70	70	70	80	70	
	10	70	70	70	70	70	70	70	70	70	70	70	70	70	70	70	70	70	70	70	60	70	70	70	70	70	
	11	60	60	70	70	60	70	70	70	70	70	70	70	70	60	60	60	60	70	70	70	70	70	70	70	60	
	12	70	70	60	60	70	70	70	70	70	70	70	70	70	70	70	60	70	60	70	70	60	70	60	70	70	
SPEED FOR PREVAILING DIRECTION BY HOUR                                          																										
	Month	0	1	2	3	4	5	6	7	8	9	10	11	12	13	14	15	16	17	18	19	20	21	22	23	24
	ALL	7.56	7.5	7.52	7.55	7.38	7.51	7.5	7.8	7.94	8.16	8.16	8.38	8.29	8.4	8.25	8.21	8.33	8.16	8.06	8.07	7.47	7.92	7.57	7.53	7.56
	1	10.02	9.26	9.13	9.39	10.01	9.75	8.57	9.23	9.02	9.09	9.62	9.97	9.83	9.33	9.28	8.81	9.04	10.88	8.67	10.11	10.57	10.46	9.63	9.29	10.02
	2	9.6	9.28	9.76	8.99	8.7	9.16	8.89	9.46	9.23	9.8	10.06	10.41	9.97	10	9.39	9.44	10.54	9.15	9.85	9.25	8.85	9.61	9.53	8.27	9.6
	3	7.35	8	8.01	6.64	8.3	7.27	6.95	7.89	8.33	8.41	8.66	8.42	8.87	9.18	9.51	8.82	9.08	9.3	8.11	8.17	8.16	8.2	8.5	8.7	7.35
	4	7.19	6.4	7.48	8.14	7.35	7.52	8.16	7.59	8.15	7.62	8.29	7.69	8.12	8.63	7.18	6.85	7.06	7.1	7.66	6.94	6.82	7.54	6.96	6.42	7.19
	5	6.32	7.06	5.94	6	5.71	6.13	7.02	6.75	6.17	6.15	7.49	6.64	7.95	7.98	7.17	7.3	7.59	6.62	6.45	6.26	5.76	5.82	6.7	7.18	6.32
	6	5.22	5.95	6.65	5.62	5.9	6.47	6.47	6.56	6.64	6.78	7.26	6.05	6.66	6.29	5.73	6.16	6.94	5.52	6.47	4.67	5.67	5.82	5.92	6.08	5.22
	7	4.78	5.54	5.2	3.52	3.53	4.27	5	4.76	4.49	5.02	5.48	5.39	6.69	6.06	7.13	7.87	7.26	6.46	6.12	4.72	5.22	4.17	5.88	3.59	4.78
	8	5.31	5.38	5.68	5.49	5.34	5.61	5.69	6.2	6.34	6.74	6.03	6.27	6.21	6.18	6.08	7.67	5.43	6.29	4.36	6.44	5.62	4.88	5.81	5.72	5.31
	9	6.22	6.29	5.55	6.67	6.1	5.74	5.71	6.38	6.01	6.13	6.4	5.7	6.14	6.73	6.98	6.91	6.24	5.53	5.78	6.32	7.11	6.25	5.95	4.82	6.22
	10	6.93	7.27	7.52	7.32	7.93	6.96	7.11	7.93	7.28	7.83	7.31	7.93	8.31	8.19	7.61	8.41	7.66	8.45	8.1	7.12	6.21	6.97	6.23	7.33	6.93
	11	9.66	8.52	9.4	9.83	8.81	9.34	9.48	9.95	11.17	10.32	9.29	10.72	10.3	9.53	8.94	9.51	8.62	9.85	9.67	9.49	9.39	10.23	9.51	9.7	9.66
	12	9.8	9.51	7.53	7.86	8.67	10.85	10.97	10.2	9.14	10.45	9.99	10.55	9.33	8.38	10.46	7.84	10.6	7.01	9.45	8.91	7.36	10.34	7.88	9.26	9.8
