CHANDALAR LAKE      AK - 701745                                                 														
 67 deg    30' N  148 deg    29' W - Elev  585m   LST=GMT+99 hours   *NT=-10    														
 06/73-12/81 01/87-09/02                                                        							Adjusted to Alaska Time Zone (GMT-9)							
SPEED BY YEAR                                                                   														
	Year	ALL	JAN	FEB	MAR	APR	MAY	JUN	JUL	AUG	SEP	OCT	NOV	DEC
	ALL	2.8	2.3	2.05	2.4	2.7	2.88	3.12	3.37	3.35	3.08	3.34	2.25	2.26
	1973	3.25	-1	-1	-1	-1	-1	3.6	2	3.03	2.67	2.5	-1	4.93
	1974	2.25	1.75	1.93	2	2.55	2.08	5.1	-1	-1	-1	4.32	1.78	1.26
	1975	2.5	1.29	2.63	1.54	2.21	3.84	3.43	3.74	2.84	-1	-1	2.51	1.68
	1976	2.94	2.56	2.95	2.26	2.72	3.08	3.5	3.31	1.84	3.03	0	2.05	-1
	1977	1.45	0	0	2	2	0	2.25	-1	1.5	0	4.1	3.55	0
	1978	2.3	3.6	-1	1.8	1.29	-1	-1	5.97	3.16	2.34	2.74	1.61	1.46
	1979	2.2	2.06	0.47	2.14	2.32	3.06	3.29	2.64	2.32	2.1	2.39	2.02	0.79
	1980	2.14	1.64	1.93	1.58	2.77	3.22	2.59	2.68	2.61	2.89	2.36	1.62	0.75
	1981	2.08	2.07	1.25	2.03	1.66	2.28	2.5	3.22	2.34	2.2	2.33	1.56	1.25
	1987	2.21	1.85	1.38	2.19	2.29	2.38	2.59	3	2.7	2.58	1.65	2.53	1.02
	1988	2.42	1.4	1.08	2.7	3.15	3.01	3.13	2.78	2.78	2.02	3.71	2.68	1.28
	1989	2.08	0.63	0.19	0.96	1.56	1.91	2.68	3.38	2.08	2.4	0.82	0.98	-1
	1990	2.63	-1	0.69	1.25	1.52	1.91	2.63	3.31	3.64	4	4.21	2.71	2.1
	1991	3.54	2.72	3.4	2.25	2.91	3.79	3.51	4.58	4.26	4.02	-1	-1	-1
	1992	3	2.58	2.97	2.16	3.07	3.78	3.48	2.76	4.06	3.45	2.61	2.57	2.11
	1993	2.29	2.53	1.81	1.74	2.33	1.66	2.06	1.92	2.85	3.41	2.62	1.16	2.7
	1994	2.8	3.69	1.46	2.2	3.77	2.54	3.06	2.91	3.66	3.41	3.5	1.42	1.74
	1995	2.49	1.32	1.87	2.22	2.97	2.54	2.17	2.94	2.68	3.38	3.23	0.58	2.41
	1996	2.23	0.85	1.82	1.69	2.74	2.5	2.33	2.4	2.71	3.02	3.71	-1	-1
	1997	4.12	-1	-1	-1	-1	-1	-1	-1	2.5	3.48	4.32	3.15	5.38
	1998	5.49	5.78	5.55	5.42	5.56	5.99	5.67	5.6	6.21	6.08	6.94	4.54	3.74
	1999	3.96	4.18	-1	3.2	3.62	4.18	4.27	5.38	3.93	3.93	4.76	2.92	4.21
	2000	3.11	1.97	2.81	5.15	3.2	3.2	3.83	3.72	3.9	3.2	2.73	1.58	2.62
	2001	4.03	3.04	1.67	2.93	3.61	3.62	4.29	5.1	5.22	4.22	5.53	4.73	5.55
	2002	3.13	5.39	2.78	1.67	2.14	2.5	3.58	3.94	4.24	2.5	-1	-1	-1
POWER BY YEAR                                                                   														
	Year	ALL	JAN	FEB	MAR	APR	MAY	JUN	JUL	AUG	SEP	OCT	NOV	DEC
	ALL	49	48	44	51	47	39	42	53	58	52	74	40	42
	1973	40	-1	-1	-1	-1	-1	27	5	25	11	10	-1	124
	1974	19	4	8	6	16	10	78	-1	-1	-1	68	25	20
	1975	28	12	60	14	29	69	40	52	35	-1	-1	26	8
	1976	33	29	24	25	24	34	48	40	13	23	0	21	-1
	1977	10	0	0	6	5	0	7	-1	8	0	42	45	0
	1978	30	29	-1	15	4	-1	-1	693	30	25	46	19	10
	1979	25	24	7	39	19	37	38	24	22	16	31	25	14
	1980	31	30	28	25	54	43	25	25	77	36	23	18	8
	1981	21	27	13	24	12	15	22	33	19	23	22	18	20
	1987	20	15	9	22	24	17	22	31	28	31	12	25	5
	1988	27	15	7	38	37	33	38	30	28	14	48	33	17
	1989	19	4	0	9	11	12	27	42	15	20	2	4	-1
	1990	48	-1	2	8	13	11	22	58	75	120	148	36	14
	1991	74	77	157	14	30	64	78	104	86	53	-1	-1	-1
	1992	44	44	52	17	65	76	53	32	69	53	17	25	18
	1993	32	46	12	6	27	7	14	27	32	76	38	15	47
	1994	53	99	11	45	85	32	57	49	88	67	57	21	19
	1995	36	13	26	35	34	30	20	34	32	64	61	3	48
	1996	36	7	30	27	63	28	25	37	42	58	94	-1	-1
	1997	119	-1	-1	-1	-1	-1	-1	-1	20	99	141	109	127
	1998	133	151	121	114	119	153	118	113	171	152	233	80	102
	1999	101	117	-1	79	79	84	57	109	69	92	147	127	108
	2000	69	26	107	189	67	42	64	70	68	53	77	23	53
	2001	104	100	57	104	133	65	71	114	126	60	153	126	142
	2002	65	223	73	28	59	42	59	74	77	19	-1	-1	-1
NUMBER OF SPEED OBSERVATIONS BY YEAR                                            														
	Year	ALL	JAN	FEB	MAR	APR	MAY	JUN	JUL	AUG	SEP	OCT	NOV	DEC
	ALL	30977	2339	1894	2460	2529	2849	2719	2914	3117	2550	2499	2563	2544
	1973	14	0	0	0	0	0	1	1	4	3	2	0	3
	1974	63	4	6	3	21	8	1	0	0	0	4	8	8
	1975	324	11	6	5	15	21	28	39	16	0	0	78	105
	1976	635	84	57	74	83	127	137	59	8	3	1	2	0
	1977	17	1	2	2	1	1	2	0	2	2	1	2	1
	1978	516	1	0	4	7	0	0	3	113	80	110	93	105
	1979	1229	126	71	98	84	106	109	124	114	109	122	69	97
	1980	2096	94	144	180	126	167	178	136	188	187	186	242	268
	1981	2786	220	237	214	191	213	230	270	281	217	237	256	220
	1987	1980	172	75	27	176	200	183	201	156	176	163	220	231
	1988	2046	214	159	175	172	209	163	145	219	156	57	223	154
	1989	1387	141	8	90	83	148	211	222	196	206	5	77	0
	1990	1906	0	72	181	229	212	211	208	202	153	184	131	123
	1991	701	60	66	25	153	47	122	101	60	67	0	0	0
	1992	1155	67	59	96	121	79	64	119	138	122	113	95	82
	1993	1350	7	40	75	69	54	78	193	173	137	185	175	164
	1994	1524	161	103	70	85	149	166	133	155	81	139	151	131
	1995	1332	114	117	71	84	177	136	94	99	106	202	43	89
	1996	1385	203	46	185	182	216	68	142	171	163	9	0	0
	1997	393	0	0	0	0	0	0	0	6	69	98	108	112
	1998	1081	85	116	53	72	120	93	82	121	42	65	99	133
	1999	1419	105	0	234	134	65	56	107	91	118	175	157	177
	2000	2144	184	160	182	143	162	150	149	180	194	218	202	220
	2001	2075	230	209	207	126	182	139	157	198	151	223	132	121
	2002	1419	55	141	209	172	186	193	229	226	8	0	0	0
NUMBER OF SPEED OBSERVATIONS BY HOUR                                            														
	Hour	ALL	JAN	FEB	MAR	APR	MAY	JUN	JUL	AUG	SEP	OCT	NOV	DEC
	0	6	0	2	0	0	0	3	1	0	0	0	0	0
	1	8	0	0	0	0	0	0	1	1	0	0	2	4
	2	6	0	0	6	0	0	0	0	0	0	0	0	0
	3	1	1	0	0	0	0	0	0	0	0	0	0	0
	4	197	25	12	5	13	8	7	12	12	15	30	29	29
	5	1780	76	68	109	161	187	168	243	241	191	171	79	86
	6	2258	153	112	161	211	234	203	239	247	204	200	151	143
	7	2748	209	163	215	232	275	250	284	305	249	223	164	179
	8	1510	183	127	150	96	108	98	73	93	94	84	201	203
	9	2592	146	128	163	237	274	242	285	298	240	253	156	170
	10	1481	143	99	164	97	113	111	89	115	94	91	185	180
	11	2092	84	94	128	218	251	212	249	260	195	205	91	105
	12	1190	127	88	134	85	75	93	72	76	71	59	167	143
	13	172	50	25	23	6	0	4	3	2	0	4	26	29
	14	1027	79	61	81	56	76	79	83	107	99	112	98	96
	15	1856	76	76	107	162	215	193	243	235	176	150	105	118
	16	1464	135	115	145	99	97	115	95	132	113	118	154	146
	17	1945	139	100	133	162	208	210	210	223	159	156	122	123
	18	2378	149	133	188	206	226	241	250	248	193	188	182	174
	19	1107	152	103	127	78	53	61	51	54	58	55	171	144
	20	2718	160	152	181	244	277	254	285	300	254	262	165	184
	21	1331	141	138	148	89	88	94	73	77	67	55	190	171
	22	682	89	61	57	42	47	42	35	68	59	52	71	59
	23	428	22	37	35	35	37	39	38	23	19	31	54	58

SPEED BY HOUR                                                                   														
	Hour	ALL	JAN	FEB	MAR	APR	MAY	JUN	JUL	AUG	SEP	OCT	NOV	DEC
	0	4.27	-1	2.25	-1	-1	-1	5.13	5.7	-1	-1	-1	-1	-1
	1	1.95	-1	-1	-1	-1	-1	-1	2.5	1.5	-1	-1	2.8	1.5
	2	1.85	-1	-1	1.85	-1	-1	-1	-1	-1	-1	-1	-1	-1
	3	2.1	2.1	-1	-1	-1	-1	-1	-1	-1	-1	-1	-1	-1
	4	3.97	2.34	5.31	4.62	4.38	5.06	4.24	4.69	3.38	2.77	4.64	3.51	4.47
	5	2.73	3.33	3.03	2.86	2.03	2.17	2.24	2.26	2.62	2.89	3.55	3.49	4.15
	6	2.55	2.77	2.37	2.28	2.24	2.17	2.16	2.55	2.96	2.6	3.44	2.22	2.73
	7	2.35	2.16	1.56	1.86	2.22	2.2	2.32	2.59	2.57	2.7	3.43	2.15	1.93
	8	2.21	2.14	1.74	1.78	2.34	2.74	2.42	3.01	2.27	2.71	2.95	1.92	1.85
	9	2.67	2.57	1.88	2.32	2.29	2.81	2.75	3.06	2.97	2.66	3.05	2.52	2.24
	10	2.6	1.89	2.29	1.92	2.62	3.28	3.06	3.6	3.19	2.87	3.45	2.16	2.24
	11	3.24	2.66	2.5	2.99	2.77	3.19	3.53	3.74	3.99	3.24	3.32	2.48	2.7
	12	2.41	1.76	1.6	2.05	2.48	3.19	3.61	3.55	3.01	3.26	2.69	1.97	1.69
	13	2.33	1.69	2.14	1.75	1.95	-1	4.9	10.1	5.15	-1	5.15	3.39	1.43
	14	3.2	2.61	2.63	2.58	3.39	4.23	3.8	4.12	3.9	3.4	3.17	2.3	2.31
	15	3.55	2.94	2.14	3.89	3.33	3.36	3.85	4.03	4.28	3.89	3.83	2.22	2.59
	16	3.17	2.12	2.25	2.61	3.99	3.96	4.11	4.36	4.2	3.56	3.44	2.08	2.56
	17	3.62	2.61	2.61	3.07	3.35	3.52	3.95	4.22	4.47	3.9	4.11	2.99	3.2
	18	3.05	2.22	1.56	2.62	3.1	3.12	3.54	3.99	4	3.44	3.32	2.23	2.01
	19	2.93	2.24	2.54	2.51	3.09	3.41	3.78	4.19	4.62	3.67	4	2.23	2.75
	20	2.73	2.28	1.57	2.49	2.74	2.53	3.2	3.46	3.08	2.97	3.15	2.24	1.81
	21	2.19	1.92	1.58	1.88	2.51	2.58	3.06	3.24	2.92	2.82	2.57	1.78	1.63
	22	2.02	2.08	2.02	1.89	2.06	2.28	2.47	1.92	1.61	2.08	2.07	2.3	1.62
	23	1.9	2.17	2.35	2.21	2.23	2.21	1.88	2.94	1.6	1.91	2.19	1.28	0.82

POWER BY HOUR                                                                   														
	Hour	ALL	JAN	FEB	MAR	APR	MAY	JUN	JUL	AUG	SEP	OCT	NOV	DEC
	0	77	-1	10	-1	-1	-1	111	110	-1	-1	-1	-1	-1
	1	10	-1	-1	-1	-1	-1	-1	9	2	-1	-1	28	3
	2	14	-1	-1	14	-1	-1	-1	-1	-1	-1	-1	-1	-1
	3	6	6	-1	-1	-1	-1	-1	-1	-1	-1	-1	-1	-1
	4	82	34	188	64	64	108	50	67	53	39	149	32	108
	5	60	106	82	84	33	29	22	23	34	48	92	209	168
	6	45	72	69	58	32	25	23	30	42	38	81	38	53
	7	37	45	41	30	37	23	23	36	37	38	79	25	29
	8	34	40	27	28	30	41	23	46	36	59	57	24	24
	9	48	55	47	55	41	39	30	46	76	42	62	43	28
	10	48	27	50	27	34	50	38	71	53	68	124	31	47
	11	62	52	112	95	49	45	52	58	78	57	79	36	50
	12	31	22	19	30	29	36	51	45	29	49	35	27	23
	13	53	20	34	17	10	-1	104	1023	313	-1	236	54	12
	14	58	51	47	59	65	79	54	66	67	58	53	48	52
	15	72	78	48	143	78	43	58	73	85	77	93	36	58
	16	54	32	33	42	72	66	71	67	74	53	82	31	49
	17	72	70	51	78	64	51	62	80	87	72	112	62	72																									
	18	56	55	35	49	79	41	62	68	73	62	57	41	30																									
	19	53	42	39	45	43	52	54	82	91	73	110	37	52																									
	20	43	60	32	46	46	30	43	53	42	37	55	37	27																									
	21	27	28	22	19	29	27	34	36	32	65	24	20	18																									
	22	23	39	36	24	25	20	17	13	8	19	16	33	17																									
	23	18	29	10	21	23	19	17	30	9	14	18	19	12																									

SPEED BY DIRECTION                                                              																																							
	Month	calm	0	10	20	30	40	50	60	70	80	90	100	110	120	130	140	150	160	170	180	190	200	210	220	230	240	250	260	270	280	290	300	310	320	330	340	350	360
	ALL	0	3.64	3.33	4.04	4.36	3.92	3.8	3.92	3.89	3.78	3.33	2.96	2.83	2.84	2.63	2.68	2.7	2.78	2.67	2.78	2.83	3.67	3.95	4.43	4.45	4.63	4.66	4.38	4.14	3.71	3.42	2.55	2.63	2.46	2.41	2.64	3.13	3.64
	1	0	4.5	3.9	4.4	4.6	4	3.4	4.1	4.1	4	3.6	2.7	2.5	2.2	1.9	2.2	2.4	2	2	3	2.6	2.4	2.4	3.4	4.3	3.4	4.8	3.8	3.7	3.6	3.3	1.5	3.6	2.8	1.9	3.8	4.5	4.5
	2	0	3.4	3.1	3.7	5.5	3.9	3.7	4.2	4.2	4	2.9	2.7	2.2	2.1	2	1.3	1.9	5.3	1.6	2.4	3.6	2.7	2	3.5	2.7	3	5.2	4.2	4.4	4.2	3.1	2.6	1.5	2.8	3.7	4.4	3.2	3.4
	3	0	2.4	2.5	3.8	5.2	4.3	3.8	3.8	4.2	3.8	3.5	2.7	2.5	2.4	2.4	1.8	2.2	2.1	2.5	2.8	2.1	3	4.2	4	4.9	3.9	4.2	3.7	4	3.1	2.8	2	1.6	2.3	2	2.1	2	2.4
	4	0	3.9	3.2	4	4.4	3.8	4	4.2	3.5	3.7	3.5	2.9	2.9	2.9	2.8	2.2	2.6	2.5	3	2.4	2.4	3	3.9	3.9	3.8	5.3	5.4	4.4	3.6	2.8	2	2	2.3	2.3	1.9	2	3.5	3.9
	5	0	3	3.3	4.1	4	3.5	4	3.6	4.2	3.6	3.6	3.7	3.4	3.7	3.1	2.6	3.4	2.2	4	2.8	2.9	3.7	4.3	3.6	4.7	4.2	3.7	3.8	3.6	2.9	2.3	2.1	2.5	2.3	2.6	2.5	2.6	3
	6	0	2.7	3	3.6	3.3	3.4	3.3	3.6	3.3	3.7	3.5	3.3	3.3	3.3	4.1	3.9	3.7	4.1	3	3	3.2	3.6	3.4	4.7	4.4	4.8	4.3	4.5	4	3.6	3.1	2.6	2.2	2.4	2.3	2.4	3.2	2.7
	7	0	3.2	3.6	3.7	3.5	3.1	3.3	3.5	3.3	3.7	3.1	3.2	3.4	3.4	3.5	4.1	3.3	2.9	2.6	3.3	3.6	3.9	4.3	4.5	4.7	4.9	5	4.6	4.4	4.1	3.7	2.7	3	2.5	2.8	2.6	3	3.2
	8	0	3.1	3.2	3.3	3.7	3.7	3.4	3.4	3.1	3.4	2.9	2.4	2.9	3	2.2	2.5	3.6	3.1	3	2.9	3	6	4.7	5	4.9	4.9	4.9	4.6	4.5	4.1	3.8	3.1	2.9	2.3	2.5	2.4	2.8	3.1
	9	0	4.7	4.1	4.9	4.1	4.1	4.1	3.8	3.5	2.9	3	2.9	2.9	3	2.5	2.8	2.2	2	2	2.3	2.5	3	3.6	4.6	4	4.4	4.6	4.6	4.1	4	3.7	2.8	2.9	2.9	2.7	3.2	3.9	4.7
	10	0	5.5	4.5	4.7	5.3	4.6	4.3	4.3	3.7	3.8	3.4	3.2	2.7	2.7	2.8	2.4	2.1	2.7	2.6	2.4	2.2	2.6	3.5	4.1	4.1	4.2	5.2	4	4.5	4.2	5.8	2.9	3.3	2.4	2.5	4.9	3.4	5.5
	11	0	2.4	2.8	4.1	4.5	3.6	3.6	4	4	3.8	3.4	3	2.5	2.6	2.2	2.7	1.7	1.9	1.9	2.7	2.5	2.8	4.3	3.9	2.8	3.8	5.4	4.3	3.3	2.6	2.7	2.4	1.8	2.9	2.3	-1	2.8	2.4
	12	0	3.4	2.7	3.9	3.6	4.2	4.2	3.9	4.2	4	3.3	2.7	2.5	1.9	1.8	1.8	2.9	1.9	2.5	2.8	2.3	2.7	2.5	3.3	3.2	3.4	4.1	3.4	3.8	3.8	3.3	2.8	2.7	2.5	1.9	2.7	1.9	3.4
FREQUENCY BY DIRECTION                                                          																																							
	Month	calm	0	10	20	30	40	50	60	70	80	90	100	110	120	130	140	150	160	170	180	190	200	210	220	230	240	250	260	270	280	290	300	310	320	330	340	350	360
	ALL	26.03	5.16	3.28	4.6	4.97	7.8	7.13	8.27	6.7	5.23	3.79	2.46	1.75	1.17	0.73	0.64	0.62	0.44	0.61	1.03	0.86	1.11	1.45	2.41	2.83	3.97	3.64	3.46	3.53	2.59	1.76	1.22	0.64	0.86	0.89	1.12	1.29	5.16
	1	38.9	4	2.2	3.7	5.6	10.4	10.3	11.8	11.9	9.4	5.1	3.5	2.2	1.1	1.1	0.3	1	0.6	0.8	0.9	0.9	0.9	1	1.2	1.2	1.4	1.4	1.3	1.2	0.6	0.3	0.3	0.2	0.5	0.5	0.6	0.7	4
	2	45.4	5.3	4.4	4.7	5.7	9.4	10.3	12.9	11.7	8.2	5.6	2.5	2	1.8	0.6	0.3	0.6	1	0.4	1.1	1	0.4	0.2	1.2	1	0.9	1.1	1.3	0.6	0.7	0.6	0.5	0.1	0.8	0.3	0.6	0.6	5.3
	3	35.9	3.4	4.9	6	6.1	10.1	12	12.5	13.1	6.9	4.1	2.6	1.3	0.8	0.5	0.6	0.7	0.5	0.3	0.4	0.6	0.7	0.9	0.8	0.9	1.7	1.4	0.7	1	0.4	0.5	0.8	0.4	0.4	0.8	0.9	0.5	3.4
	4	26.8	7.3	5.1	7.1	7.5	9.5	8.3	8.3	6.2	4.2	3.3	2.4	1.5	0.9	0.6	1	0.5	0.2	0.4	0.6	0.6	0.7	1.1	1.7	2.1	1.9	1.6	2.2	1.9	2.3	1	1.4	0.5	1.6	1.5	1.6	1.6	7.3
	5	18.6	6.4	4.2	5.8	6.3	10.7	6.6	7.8	3.8	3.3	2.5	2	1.9	1.1	0.9	0.6	0.5	0.3	0.4	0.8	0.6	0.9	1.1	1.5	2.5	2.8	3.6	3.7	3.1	2.7	1.7	2	0.9	1.5	1.7	2.1	1.8	6.4
	6	15.3	4.4	2.5	2.7	2.6	4.9	3.6	4.3	2	2.2	2.2	1.3	1.1	0.8	0.5	0.7	0.5	0.4	0.6	1	1	1.6	2.2	3.2	5.1	7.7	6.4	7.9	7.8	6.1	3.4	1.7	1.2	1.5	1.3	2	1.6	4.4
	7	14.5	5.1	2.3	3.6	3.1	3.1	4	3.2	2.4	1.9	1.4	1.2	1.1	1	0.5	0.4	0.4	0.4	1.2	1.4	1.1	1.9	2.2	4.7	5	8.4	8.7	7.3	6.8	4.3	3.3	2.2	1	1.2	1.1	1.4	1.6	5.1
	8	15.5	4.2	2.4	3.7	3.3	4.7	4.4	4.6	3	1.6	1.6	1.3	1	1.2	0.6	0.6	0.7	0.5	0.9	0.9	0.9	1.4	2.7	5.5	5.8	7.6	8	5.8	6.2	4.3	3.2	1.9	0.8	0.8	1.1	0.9	1.8	4.2
	9	19.1	6.3	3.3	5.1	4.7	7.9	6.6	5.9	5.5	4	4.6	2.8	2.1	1.6	1.3	1.1	0.7	0.4	0.6	1.4	0.9	1.2	1.3	2.3	2.9	4.1	2.9	2.5	3.6	2.9	2.3	1.1	0.9	0.7	0.9	1.5	2.1	6.3
	10	20.4	7.1	3.6	6	7.1	10.8	9.1	11	7.5	7.3	5.5	3.6	2.6	0.9	0.7	0.8	0.6	0.3	0.3	0.7	0.6	0.9	0.8	1.2	1.2	2	0.7	1.1	2.4	1.3	0.8	0.3	0.3	0.2	0.2	0.4	0.7	7.1
	11	36	4	2.3	3.7	5.1	7	8.5	11.9	12.4	11.4	8.2	6.2	3.5	1.9	1.1	0.7	0.9	0.5	0.2	1.3	1.2	0.5	1.2	1.2	0.6	0.9	0.4	0.5	0.3	0.7	0.2	0.4	0.2	0.2	0.2	0	0.7	4
	12	37.8	3.8	3	3.7	4.6	9.5	8.1	14.3	11.5	10.1	5.4	2.2	1.5	1.3	0.4	0.5	0.6	0.8	0.8	2.1	1.2	1.3	1.1	1.3	1.5	1.8	1.1	1.5	1.5	0.7	0.9	0.3	0.2	0.4	0.2	0.6	0.6	3.8
FREQUENCY OF SPEED                                                              																																							
	Month	0	1	2	3	4	5	6	7	8	9	10	11	12	13	14	15	16	17	18	19	20	21	22	23	24	25												
	ALL	26	11	20.7	8.8	11.3	11.7	4.6	3.7	0.5	0.7	0.6	0.1	0.1	0	0	0	0	0	0	0	0	0	0	0	0	0												
	1	38.9	11.2	17.4	6.3	7	9.7	3.5	3.1	0.8	0.6	0.9	0.2	0.2	0	0	0	0	0	0	0	0	0	0	0	0	0												
	2	45.4	11.6	15.5	4.5	5.4	9.5	3.2	2.5	0.2	0.5	1.2	0.1	0.2	0	0	0	0	0	0	0	0	0	0	0.1	0	0												
	3	35.9	14.1	16.4	6.2	7.8	10.4	2.6	3.5	0.5	1	0.7	0.4	0.3	0	0	0	0	0	0	0	0	0	0	0	0	0												
	4	26.8	13.5	21	7.3	10.3	11.2	4.2	3.5	0.5	0.8	0.7	0.1	0.1	0	0	0	0	0	0	0	0	0	0	0	0	0												
	5	18.6	11.9	24.8	10.8	13.5	11.9	4.6	2.8	0.6	0.4	0.1	0	0	0	0	0	0	0	0	0	0	0	0	0	0	0												
	6	15.3	10.1	25.5	9.7	15.9	14.2	5.4	3.1	0.4	0.2	0.3	0	0	0	0	0	0	0	0	0	0	0	0	0	0	0												
	7	14.5	10.2	20.6	9.8	16.4	15.9	6.4	4.3	0.6	0.8	0.4	0	0	0	0	0	0	0	0	0	0	0	0	0	0	0												
	8	15.5	10.7	21	9.8	15	14.4	6.2	4.9	0.5	1.1	0.6	0.2	0	0	0	0	0	0	0	0	0	0	0	0	0	0
	9	19.1	9.4	23.6	11.8	13.3	11.5	5.4	3.6	0.4	0.9	0.5	0.1	0.2	0	0	0	0	0	0	0	0	0	0	0	0	0
	10	20.4	6.6	21.4	11.8	11.8	12.4	5.4	6.3	0.9	1.1	1.2	0.3	0.4	0	0	0.1	0	0	0	0	0	0	0	0	0	0
	11	36	11.6	19	8.8	8.5	9.7	2.8	2.1	0.4	0.4	0.4	0	0.3	0	0	0	0	0	0	0	0	0	0	0	0	0
	12	37.8	11.5	19.8	6.6	7	7.8	3.9	3.9	0.4	0.6	0.6	0	0.1	0	0	0	0	0	0	0	0	0	0	0	0	0
PERCENT OF POWER BY SPEED                                                       																											
	Month	0	1	2	3	4	5	6	7	8	9	10	11	12	13	14	15	16	17	18	19	20	21	22	23	24	25
	ALL	0	0.4	3.5	3.8	10.1	19.7	13.4	19.7	3.7	7.1	8.3	2.1	3.4	0.3	0.2	0.9	0.7	0	0.2	0.3	0	0.4	0	0.5	0	1.3
	1	0	0.4	3.1	3.1	6.5	17.4	11.2	18.1	5.8	6.8	12.7	3.2	5.7	1.5	0	1.9	2.5	0	0	0	0	0	0	0	0	0
	2	0	0.5	3	2.3	5.8	18.6	11	15.4	1.3	5.9	19.1	2.2	6.4	0	0	0	0	0	0	0	0	0	0	8.4	0	0
	3	0	0.5	2.8	2.9	7.2	17.9	7.9	18.9	3.7	10.2	9.7	8.2	7.2	1.4	1.5	0	0	0	0	0	0	0	0	0	0	0
	4	0	0.5	3.7	3.4	9.8	19.9	12.8	20	3.9	7.8	9.8	2.3	2.1	0	0	1.9	2.1	0	0	0	0	0	0	0	0	0
	5	0	0.6	5.2	5.5	15	25.1	16.9	18.8	5	4.7	2.4	0.8	0	0	0	0	0	0	0	0	0	0	0	0	0	0
	6	0	0.4	4.9	4.6	15.8	27.2	17.7	18.7	2.9	2	3.8	0	0	0	0	0	2	0	0	0	0	0	0	0	0	0
	7	0	0.4	3.1	3.7	13.2	23.6	17	19.9	3.7	7.2	5.3	0	0	0	0	1.3	1.8	0	0	0	0	0	0	0	0	0
	8	0	0.4	2.8	3.4	10.9	20	15.2	21.4	2.7	9	6.6	2.3	0	0	0	0	0	0	0	0	0	0	0	0	0	5.3
	9	0	0.4	3.8	4.9	11.1	18.1	15.2	18.6	3	8.9	6.8	1.3	3.8	1.2	1.3	1.6	0	0	0	0	0	0	0	0	0	0
	10	0	0.2	2.3	3.5	7.1	14.1	10.7	22.9	4.5	7.3	10.9	3.3	6.6	0	0	2.4	0	0	1.9	2.1	0	0	0	0	0	0
	11	0	0.6	3.9	4.9	9.7	20.9	10.6	14.4	3.3	5	6.5	1	8.9	0	0	0	0	0	0	0	0	0	0	0	0	10.4
	12	0	0.5	4	3.6	7.8	16.1	14.1	25.5	3.7	7.5	9.1	0	2.3	0	0	0	0	0	0	0	0	5.7	0	0	0	0
PREVAILING DIRECTION BY HOUR                                                    																											
	Month	0	1	2	3	4	5	6	7	8	9	10	11	12	13	14	15	16	17	18	19	20	21	22	23		
	ALL	-1	-1	-1	-1	-1	60	40	60	60	40	40	40	40	-1	70	40	60	50	40	50	70	50	70	70		
	1	-1	-1	-1	-1	50	70	40	60	90	60	40	70	40	40	40	60	60	70	60	50	50	40	70	70		
	2	-1	-1	-1	-1	-1	70	60	70	40	60	360	60	360	360	40	50	70	60	50	50	70	30	70	70		
	3	-1	-1	-1	-1	-1	50	50	70	50	70	40	50	30	20	70	70	20	60	40	60	70	50	70	80		
	4	-1	-1	-1	-1	-1	50	60	50	40	40	10	40	50	-1	30	30	20	30	360	30	70	90	70	90		
	5	-1	-1	-1	-1	-1	40	40	40	60	40	30	40	60	-1	30	20	30	20	40	10	40	90	110	90		
	6	-1	-1	-1	-1	-1	60	60	40	50	280	270	260	260	-1	240	270	280	250	260	280	240	270	200	230		
	7	-1	-1	-1	-1	-1	50	60	60	50	240	220	260	270	-1	240	250	250	250	250	250	240	240	170	220		
	8	-1	-1	-1	-1	-1	60	60	50	70	240	240	250	290	-1	250	250	230	250	240	230	240	230	190	-1		
	9	-1	-1	-1	-1	-1	70	70	50	10	40	40	20	60	-1	260	360	360	240	360	30	70	80	70	-1		
	10	-1	-1	-1	-1	50	40	40	60	60	40	40	60	60	-1	50	60	40	40	50	60	40	90	100	60
	11	-1	-1	-1	-1	70	70	80	70	60	80	50	80	80	70	70	60	70	70	60	40	70	50	60	70
	12	-1	-1	-1	-1	60	70	60	60	40	60	40	60	60	10	70	60	60	70	70	50	70	30	70	80
SPEED FOR PREVAILING DIRECTION BY HOUR                                          																									
	Month	0	1	2	3	4	5	6	7	8	9	10	11	12	13	14	15	16	17	18	19	20	21	22	23
	ALL	-1	-1	-1	-1	-1	3.96	3.72	3.64	3.56	3.9	3.76	4.17	3.56	-1	4.69	4.44	4.02	3.96	3.91	3.78	3.83	3.38	3.86	3.46
	1	-1	-1	-1	-1	1.53	4.72	4.09	3.68	3.91	3.93	3.09	4.44	2.58	3.32	3.81	4.7	3.81	4.81	4.11	3.14	4.03	3.86	4.13	3.57
	2	-1	-1	-1	-1	-1	4.18	5.49	4.56	2.85	4.71	3.64	3.13	3.04	3.47	4.82	3.23	3.82	5.07	2.64	3.73	4.13	3.61	4.01	2.53
	3	-1	-1	-1	-1	-1	3.7	3.21	3.46	2.63	3.95	2.39	4.73	3.3	1.5	4.49	4.68	4.27	4.13	4.61	3.36	4.59	3.21	3.62	2.62
	4	-1	-1	-1	-1	-1	4.55	4.33	3.18	3.64	2.86	3.2	4.35	4.42	-1	5.19	5.47	5.54	4.69	5.01	3.23	3.06	3.01	4.4	3.03
	5	-1	-1	-1	-1	-1	2.89	2.83	3.34	3.81	3.71	3.48	3.83	2.89	-1	4.31	4.03	4.83	4.24	3.38	3.99	3.45	2.57	3.47	3.8
	6	-1	-1	-1	-1	-1	3.08	3.51	2.99	3.2	2.91	3.15	4.51	5.06	-1	4.88	4.53	4.99	4.93	5.1	3.89	4.7	2.77	3.17	2.25
	7	-1	-1	-1	-1	-1	2.97	3.6	3.1	3.58	4.45	4.76	5.01	3.06	-1	4.69	5.34	4.36	5.55	5.58	5.98	5.11	3.33	1.75	3.49
	8	-1	-1	-1	-1	-1	3.07	3.72	2.89	3.64	4.85	4.87	5.13	2.33	-1	4.79	5.19	5	5.47	5.41	5.38	4.44	4.44	2.54	-1
	9	-1	-1	-1	-1	-1	3.78	3.84	3.4	6.53	3.35	4.16	3.12	3.78	-1	4.08	5.41	4.31	4.78	5.07	4.4	3.73	3.16	3.77	-1
	10	-1	-1	-1	-1	6.42	5.38	4.31	4.27	3.84	4.57	5.27	4.53	4	-1	3.78	4.4	5.05	5.09	4.03	4.16	3.32	2.8	2.74	3.2
	11	-1	-1	-1	-1	4.2	4.25	3.82	3.76	3.59	4.02	3.22	4.01	3.81	5.75	4.18	4.21	4.76	4.44	3.52	2.68	3.68	2.87	3.56	2.52
	12	-1	-1	-1	-1	4.73	6.05	3.89	3.52	3.36	4.21	4.37	4.36	3.22	2.87	5.07	4.26	4.01	5.38	4.03	4.26	4.65	2.37	3.63	4.48
