CHIGNIK             AK - 703333                                                 														
 56 deg    12' N  158 deg    14' W - Elev   15m   LST=GMT+99 hours   *NT=-11    														
 02/98-09/02                                                                    						Adjusted to Alaska Timezone (GMT-9)								
SPEED BY YEAR                                                                   														
	Year	ALL	JAN	FEB	MAR	APR	MAY	JUN	JUL	AUG	SEP	OCT	NOV	DEC
	ALL	4.45	5.43	4.66	5.1	4.76	4.22	3.49	3.42	3.78	4.56	5.24	5.08	5.87
	1998	4.51	-1	3.52	4.6	5.52	3.95	3.62	3.62	4.56	4.22	4.96	4.58	6.32
	1999	4.63	4.92	4.34	5.22	5.38	4.96	3.42	2.57	3.41	4.38	5.41	5.55	5.33
	2000	4.56	5.98	4.75	5.11	4.16	4.35	3.5	3	4.96	4.2	4.4	4.46	5.92
	2001	5.25	4.79	4.61	5.78	5.24	5.08	4.56	3.9	5.19	5.67	6.04	6.03	6.02
	2002	3.62	6.06	5.11	4.58	3.9	3.78	3.14	3.66	2.84	5.01	-1	-1	-1
POWER BY YEAR                                                                   														
	Year	ALL	JAN	FEB	MAR	APR	MAY	JUN	JUL	AUG	SEP	OCT	NOV	DEC
	ALL	157	284	181	228	205	116	66	64	106	150	238	199	273
	1998	163	-1	62	126	180	95	76	71	154	143	244	181	350
	1999	192	215	205	334	280	209	77	36	86	128	201	239	249
	2000	179	412	165	241	130	131	69	61	177	158	217	149	247
	2001	199	179	174	236	264	154	104	90	208	178	290	241	236
	2002	81	301	205	146	119	74	48	64	44	107	-1	-1	-1
NUMBER OF SPEED OBSERVATIONS BY YEAR                                            														
	Year	ALL	JAN	FEB	MAR	APR	MAY	JUN	JUL	AUG	SEP	OCT	NOV	DEC
	ALL	37636	2301	1976	2665	2554	4790	4317	4053	4782	2678	2462	2590	2468
	1998	5682	0	41	389	47	720	667	444	686	711	613	708	656
	1999	7849	638	430	681	674	782	578	556	732	678	659	715	726
	2000	7759	717	647	486	704	723	497	719	728	712	553	699	574
	2001	6652	529	515	573	693	488	589	515	579	554	637	468	512
	2002	9694	417	343	536	436	2077	1986	1819	2057	23	0	0	0
NUMBER OF SPEED OBSERVATIONS BY HOUR                                            														
	Hour	ALL	JAN	FEB	MAR	APR	MAY	JUN	JUL	AUG	SEP	OCT	NOV	DEC
	0	1582	95	89	117	108	199	174	170	193	115	106	108	108
	1	1570	102	86	120	109	202	178	168	189	97	102	111	106
	2	1527	89	66	96	93	197	183	169	201	126	105	105	97
	3	1585	105	92	128	106	194	179	160	204	101	100	109	107
	4	1476	90	86	100	103	188	170	145	186	97	103	103	105
	5	1536	88	65	92	104	211	173	173	204	117	103	105	101
	6	1598	95	99	136	114	192	176	165	199	110	102	111	99
	7	1576	95	79	111	118	205	175	179	194	100	106	106	108
	8	1492	85	66	80	86	187	174	171	203	125	96	106	113
	9	1598	93	90	127	116	192	178	187	196	111	106	105	97
	10	1549	97	83	111	102	192	183	164	190	110	108	110	99
	11	1602	89	80	103	105	213	191	188	219	115	101	99	99
	12	1628	94	98	123	120	205	183	176	204	117	98	108	102
	13	1577	95	83	119	118	195	184	171	190	100	107	111	104
	14	1538	89	75	90	92	192	179	171	218	126	105	107	94
	15	1615	97	91	117	111	210	189	172	199	115	99	111	104
	16	1572	111	94	115	111	189	174	150	181	110	113	122	102
	17	1585	91	67	96	107	200	196	178	220	116	102	110	102
	18	1619	106	89	140	108	210	181	160	203	118	105	99	100
	19	1591	110	92	108	110	210	185	161	206	100	103	106	100
	20	1492	92	63	95	92	204	175	163	186	128	90	103	101
	21	1605	96	89	130	112	192	183	173	197	108	106	111	108
	22	1520	105	77	105	103	196	171	163	182	102	98	108	110
	23	1603	92	77	106	106	215	183	176	218	114	98	116	102

SPEED BY HOUR                                                                   														
	Hour	ALL	JAN	FEB	MAR	APR	MAY	JUN	JUL	AUG	SEP	OCT	NOV	DEC
	0	4.37	5.38	4.98	5	4.93	3.86	3.03	3.25	3.69	4.26	5.47	5.4	5.89
	1	4.1	4.92	4.49	4.68	4.15	4.01	3.05	2.96	3.58	3.87	5.3	4.72	5.38
	2	4.11	5.19	5.11	4.97	4.34	3.65	3.08	2.86	3.33	4.31	5.47	5.11	5.21
	3	4.2	5.36	4.85	5.35	4.56	3.97	2.83	2.78	3.19	4.01	5.32	5.03	5.85
	4	4.16	5.34	5.32	5.07	4.44	3.56	2.77	2.97	3.2	4.57	5.22	5.01	5.49
	5	4.08	5.29	5.02	5.23	4.7	3.92	2.65	2.26	3.04	4.49	5.5	4.91	5.91
	6	4.16	5.17	4.72	4.95	4.55	3.98	2.84	2.89	3.12	4.65	4.97	4.82	5.82
	7	4.23	5.13	4.51	4.66	4.68	4.07	3.39	3.01	3.19	4.38	5.36	5.54	5.4
	8	4.28	5.87	4.25	4.4	4.67	4.23	3.23	2.99	3.26	4.67	4.94	5.29	6.24
	9	4.41	5.92	4.93	4.73	4.85	4.23	3.33	3.25	3.7	4.56	4.98	4.86	6.2
	10	4.52	5.64	4.2	4.69	5.06	4.13	3.47	3.56	4.19	5	5.13	5.31	5.83
	11	4.65	5.83	4.59	5.23	5.19	4.79	3.78	3.6	3.94	5	5.14	5.11	5.97
	12	4.78	6	4.32	5.07	5.28	4.76	4.06	4.17	3.98	4.96	5.2	5.1	6.2
	13	4.72	5.96	4.87	5.24	4.82	4.34	3.94	4.06	4.08	4.89	5.39	4.76	6.21
	14	4.76	5.68	5.14	5.13	5.15	4.52	4.07	3.79	4.2	4.85	5.38	5.41	6.21
	15	4.86	5.88	4.6	5.89	5.41	4.76	3.91	3.89	4.53	4.82	5.28	5	6.04
	16	4.83	5.82	4.35	5.48	5.16	4.47	3.95	4.02	4.43	4.8	5.62	4.96	6.17
	17	4.77	5.68	4.89	5.34	4.66	4.67	4.32	4.07	4.26	4.84	4.62	5.08	6.57
	18	4.66	5.18	4.54	5.2	4.65	4.28	4.1	4.2	4.12	4.68	4.99	5.18	6.2
	19	4.6	5.23	4.4	5.21	4.8	4.44	3.83	4.03	4.13	4.56	5.2	5.23	5.68
	20	4.53	5.07	4.66	5.39	4.62	4.32	3.75	3.64	4.19	4.43	5.49	4.83	5.9
	21	4.46	4.91	4.49	5.09	4.55	4.07	3.65	3.57	4.11	4.38	5.59	4.99	5.69
	22	4.31	4.98	4.32	5.12	4.5	3.97	3.41	3.17	3.89	4.22	5.09	5.05	5.69
	23	4.12	4.99	4.43	5.16	4.32	4.06	3.04	3.12	3.39	4.1	4.92	5.21	5.24

POWER BY HOUR                                                                   														
	Hour	ALL	JAN	FEB	MAR	APR	MAY	JUN	JUL	AUG	SEP	OCT	NOV	DEC
	0	166	276	208	227	217	114	65	78	109	120	282	245	269
	1	144	216	163	215	153	111	58	64	113	107	252	208	217
	2	144	257	198	215	151	91	56	51	113	133	281	236	199
	3	165	256	230	302	191	119	50	49	109	114	342	189	239
	4	151	256	230	227	149	104	51	53	89	154	253	239	232
	5	155	276	186	238	245	127	50	41	83	140	287	201	282
	6	157	253	210	316	180	134	46	59	89	147	203	161	264
	7	148	259	157	173	195	125	74	48	94	143	254	240	204
	8	151	275	136	158	279	125	50	56	83	145	215	215	323
	9	161	373	223	212	266	98	54	51	99	160	192	193	299
	10	154	319	176	165	246	97	53	64	106	175	249	186	248
	11	159	330	176	241	245	139	65	59	97	176	223	179	256
	12	166	336	182	200	265	126	79	85	92	157	193	207	302
	13	162	343	168	221	202	110	71	76	115	143	242	168	297																									
	14	165	318	212	191	294	112	78	63	111	147	238	215	305																									
	15	174	372	171	314	270	132	69	61	116	141	211	203	269																									
	16	173	329	139	259	203	107	84	68	118	171	236	171	367																									
	17	167	325	181	223	180	127	92	77	118	168	168	186	421																									
	18	159	268	164	222	163	106	82	87	120	166	199	184	317																									
	19	163	266	151	250	178	125	79	78	117	183	244	208	271																									
	20	158	252	177	225	185	120	76	66	122	179	250	172	279																									
	21	151	218	162	217	154	112	73	65	125	155	271	184	235																									
	22	145	226	135	190	174	101	64	54	124	140	245	194	253																									
	23	138	221	193	212	148	112	63	78	94	129	189	204	207																									

SPEED BY DIRECTION                                                              																																							
	Month	calm	0	10	20	30	40	50	60	70	80	90	100	110	120	130	140	150	160	170	180	190	200	210	220	230	240	250	260	270	280	290	300	310	320	330	340	350	360
	ALL	0	2.64	2.65	2.74	2.74	3.02	3.51	4.3	4.94	4.71	4.05	3.72	4.29	4.62	4.8	5	5.2	5.5	4.51	3.65	3.35	3.41	4.01	4.23	4.89	4.87	5.36	6.33	7.23	7.08	6.12	5.45	4.91	3.93	3.15	2.89	2.94	2.64
	1	0	4.9	3.3	3.5	2.6	3.1	2.8	4	6.4	5.3	4.7	3.3	4	4.5	4.7	4.8	5.7	6	4.4	3.7	5	4.8	4.9	4.9	6.8	5.8	6	6.8	8.7	8.8	8.3	8.4	6.4	4	5.4	4.4	4.7	4.9
	2	0	2.7	3.3	1.8	2.5	2.7	3	2.8	4.7	4.5	3.8	3.7	4.6	5.3	6.2	6.5	6.3	7.2	5	5.7	4	5.1	4.2	3.5	4.8	5	4.7	5.9	6.7	7.6	6.6	5.6	4.2	3.9	3.8	2.5	3.2	2.7
	3	0	1.9	2.7	2.3	2.9	2.7	2.5	4.5	6.6	6.6	4.7	4.6	5.4	5.1	5.3	5.5	5.7	6.2	5.3	2.8	3.6	2.4	3.7	3.1	4	5.1	6.3	7.6	7.7	7.8	7.3	5.2	4.9	4.4	4.2	2.6	3.4	1.9
	4	0	2.1	2.2	2.5	2.7	2.6	3.2	3.1	4.5	5.2	4	3.3	4.3	4.6	4.9	4.8	5.2	5.1	4.7	3.3	3.5	4.3	4.9	4.6	5.7	4.9	5.3	7.1	8.1	7.9	6.5	5.9	4.5	3.7	3.1	2.5	2.6	2.1
	5	0	2.4	2.7	2.7	2.9	3	4.3	4.4	4.6	4.3	3.9	4	4.2	4.4	4.6	5	4.8	4.6	3.7	4	2.9	2.7	3.1	3	3.8	3.5	4.6	6.2	6.8	6.6	6	5	4.5	3	2.8	2.8	3	2.4
	6	0	2	2.6	2.7	2.6	3.2	4	4.2	4	3.9	4.3	3.4	3.8	4.1	4.2	4.3	4.9	4.4	3.9	2.6	2.9	2.3	3.9	3.5	3.9	4.2	5.2	5.2	5.6	5.3	5	4.7	3.3	3.6	2.4	2.4	2.5	2
	7	0	2.2	2.4	2.7	2.8	3	3.3	3.2	3.6	3.3	3.5	3.5	4.2	4.1	4.3	4.6	4.2	3.8	2.9	3.3	2.7	2.4	3.5	3.9	3.7	4.4	4.7	5.1	5.6	5.6	5	4.9	4.3	3.2	3	2.7	2.3	2.2
	8	0	2.4	2.2	2.5	2.8	2.9	3	3.7	4	3.3	3.2	2.9	3.4	4	4.3	4.5	4.6	4.5	3.7	2.2	2.1	2.7	2.6	4.1	4.7	4.8	5.6	6.4	6.6	6.4	5.7	5	3.9	4	2.8	2.5	2.5	2.4
	9	0	4.5	3.5	3	2.4	2.8	3.6	5.9	5.3	4	3.7	3.1	3.7	4.1	4.2	4.7	4.7	4.6	3.5	2.8	2.6	2.4	3.2	4.7	4.5	4.4	5	6.1	6.8	6.7	5.7	5	4.4	4	3.3	3.9	3.2	4.5
	10	0	4.3	2.6	3.6	2.6	2.9	3	4.1	7	4.6	3.6	3.4	3.9	4.4	4.1	3.4	4.1	3.9	3.1	3.2	3.4	2.7	3.7	4.8	6.1	4.9	5.4	6.8	8	7.3	6.2	5.5	5.9	4.4	3.7	3.8	3.8	4.3
	11	0	3.2	3.9	4	3.2	3	2.6	5.6	6	5.2	4	4.2	5.1	5.7	4.9	4.9	5.2	6.3	5.2	3.8	3.5	4.3	4.2	5.2	5.2	5	5	6.2	8	7.4	6.5	6	6.7	6.3	4.6	4	3	3.2
	12	0	3.9	4.7	4.6	2.6	4.3	4.6	5.7	6.5	6.2	5.5	4.8	5.4	6.3	5.6	6.1	6	6.5	6.3	4.6	3.8	5.9	5.8	5.7	5.6	6.3	6.2	6.5	7.9	7.9	6.8	6.8	7.2	5.3	2.2	4.9	6.4	3.9
FREQUENCY BY DIRECTION                                                          																																							
	Month	calm	0	10	20	30	40	50	60	70	80	90	100	110	120	130	140	150	160	170	180	190	200	210	220	230	240	250	260	270	280	290	300	310	320	330	340	350	360
	ALL	14.15	0.93	1.34	1.63	1.41	1.89	1.97	2.63	3.57	3.24	2.63	3.06	4.04	3.42	3.76	2.96	2.45	1.98	1.35	1.51	1.43	1.25	1.35	1.39	1.34	1.97	3.57	6.96	11.3	9.74	6.43	3.28	1.42	0.84	0.57	0.61	0.79	0.93
	1	12.6	0.4	0.3	0.4	0.7	1	1	2.1	3.1	3.6	1.9	2.5	2.7	3.3	3.2	2.8	2.1	3.2	2.4	3.1	2.6	1.9	2.8	1.8	2.3	2.1	4.5	8	11.2	11.3	5.6	2.6	1.6	0.2	0.4	0.3	0.5	0.4
	2	15.9	0.5	0.7	0.4	0.3	0.9	0.7	1.3	2.8	2.2	2.7	3.1	5.2	5.8	8.2	6.5	5.4	5.1	2.8	3.9	2.3	1.9	1.7	1.4	1.6	2.1	2.5	4.6	6.5	7.6	4.8	1.7	0.8	0.7	0.5	0.1	0.4	0.5
	3	14.3	0.4	0.7	0.7	0.7	0.9	1.1	1.7	3.9	5	3.1	3.8	6.4	4.5	4.2	3.8	3.2	2.9	1.9	1.3	0.9	0.9	0.9	0.9	1.1	2.1	3.6	7.7	10.4	10.1	5.5	2.9	1	0.6	0.4	0.3	0.4	0.4
	4	14.3	0.6	0.7	1	1.5	1.5	1.2	1.3	5.3	5.3	3.5	3.2	4.5	2.8	4.2	2.7	2.1	1.6	1.1	1.1	0.9	1.1	1.3	1.4	1.8	2.1	3.4	5.7	11.7	11.9	6.5	3.5	1.4	0.7	0.3	0.4	0.7	0.6
	5	12.8	1.5	1.8	1.7	1.4	1	2.3	2.9	3.5	3.1	2.8	4.3	4.5	3.8	4.3	3.4	2.7	1.6	1.1	1.1	1.1	1.1	1.1	1.1	1.3	1.6	2.4	5.5	10	9.8	8.1	3.1	1.7	0.9	0.6	0.8	1.3	1.5
	6	14.2	1.4	2.5	2.8	2.7	3.1	4.1	5.1	5.7	4.7	4.1	3.9	5.4	4.9	4.5	3.2	2.5	1.8	0.8	1.5	1.4	1.2	1.5	1.5	1.2	1.2	2.6	4.3	6.3	4.8	3.8	2.1	1	0.6	0.5	0.8	0.7	1.4
	7	15.8	1.6	2.7	3.7	2.4	4.5	2.7	2.8	3.3	2.6	2.3	3.7	4.6	3.6	4.4	3.3	2.4	1.1	0.6	0.7	1.3	0.9	1.4	1.7	1.2	1.9	3.8	5.4	7.3	6.4	6.8	3.9	1.3	0.8	0.9	1	1.1	1.6
	8	19.3	1.1	1.8	2.7	2.5	3	2.4	2.7	2.5	1.9	2.2	2.3	3.5	2.7	1.9	1.9	1.2	1.1	0.8	1	1	1.2	0.8	0.8	0.8	1.5	4.5	8.8	11.8	10.1	7.4	5.4	1.6	1.9	1.2	1	1.1	1.1
	9	13.3	0.8	0.6	1.4	0.9	1.7	1.7	3.7	4	2.5	1.8	1.5	2.2	1.4	1.7	1.3	1.4	1.4	1.2	1.1	1.4	1.5	1.2	1.7	1.2	1.5	3.2	9.1	17.1	13.1	8.6	3.4	1.6	1	0.5	0.7	0.9	0.8
	10	11.3	0.6	0.5	1.1	0.5	0.9	1.3	1.4	2.3	1.7	1.9	1.6	1.9	1.2	2.2	1.7	1.2	1.1	1.2	1.5	1.6	1.2	1.2	1.5	2	3.2	4.7	10.6	20.7	13.9	5.9	3.1	1.9	0.8	0.6	0.5	0.7	0.6
	11	12.1	0.4	0.8	0.4	0.4	0.9	1.3	2.1	2.4	2.8	2.2	2.7	3.4	4.2	4.7	3.5	3.4	2.8	2	2.5	2.4	2	1.5	1.5	1.3	2.4	3.8	7.7	13.8	10.3	5.4	2.3	1.3	0.5	0.1	0.2	0.6	0.4
	12	9.5	0.4	0.4	0.4	0.3	0.8	0.9	2.1	3.4	3.8	2.6	2.7	3.2	2.4	2.7	2.5	3.2	2.4	2.1	1.5	1.3	0.9	1.5	1.7	1.2	3.2	4.5	8.1	13.7	11.9	7.6	3.9	1.7	0.6	0.1	0.2	0.2	0.4
FREQUENCY OF SPEED                                                              																																							
	Month	0	1	2	3	4	5	6	7	8	9	10	11	12	13	14	15	16	17	18	19	20	21	22	23	24	25												
	ALL	14.1	7.7	12.5	12.7	12.5	10.8	9.1	6.7	4.7	3.3	2.3	1.5	1	0.5	0.3	0.1	0.1	0.1	0	0	0	0	0	0	0	0												
	1	12.6	8.2	9.4	8.8	9.7	10	8.4	7.2	6.2	5.1	4.6	3.5	2.4	1.7	1	0.5	0.3	0	0.2	0	0	0	0	0	0	0												
	2	15.9	6.8	10.7	10	11.1	11.2	10.7	7.5	5.4	4.1	2.3	1.9	0.9	0.6	0.4	0.2	0.2	0.1	0	0.1	0	0	0	0	0	0												
	3	14.3	6.6	9.1	9	10.1	11.1	11.1	9	6	4.8	2.8	2.4	1.7	0.8	0.7	0.3	0.1	0.1	0.1	0.1	0	0	0	0	0	0												
	4	14.3	6.5	11.2	12.9	11.8	10.4	8.6	6.1	6.1	4	3.2	1.5	1.4	0.7	0.5	0.2	0.1	0.2	0.1	0	0	0	0	0	0	0
	5	12.8	7.3	12.5	14.8	13.7	13.2	10	6.7	3.9	2	1.4	0.9	0.5	0.1	0	0	0	0	0	0	0	0	0	0	0	0
	6	14.2	8.4	17.3	19.3	17	9.7	6.2	3.7	2.1	1	0.8	0.2	0.1	0	0	0	0	0	0	0	0	0	0	0	0	0
	7	15.8	8.8	18.4	17.5	14.3	10.5	7.6	3.5	1.9	0.9	0.4	0.2	0.1	0	0	0	0	0	0	0	0	0	0	0	0	0
	8	19.3	9	13.5	12.9	13.1	9.8	7.3	6.1	3.8	2.1	1.3	0.7	0.7	0.1	0	0.1	0	0	0	0	0	0	0	0	0	0
	9	13.3	7.7	11.4	11.2	12.6	11.7	10.7	7.7	4.6	3.7	2.1	1.6	0.8	0.5	0.1	0.1	0	0	0	0	0	0	0	0	0	0
	10	11.3	8	11.7	8.8	9.2	10.2	9.8	8	7.3	5.4	3.9	2.2	1.7	1	0.4	0.4	0.1	0.3	0	0	0.1	0	0	0	0	0
	11	12.1	7.2	9.2	10.3	11.7	10.3	10.3	8.3	6.8	5.2	3.9	2.4	1.2	0.5	0.3	0.2	0	0	0	0	0	0	0	0	0	0
	12	9.5	5.6	7.3	6.5	9	11.1	12.6	11.8	8	7.2	4.5	3.2	1.7	1	0.6	0.1	0	0.2	0	0	0	0	0	0	0	0
PERCENT OF POWER BY SPEED                                                       																											
	Month	0	1	2	3	4	5	6	7	8	9	10	11	12	13	14	15	16	17	18	19	20	21	22	23	24	25
	ALL	0	0.1	0.7	1.9	4.1	6.8	9.7	11	11.4	11.6	10.6	9.1	7.6	5	3.5	2.2	0.9	1.3	0.8	0.5	0.3	0.4	0.2	0	0.2	0
	1	0	0.1	0.3	0.8	1.8	3.6	5.1	6.6	8.4	10.1	12.4	12.5	10.7	10.3	7.2	4.2	3.2	0.5	2.5	0	0	0	0	0	0	0
	2	0	0.1	0.5	1.4	3.3	6.2	9.9	11	11.5	12.6	9.5	10	6.6	5.7	3.9	2.7	2.3	1.8	0	1.2	0	0	0	0	0	0
	3	0	0.1	0.3	1	2.4	4.9	8.5	10.3	10.3	11.6	9.2	10.2	9.3	6	5.9	2.9	1	1.6	1.3	2.3	0	1	0	0	0	0
	4	0	0.1	0.5	1.5	3.1	5.1	7.2	7.7	11.5	10.9	11.6	7.4	9.1	6	4.5	1.9	1.6	2.6	1.5	0.9	1	1.2	1.3	0	1.8	0
	5	0	0.1	0.9	3.1	6.2	11.3	14.5	14.9	12.8	9.5	9.1	7.6	5.6	1.7	0.7	0.9	0	1.1	0	0	0	0	0	0	0	0
	6	0	0.3	2.1	6.9	13	14.4	15.4	14.1	11.6	7.9	8.5	2.5	2.3	1.1	0	0	0	0	0	0	0	0	0	0	0	0
	7	0	0.3	2.4	6.6	11.4	16.1	19.8	14.2	11.3	8.1	4.1	2.6	2.4	0	0.8	0	0	0	0	0	0	0	0	0	0	0
	8	0	0.2	1	2.9	6.3	8.8	11.2	14.4	13.2	10.9	8.9	6.6	8.1	1.9	0.7	2.3	0	1.2	1.5	0	0	0	0	0	0	0
	9	0	0.1	0.6	1.8	4.3	7.6	11.9	12.9	11.4	13.1	10.1	9.8	6.6	5.3	1.9	1.7	0	0	1	0	0	0	0	0	0	0
	10	0	0.1	0.4	0.9	2	4.2	6.9	8.6	11.6	12.4	11.9	9	8.8	6.6	3.8	3.6	1.4	3.7	0.6	0.7	1.8	1.1	0	0	0	0
	11	0	0.1	0.4	1.2	3.1	5.2	8.8	10.8	13.1	14.2	14.4	11.3	7.8	4.2	2.6	2.7	0	0	0	0	0	0	0	0	0	0
	12	0	0	0.2	0.6	1.8	4.1	8	11.5	11.2	14.7	12.4	11.7	7.7	5.9	4.8	1.1	0.4	1.9	0	0	0	0.9	1	0	0	0
PREVAILING DIRECTION BY HOUR                                                    																											
	Month	0	1	2	3	4	5	6	7	8	9	10	11	12	13	14	15	16	17	18	19	20	21	22	23		
	ALL	280	270	270	270	270	270	270	270	270	270	270	280	270	270	280	280	280	270	280	270	270	270	270	270		
	1	280	280	270	270	280	280	270	270	280	270	270	280	280	260	270	280	280	270	280	290	270	280	270	280		
	2	280	130	80	110	140	110	130	120	140	150	130	130	140	130	130	130	270	290	280	270	150	270	160	130		
	3	280	280	260	280	260	270	260	270	280	260	280	280	260	270	110	270	280	280	270	260	110	270	270	270		
	4	280	280	280	280	260	270	280	270	270	270	270	280	270	280	280	270	290	280	280	270	270	280	270	280		
	5	280	290	270	270	280	270	290	270	280	270	280	270	270	270	280	280	290	290	280	280	270	280	270	270		
	6	80	110	130	110	270	270	70	270	270	30	50	20	50	10	10	50	70	110	70	80	270	100	270	100
	7	280	260	270	290	290	110	260	270	260	250	20	250	20	20	280	40	40	40	270	270	280	280	270	270
	8	270	270	270	260	270	260	260	260	270	290	270	270	20	20	280	280	270	290	270	280	260	270	280	270
	9	280	270	270	270	270	270	260	260	270	270	270	280	270	270	270	280	280	280	270	270	280	270	270	270
	10	270	270	270	270	270	270	270	270	270	270	270	270	270	270	270	270	270	280	270	270	270	270	270	270
	11	270	270	280	270	270	280	280	270	270	280	270	260	270	270	270	280	270	270	270	270	270	270	270	270
	12	270	280	270	280	270	270	270	270	270	280	270	260	280	270	280	280	270	280	280	280	270	270	270	260
SPEED FOR PREVAILING DIRECTION BY HOUR                                          																									
	Month	0	1	2	3	4	5	6	7	8	9	10	11	12	13	14	15	16	17	18	19	20	21	22	23
	ALL	7.09	7.43	6.84	7.56	7.38	7.34	7.03	7.12	6.9	7.09	6.85	7.52	7.3	7.35	7.16	6.92	7.17	8.01	6.65	6.94	6.83	7.11	6.49	6.52
	1	8.83	8.52	9.49	8.59	7.71	8.19	8.69	8.52	7.55	9.15	8.42	10.39	8.81	6.35	9.25	9.74	9.57	9.75	10.39	10.28	9.2	8.49	8.07	8.59
	2	7.1	6.39	3.32	3.99	6.3	4.77	4.87	3.69	6.28	7.07	6.7	6.44	7.34	5.3	6.53	6.44	5.22	6.08	6.1	7.21	4.88	5.77	6.97	6.6
	3	7.53	6.15	7.11	10.17	8.31	7.4	8.65	8.01	6.92	7.91	8.79	9.48	7.47	7.81	4.56	9.51	8.31	7.16	8.7	8.46	5.32	7.13	6.01	7.4
	4	8.47	6.99	6.74	8.81	7.73	8.74	7.36	8.31	7.02	8.94	7.8	8.32	8.26	8.36	10.05	9.42	5.87	7.67	7.23	7.52	6.17	7.19	7.3	7.71
	5	6.76	5.96	5.93	7.12	6.68	6.81	6.24	7.64	6.45	6.01	6.06	7.28	5.91	6.76	6.66	5.86	5.34	5.53	6.49	6.3	6.58	6.36	6.32	5.79
	6	3.61	3.99	3.54	3.6	5.28	5.3	3.54	6.4	4.56	2.35	3.99	2.88	4.62	2.57	2.97	4.41	4.22	3.97	4.31	3.95	6.07	3.55	4.94	2.7
	7	5.69	4.72	5.07	6.41	6.17	4	4.65	4.88	4.98	3.69	2.62	4.49	2.95	2.95	5.19	3.37	3.16	3.05	6.77	5.63	5.39	5.61	3.91	5.26
	8	6.05	6.92	7.48	5.71	6.36	6.01	5.07	6.17	5.3	4.31	6.64	6.63	2.08	2.82	6.17	6.29	6.37	6.2	7.49	6.38	6.88	6.75	7.08	5.34
	9	6.2	7.25	5.98	6.71	7.07	6.76	5.74	5.87	6.93	7.36	6.65	7.27	6.59	6.45	7.92	6.03	7.03	6.67	7.12	6.45	6.46	7.83	7.12	6.8
	10	8.64	8.5	7.3	8.86	7.76	7.92	7.22	7.9	8.24	6.94	8.14	7.91	7.02	8.29	8.59	8.75	7.75	6.87	8.83	7.22	6.88	8.46	9.04	7.14
	11	8.42	9.49	7.71	8.24	8.7	7.55	6.78	7.8	8.75	6.81	6.29	7.15	7.4	7.62	9.04	6.72	7.36	7.76	7.32	6.79	8.46	8.59	6.96	8.16
	12	7.37	6.98	7.57	8.06	8.27	8.55	7.64	8.81	8.52	6.97	7.29	6.33	7.54	6.69	9.29	6.88	8.56	8.67	6.99	7.44	7.82	8.09	6.61	6.25
