CORDOVA/MILE 13     AK - 702960                                                 														
 60 deg    30' N  145 deg    30' W - Elev   13m   LST=GMT+99 hours   *NT=-10    														
 01/73-09/02                                                                    							Adjusted to Alaska Timezone (GMT-9)							
SPEED BY YEAR                                                                   														
	Year	ALL	JAN	FEB	MAR	APR	MAY	JUN	JUL	AUG	SEP	OCT	NOV	DEC
	ALL	2.31	2.41	2.44	2.5	2.74	2.46	2.07	1.67	1.85	2.4	2.51	2.18	2.51
	1973	2.04	2.06	1.89	2.88	2.99	3.3	1.74	1.43	1.7	1.84	1.88	1.04	2.21
	1974	1.83	1.21	2.92	1.42	2.68	1.51	1.39	0.93	0.86	1.68	2.74	2.61	2.09
	1975	2.07	2.4	3.11	1.8	2.55	2.69	1.75	1.32	1.47	1.96	1.92	1.7	2.33
	1976	2.21	1.96	1.03	2.04	2.89	2.51	1.6	1.36	1.37	3.02	2.27	4.06	2.74
	1977	2.05	2.97	3.25	1.94	2.94	2.34	1.44	1.54	1.43	1.82	3.29	0.62	1.2
	1978	2.2	1.53	3.37	2.73	2.06	2.71	1.88	1.94	1.47	1.76	3.15	1.8	1.99
	1979	1.88	1.36	1.38	2.22	1.25	1.89	1.71	1.09	1.21	1.83	3.28	2.98	2.29
	1980	2.71	3.32	3.4	2.73	4.16	3.07	1.89	1.8	1.92	2.18	3.73	3.4	1.08
	1981	2.23	4.2	1.91	3.16	2.23	2.04	1.92	1.37	2.16	1.61	1.86	2.2	2.12
	1982	2.09	1.57	2.49	1.75	2.21	1.82	2.12	1.78	1.54	2.34	2.26	2.01	3.21
	1983	2.08	2.22	2.44	1.72	2.69	2.53	1.99	1.73	2.13	2.03	2.68	2.29	0.55
	1984	2.33	2.34	2.9	2.34	2.6	2.39	2.14	1.68	2.28	2.31	2.65	1.72	2.62
	1985	2.93	4.04	2.54	3.83	3.5	2.81	3.06	2.06	2.24	3.04	2.24	1.76	3.99
	1986	2.84	3.98	2.92	2.1	2.96	2.87	2.67	2.24	2.32	2.09	2.86	2.79	4.24
	1987	3.03	4.09	3.37	2.73	3.47	2.68	3.36	1.92	1.79	3.83	3.69	3.15	2.43
	1988	2.62	1.59	3.5	3.79	3.78	2.26	2.47	1.64	2.7	2.53	2.2	1.62	3.39
	1989	1.89	2.18	0.37	1.53	2.15	2.08	2.2	1.61	1.65	2.24	2.39	1.52	2.65
	1990	2.51	1.66	1.23	3.1	2.25	2.29	2.51	2.79	2.22	3.7	3.06	2.44	2.82
	1991	3.24	2.64	3.7	2.78	4	3.92	2.9	2.59	3.04	3.98	3.01	2.95	3.45
	1992	3.02	3.81	2.78	4.16	3.3	3.07	2.95	2.16	2.87	2.7	2.72	3.58	2.08
	1993	2.62	2.3	3.31	3.13	3.45	2.65	2.38	2.32	2.93	2.67	1.75	2.06	2.59
	1994	1.96	1.25	1.35	2.9	2.31	2.78	1.45	1.38	1.18	2.06	2.32	2.01	2.44
	1995	2.03	1.92	2.13	2.68	2.68	2.45	1.53	1.26	1.27	2.57	2.03	1.59	2.24
	1996	1.63	0.42	2.2	1.82	2.28	1.53	1.93	1.22	1.54	2.1	1.62	0.8	2.13
	1997	2.14	2.29	2.88	1.94	2.57	2.04	1.76	1.24	1.39	2.33	1.55	2.52	3.36
	1998	1.9	0.89	2.36	1.77	3.32	3.01	1.72	1.41	1.75	1.93	1.98	0.95	1.72
	1999	2.07	1.48	1.51	2.57	2.49	1.94	1.41	1.38	1.36	2.87	2.2	2.49	2.95
	2000	2.02	2.27	2.3	2.78	2.42	1.92	1.63	1.4	1.38	1.33	2.34	2.08	2.35
	2001	3.06	3.98	1.89	3.01	2.47	3.47	2.73	2.28	3.1	3.49	3.63	3.37	4.05
	2002	2.07	4.19	3.01	1.48	1.69	1.85	1.9	1.4	1.65	1.1	-1	-1	-1
POWER BY YEAR                                                                   														
	Year	ALL	JAN	FEB	MAR	APR	MAY	JUN	JUL	AUG	SEP	OCT	NOV	DEC
	ALL	41	60	53	46	50	38	23	16	22	40	44	45	60
	1973	36	32	42	58	69	67	17	13	18	26	30	14	54
	1974	30	20	52	15	56	17	14	6	19	20	44	62	40
	1975	35	39	82	27	45	42	28	9	11	27	25	27	58
	1976	42	40	13	28	68	39	14	10	38	54	44	111	55
	1977	33	71	77	28	46	32	11	10	13	28	63	5	17
	1978	33	31	80	46	23	34	14	18	8	28	59	29	29
	1979	30	18	15	29	28	15	25	4	5	12	70	92	48
	1980	62	129	113	51	111	70	15	13	18	29	91	70	34
	1981	38	136	42	73	28	26	17	6	23	13	15	43	38
	1982	34	27	33	10	34	40	25	24	10	37	35	41	90
	1983	31	42	43	20	52	39	19	16	25	24	43	47	9
	1984	39	54	48	53	35	33	22	13	27	40	57	27	57
	1985	59	135	37	97	71	37	66	15	22	50	21	21	138
	1986	54	117	87	21	58	42	34	19	24	23	73	55	97
	1987	56	129	69	58	61	37	46	13	15	72	75	52	43
	1988	53	32	80	88	96	27	24	15	44	44	46	27	110
	1989	34	56	4	20	35	35	28	12	16	39	47	48	71
	1990	44	45	20	59	40	35	24	32	23	97	61	37	56
	1991	57	69	72	47	78	77	27	21	39	87	44	48	77
	1992	60	95	64	115	53	42	48	14	39	36	58	113	40
	1993	57	53	74	60	62	45	33	82	91	44	26	38	69
	1994	30	16	15	51	29	49	9	8	5	30	34	44	65
	1995	41	41	52	81	51	45	16	23	11	71	31	25	44
	1996	26	3	44	24	34	26	17	8	17	49	23	12	51
	1997	39	46	74	27	50	29	13	8	12	47	17	71	79
	1998	30	13	45	30	61	53	12	10	13	35	38	23	26
	1999	33	18	26	45	32	22	11	9	9	61	23	41	88
	2000	36	51	74	50	46	26	14	10	11	11	40	36	62
	2001	57	133	35	55	49	47	20	10	51	42	51	56	82
	2002	29	100	67	16	14	17	18	8	11	4	-1	-1	-1
NUMBER OF SPEED OBSERVATIONS BY YEAR                                            														
	Year	ALL	JAN	FEB	MAR	APR	MAY	JUN	JUL	AUG	SEP	OCT	NOV	DEC
	ALL	237790	20384	18990	20647	20144	20430	19422	20179	20252	19038	19668	18864	19772
	1973	6820	518	508	563	480	465	506	632	626	612	634	601	675
	1974	7609	619	577	656	641	656	636	635	635	644	641	631	638
	1975	7744	629	563	639	629	649	557	636	668	684	699	690	701
	1976	7772	720	658	716	689	707	660	641	632	608	614	545	582
	1977	7519	620	562	613	585	664	622	649	628	632	651	626	667
	1978	7606	648	554	649	635	680	573	560	653	639	687	652	676
	1979	8105	680	608	655	683	692	668	675	698	674	702	675	695
	1980	8146	704	640	694	673	709	662	694	696	682	682	613	697
	1981	8356	700	642	710	688	710	694	695	691	691	719	697	719
	1982	8139	707	618	681	668	705	676	637	695	686	685	678	703
	1983	8148	712	640	721	680	701	661	714	716	653	645	641	664
	1984	8302	703	649	684	686	713	698	718	690	667	706	680	708
	1985	8358	703	644	713	687	707	668	704	712	693	716	698	713
	1986	8368	710	647	720	701	710	686	708	727	674	685	702	698
	1987	8217	696	615	704	676	696	674	707	685	660	708	674	722
	1988	8270	708	664	694	686	710	679	697	672	672	706	681	701
	1989	8291	701	636	699	671	716	692	715	699	684	705	668	705
	1990	8339	707	654	687	688	709	690	708	704	688	703	689	712
	1991	8403	688	645	708	693	725	701	715	706	696	726	689	711
	1992	8437	726	670	716	697	725	697	720	703	693	699	686	705
	1993	8457	712	653	708	702	723	677	722	732	692	701	707	728
	1994	8528	708	647	724	709	734	699	715	730	703	731	706	722
	1995	8459	723	655	720	703	722	697	721	717	683	722	674	722
	1996	8186	709	665	718	704	705	663	661	672	649	693	662	685
	1997	7956	679	632	674	680	681	655	702	688	634	646	633	652
	1998	7593	620	604	644	662	634	620	623	644	591	661	667	623
	1999	7870	624	625	663	634	660	631	643	670	637	683	644	756
	2000	8576	751	693	725	699	663	679	737	722	709	719	724	755
	2001	5762	754	695	728	720	473	339	393	307	386	399	231	337
	2002	5454	505	727	721	695	686	662	702	734	22	0	0	0
NUMBER OF SPEED OBSERVATIONS BY HOUR                                            														
	Hour	ALL	JAN	FEB	MAR	APR	MAY	JUN	JUL	AUG	SEP	OCT	NOV	DEC
	0	9992	844	819	863	836	869	824	846	851	792	822	793	833
	1	9775	837	774	867	837	825	793	830	829	782	802	788	811
	2	9703	836	792	835	823	835	801	831	819	758	796	773	804
	3	9822	848	773	846	834	829	797	837	846	795	823	771	823
	4	9682	815	766	838	826	856	815	829	824	772	790	749	802
	5	9809	810	773	843	847	859	814	842	849	796	815	760	801
	6	9958	848	794	859	856	866	807	846	842	805	823	788	824
	7	9907	852	810	868	844	842	789	825	836	792	831	799	819
	8	9638	826	774	853	826	834	789	809	816	785	792	741	793
	9	10002	864	802	861	845	835	807	841	842	813	839	816	837
	10	9855	857	795	859	837	846	806	830	816	784	821	775	829
	11	9843	863	780	862	823	833	784	829	848	781	813	793	834
	12	9963	853	779	862	851	855	815	840	841	807	822	803	835
	13	9931	846	800	863	828	842	813	851	842	787	828	792	839
	14	9775	853	777	850	826	856	809	836	823	774	800	765	806
	15	10128	861	807	875	837	832	794	888	885	839	851	810	849
	16	9989	840	796	848	859	869	839	848	854	803	830	793	810
	17	9990	851	804	875	850	865	819	829	840	803	830	793	831
	18	10015	873	795	865	840	863	828	857	854	792	813	802	833
	19	10022	860	797	879	827	875	814	855	858	799	837	790	831
	20	9967	858	797	858	844	857	817	841	862	783	827	793	830
	21	10026	876	798	876	853	853	817	843	856	799	826	793	836
	22	10007	855	794	869	839	863	824	858	857	790	820	802	836
	23	9991	858	794	873	856	871	807	838	862	807	817	782	826

SPEED BY HOUR                                                                   														
	Hour	ALL	JAN	FEB	MAR	APR	MAY	JUN	JUL	AUG	SEP	OCT	NOV	DEC
	0	1.82	2.31	2.37	2.05	1.88	1.37	1.05	0.93	1.16	1.84	2.27	2.15	2.52
	1	1.81	2.42	2.19	2.11	1.84	1.3	1.03	0.79	1.12	1.94	2.34	2.12	2.51
	2	1.77	2.34	2.21	2.03	1.88	1.22	1.02	0.82	1.1	1.8	2.22	2.14	2.54
	3	1.76	2.46	2.18	2.02	1.74	1.21	0.92	0.72	1.06	1.95	2.25	2.18	2.43
	4	1.73	2.36	2.13	1.97	1.72	1.23	0.9	0.74	1.06	1.89	2.27	2.11	2.48
	5	1.73	2.31	2.15	1.99	1.8	1.28	0.94	0.74	1	1.87	2.21	2.11	2.49
	6	1.77	2.33	2.16	2.04	1.8	1.36	0.98	0.88	1.07	1.87	2.29	2.14	2.41
	7	1.87	2.31	2.27	2.05	1.82	1.58	1.31	0.98	1.19	1.99	2.31	2.15	2.47
	8	2	2.4	2.21	2.12	2.11	2.04	1.67	1.18	1.32	2.02	2.31	2.09	2.52
	9	2.23	2.35	2.36	2.23	2.73	2.59	2.14	1.48	1.57	2.4	2.34	2.2	2.38
	10	2.5	2.41	2.38	2.57	3.26	3.18	2.56	1.88	2.03	2.54	2.48	2.19	2.46
	11	2.77	2.51	2.52	3.06	3.71	3.45	2.81	2.27	2.36	2.85	2.87	2.24	2.58
	12	3	2.46	2.75	3.38	4.01	3.77	3.12	2.46	2.67	3.24	3.06	2.43	2.63
	13	3.15	2.6	2.95	3.59	4.16	3.97	3.36	2.76	2.95	3.34	3.15	2.42	2.59
	14	3.19	2.53	2.91	3.55	4.23	4.01	3.46	2.95	3.06	3.41	3.19	2.41	2.53
	15	3.19	2.53	2.93	3.5	4.19	4.01	3.58	2.92	3.08	3.39	3.18	2.29	2.71
	16	3.05	2.39	2.79	3.27	3.96	3.88	3.33	2.87	3.03	3.3	2.96	2.23	2.51
	17	2.93	2.41	2.66	3.14	3.79	3.68	3.25	2.74	2.88	3.09	2.74	2.07	2.58
	18	2.71	2.47	2.56	2.71	3.39	3.48	3.05	2.46	2.67	2.63	2.45	2.09	2.46
	19	2.44	2.36	2.44	2.29	3	3.02	2.6	2.14	2.25	2.24	2.34	2.06	2.45
	20	2.21	2.4	2.44	2.16	2.47	2.46	2.25	1.82	1.73	2.03	2.27	2.08	2.44
	21	2.03	2.36	2.37	2.11	2.18	1.97	1.76	1.42	1.42	1.96	2.25	2.11	2.49
	22	1.92	2.36	2.31	2.04	2.09	1.6	1.4	1.14	1.34	1.94	2.26	2.11	2.51
	23	1.87	2.41	2.36	2.06	2.06	1.47	1.18	0.97	1.19	1.91	2.29	2.13	2.53

POWER BY HOUR                                                                   														
	Hour	ALL	JAN	FEB	MAR	APR	MAY	JUN	JUL	AUG	SEP	OCT	NOV	DEC
	0	34	62	55	38	36	16	8	6	12	29	39	45	60
	1	34	64	47	37	35	16	19	4	11	35	40	48	58
	2	35	61	47	38	44	16	9	13	11	29	38	49	65
	3	35	76	49	37	31	15	7	4	11	37	40	50	62
	4	33	64	46	37	32	15	10	6	12	32	43	45	64
	5	33	60	48	37	36	16	7	5	11	33	40	46	62
	6	37	62	47	40	37	28	7	27	10	35	41	46	62
	7	38	57	51	40	32	26	10	5	21	51	44	44	67
	8	36	60	44	43	40	27	13	7	13	39	43	40	63
	9	41	58	49	45	52	46	18	10	14	53	43	45	52
	10	44	57	52	48	57	46	25	22	22	45	46	47	60
	11	50	61	58	72	65	50	37	26	24	47	50	45	60
	12	53	56	58	66	83	67	33	20	27	61	55	51	62
	13	55	59	63	67	77	73	46	32	32	54	55	47	55
	14	53	54	61	60	81	64	44	28	34	55	56	46	57
	15	54	57	57	60	78	65	57	36	35	52	53	41	64
	16	49	54	54	53	70	60	39	25	42	47	46	40	54
	17	47	54	54	52	63	57	38	23	40	43	47	38	58
	18	45	62	54	45	52	59	33	18	47	35	43	39	54																									
	19	40	68	54	37	48	37	24	14	35	32	43	39	55																									
	20	39	61	57	41	43	27	32	20	15	31	42	40	60																									
	21	37	58	51	40	40	48	15	8	12	30	35	49	56																									
	22	35	57	50	41	38	20	10	8	23	34	38	45	56																									
	23	35	64	54	41	40	18	10	6	11	32	38	45	60																									

SPEED BY DIRECTION                                                              																																							
	Month	calm	0	10	20	30	40	50	60	70	80	90	100	110	120	130	140	150	160	170	180	190	200	210	220	230	240	250	260	270	280	290	300	310	320	330	340	350	360
	ALL	0	2.67	2.69	2.74	2.89	3.1	3.28	3.51	3.82	4.24	4.83	4.97	4.75	4.2	3.69	3.44	3.16	2.91	2.92	2.85	2.91	2.89	2.95	3.04	3.07	3.03	3.04	2.84	2.87	2.84	2.8	2.65	2.43	2.39	2.39	2.44	2.54	2.67
	1	0	3	2.9	3.1	3.3	3.4	3.8	4	4.4	4.8	5.4	5.5	5.3	4.7	4.3	3.8	2.7	2.6	3.2	2.9	3.4	2.6	3.1	2.5	2.8	2.6	3.3	2.2	2.3	2.7	2.5	2.5	2.3	2.5	2.4	2.5	2.6	3
	2	0	3.1	3.1	3.2	3.6	3.7	3.7	4.1	4.3	4.9	5.3	5.5	5.2	4.6	3.4	3.3	3.3	2.6	3	2.6	2.7	2.7	2.5	2.9	2.5	2.3	2.6	2.4	2.2	2.3	2.3	2.3	2.4	2.4	2.5	2.6	2.9	3.1
	3	0	3	3.1	3.2	3.4	3.6	3.8	3.9	4.2	4.4	5	5	4.8	4.3	4	3.3	2.9	2.6	2.7	2.6	2.7	2.6	2.4	2.5	2.6	2.4	2.4	2.5	2.4	2.5	2.5	2.4	2.4	2.3	2.4	2.5	2.8	3
	4	0	2.6	2.7	2.9	3	3.3	3.6	3.9	4.1	4.5	5.2	5.2	4.9	4.6	4.1	3.8	3.4	3.3	3.1	3	2.9	2.7	2.9	3	2.9	2.9	3.1	2.8	2.8	3	2.9	2.8	2.4	2.4	2.3	2.6	2.6	2.6
	5	0	2.6	2.7	2.7	2.7	3	3.1	3.3	3.4	3.9	4.4	4.7	4.5	4.2	3.9	3.8	3.7	3.3	3.5	3	3.2	3.3	3.2	3.3	3.2	3.3	3.4	3.1	3.2	3.2	3.2	3	2.8	2.6	2.5	2.4	2.3	2.6
	6	0	2.2	2.2	2.2	2.4	2.4	2.7	2.8	3	3.2	3.7	3.8	3.9	3.6	3.5	3.4	3.2	3	3	2.8	2.9	3.2	3.2	3.2	3.4	3.4	3.4	3.1	3.2	3.4	3.1	2.7	2.4	2.3	2.2	2.2	2.1	2.2
	7	0	2	2.1	2.1	2.3	2.3	2.4	2.5	2.5	2.7	3	3.2	3.2	3.2	3.1	3.1	2.8	2.8	2.8	2.8	2.9	2.9	3.1	3.2	3.2	3.2	3.1	3.1	2.9	2.9	3	2.4	2.2	2.1	2.1	2	2.1	2
	8	0	2.2	2.3	2.4	2.4	2.5	2.6	2.8	2.9	3.2	3.8	4	3.9	3.7	3.3	3.1	3.1	2.9	2.8	2.8	2.7	2.8	3	3.1	3.1	3.1	3	2.8	3	2.9	2.9	2.7	2.4	2.2	2.2	2.2	2.3	2.2
	9	0	2.5	2.6	2.6	2.7	2.9	3.1	3.4	3.7	4.2	4.8	4.8	4.8	4.1	3.7	3.5	3.7	2.8	2.7	2.9	2.8	2.6	2.7	2.7	2.8	2.8	2.9	2.9	2.8	2.9	3	2.9	2.4	2.4	2.4	2.5	2.4	2.5
	10	0	2.6	2.7	2.9	3.1	3.4	3.5	3.8	4	4.3	4.8	5	4.9	4.2	3.7	3.3	3.1	2.6	2.7	3.1	3.1	2.7	2.3	2.5	2.5	2.7	2.4	2.6	2.8	2.5	2.9	2.6	2.3	2.3	2.2	2.4	2.5	2.6
	11	0	2.8	2.8	2.9	3	3.5	3.6	3.9	4.2	4.6	5.1	5.2	5	4.2	3.3	3.1	2.7	2.7	2.3	2.8	2.6	2.2	2.2	2.4	2.4	2.5	2.3	2.4	2.9	2.5	2.4	2.7	2.5	2.5	2.5	2.5	2.6	2.8
	12	0	3	3.2	2.9	3.2	3.5	3.7	3.9	4.4	4.8	5.5	5.5	5.1	4.6	3.8	3.1	2.8	2.8	2.6	2.8	2.6	2.6	2.6	2.3	2.5	2.5	2.7	2.7	2.8	2.7	2.9	2.6	2.7	2.5	2.6	2.9	3	3
FREQUENCY BY DIRECTION                                                          																																							
	Month	calm	0	10	20	30	40	50	60	70	80	90	100	110	120	130	140	150	160	170	180	190	200	210	220	230	240	250	260	270	280	290	300	310	320	330	340	350	360
	ALL	36.62	1.82	1.81	2.15	2.72	4.15	5.26	7.61	7.37	7.75	9.39	7.61	5.85	4.64	2.31	1.84	1.3	1.32	1.14	1.48	1.02	1.23	1.23	1.46	1.38	1.7	1.33	1.21	1.6	1.42	1.51	1.31	1.03	1.11	1.1	1.39	1.42	1.82
	1	43.3	1.9	2	2.2	2.7	3.9	5	8.1	8.3	9.1	12.2	10.8	8.5	4.9	2.1	1.1	0.9	0.7	0.6	0.8	0.6	0.5	0.2	0.3	0.3	0.4	0.3	0.4	0.8	0.8	1.1	1.3	1.1	1.4	1.3	1.6	1.6	1.9
	2	40.1	2.1	1.9	2.4	3	4.2	5	7.4	7.7	8.6	10.9	9.6	7.4	4.8	2.1	1.4	1	0.9	0.9	1	0.6	0.7	0.4	0.4	0.6	0.6	0.8	0.8	1.2	1.5	1.8	1.2	1.2	1.3	1.3	1.8	1.6	2.1
	3	34	2.1	1.7	1.9	2.3	3.4	4.4	6.3	7.2	7.9	10	8.7	6.7	5.6	2.5	2	1.4	1.6	1.2	1.4	0.8	0.9	1	0.9	1	1.2	1.1	1.2	1.8	1.8	2	1.3	1	1.2	1.2	1.6	1.7	2.1
	4	29.7	1.5	1.3	1.4	1.8	3.1	3.8	6.1	6.9	7.2	9.9	8.8	6.7	5.9	2.8	2.5	1.7	1.7	1.4	2	1.2	1.4	1.4	1.8	1.5	1.8	1.3	1.3	1.7	1.7	1.5	1.4	1.1	1.1	1	1.2	1.2	1.5
	5	31.2	1.5	1.3	1.7	1.9	3	4	5.6	5.6	5.8	8	7.3	6.2	5.8	3.3	2.9	1.9	1.8	1.5	2.4	1.7	1.9	1.9	2.6	2.4	2.6	2	1.5	2	1.6	1.6	1.4	1	1.1	1	1.1	1.1	1.5
	6	33	1.4	1.6	2	2.5	4	5.1	6.2	6	5.3	5.6	4	4.2	4.2	2.8	2.5	1.8	2.3	1.9	2.5	2.1	2.5	2.6	3.4	3.1	3.9	2.7	2.2	2.5	1.9	1.8	1.2	0.9	0.8	0.7	0.9	0.9	1.4
	7	39.2	1.5	1.9	2.4	3.2	4.6	6.2	8.3	6.2	5.3	5.5	3.6	3.6	3.7	2.5	2.3	1.5	1.8	1.7	2.1	1.8	2.6	2.7	3.2	3	3.6	2.5	2	1.9	1.6	1.5	1.1	0.8	0.8	0.8	1.1	1.2	1.5
	8	38.4	1.7	1.9	2.5	3.1	5	6.2	8.4	6.3	6.2	6.2	5.2	4.4	4	2.3	1.9	1.3	1.6	1.4	2	1.3	2.2	2.2	2.3	2.3	2.7	2.2	1.9	2.2	1.5	1.4	1.2	0.8	1	1	1.3	1.3	1.7
	9	33.1	1.7	1.9	2.1	3.4	5.1	6.4	9.3	7.9	8.4	10.4	7.3	5.3	4.4	2.1	1.7	1	0.9	0.8	1.1	0.8	0.9	0.9	1	1	1.4	1.1	1.1	1.6	1.3	1.3	1.1	0.8	1	1.1	1.4	1.3	1.7
	10	32.9	2.1	2.2	2.7	3.8	5.2	6.3	9.5	9.3	9.2	10	7.8	5.3	4.2	1.6	1.1	0.9	0.8	0.8	0.9	0.4	0.4	0.5	0.5	0.5	0.6	0.6	0.7	1.3	1	1.3	1.5	1.3	1.2	1.2	1.6	1.9	2.1
	11	44.1	2.4	2.2	2.6	2.7	4.8	5.8	8.9	8.9	10.5	10.8	8.8	5.6	3.6	1.4	1.1	0.9	0.8	0.7	0.7	0.4	0.3	0.4	0.3	0.3	0.6	0.5	0.6	1	1.2	1.5	1.6	1.3	1.4	1.5	2	1.9	2.4
	12	40.8	2.3	2.1	2	2.5	3.9	5.5	8	9	10.7	14.1	10	6.5	4.1	1.9	1.2	0.9	0.6	0.5	0.5	0.3	0.2	0.2	0.3	0.2	0.5	0.4	0.5	0.8	1	1.2	1.5	1.2	1.3	1.2	1.3	1.5	2.3
FREQUENCY OF SPEED                                                              																																							
	Month	0	1	2	3	4	5	6	7	8	9	10	11	12	13	14	15	16	17	18	19	20	21	22	23	24	25												
	ALL	36.6	7.8	20.7	11.1	8.4	7.1	3.7	2.7	0.6	0.6	0.5	0.1	0.1	0	0	0	0	0	0	0	0	0	0	0	0	0												
	1	43.3	6	15	8.4	7.2	7.8	4.3	4	1.2	1	1	0.4	0.3	0.1	0.1	0.1	0	0	0	0	0	0	0	0	0	0												
	2	40.1	6.9	16.1	9	7.3	8.2	5.2	3.9	1	0.9	0.8	0.2	0.1	0	0	0	0	0	0	0	0	0	0	0	0	0												
	3	34	7.2	20.5	11.1	8.9	8.3	4.6	3	0.8	0.7	0.6	0.1	0.1	0	0	0	0	0	0	0	0	0	0	0	0	0												
	4	29.7	6	20.3	12.9	10.4	9.7	5	3.7	0.8	0.7	0.5	0.2	0.1	0	0	0	0	0	0	0	0	0	0	0	0	0												
	5	31.2	7.1	21.4	14	11.4	8	3.8	2.1	0.4	0.3	0.2	0	0	0	0	0	0	0	0	0	0	0	0	0	0	0												
	6	33	9.7	26.3	13.5	8.9	5.4	1.9	0.8	0.2	0.1	0	0	0	0	0	0	0	0	0	0	0	0	0	0	0	0												
	7	39.2	10.9	28.3	11.7	6.1	2.8	0.8	0.2	0	0	0	0	0	0	0	0	0	0	0	0	0	0	0	0	0	0												
	8	38.4	10	25.8	11.4	7.2	4.2	1.6	0.9	0.2	0.1	0.1	0	0	0	0	0	0	0	0	0	0	0	0	0	0	0												
	9	33.1	9.3	21.7	11.6	8.8	7	3.6	2.7	0.7	0.7	0.5	0.1	0.1	0	0	0	0	0	0	0	0	0	0	0	0	0
	10	32.9	8	20.5	11.3	9.3	8.2	4.3	3.3	0.6	0.6	0.6	0.1	0.1	0	0	0	0	0	0	0	0	0	0	0	0	0
	11	44.1	6.7	16.6	8.9	7	6.9	4	3.2	0.7	0.7	0.8	0.2	0.2	0	0	0	0	0	0	0	0	0	0	0	0	0
	12	40.8	5.6	15.7	8.7	8	8.1	5	4.2	0.9	1	1.1	0.4	0.3	0.1	0	0	0	0	0	0	0	0	0	0	0	0
PERCENT OF POWER BY SPEED                                                       																											
	Month	0	1	2	3	4	5	6	7	8	9	10	11	12	13	14	15	16	17	18	19	20	21	22	23	24	25
	ALL	0	0.4	4	6.1	9.7	15.2	14	17.3	5.6	7	8.6	3.2	3.2	0.8	0.5	1	0.1	0.1	0.1	0	0.2	0.1	0.1	0.9	0.7	1
	1	0	0.2	2	3.3	5.9	11.8	11.4	18	7.4	8.5	11.8	5.5	6.1	2.3	1.8	2.2	0.7	0	0	0	0.5	0	0	0	0	0.8
	2	0	0.3	2.5	4	6.8	14.2	16	19.9	7.4	9	11	4.1	3.1	0.3	0.4	0.9	0	0	0	0	0	0	0	0	0	0
	3	0	0.3	3.6	5.6	9.4	16.3	15.7	17.6	6.4	7.6	9	2.9	2.3	0.3	0.4	1.4	0	0	0	0	0	0	0	0	0	1.1
	4	0	0.2	3.3	5.9	10.1	17.3	15.6	19.8	5.8	6.9	6.4	3	1.9	0.5	0.6	0.7	0	0	0.4	0	0	0	0.7	0.8	0	0
	5	0	0.4	4.6	8.5	14.4	18.7	15.8	15	3.9	4.5	3.5	0.6	0	0	0	0	0	0.4	0	0	0.7	0	0.9	2	2.2	3.9
	6	0	0.9	9	13.2	18.2	20.6	13.1	9.1	2.7	1.8	1.2	0	0	0	0	0	0	0.7	0	0	0	1.4	0	1.8	4	2.4
	7	0	1.4	14.1	16.5	18.2	15.3	7.8	3.9	0.7	0.5	0.2	0	0.8	0	0	0	0	0	0	0	0	0	0	12	5.5	3.1
	8	0	0.9	9	11.4	15.4	16.3	11.4	10.6	2.8	2.7	3.2	1.1	0.6	0	0	0	0	0	0	0	1.2	0	0	5	3.9	4.5
	9	0	0.5	4.1	6.5	10.2	15	13.8	17.6	6	8.8	8.3	2.9	2.9	0.6	0.5	1.1	0	0	0	0	0	0	0	0	0	1.3
	10	0	0.4	3.7	5.9	10	16.3	15.2	20.3	5.4	7.3	9.5	2.3	2.9	0	0	0.5	0	0	0.4	0	0	0	0	0	0	0
	11	0	0.3	3	4.7	7.7	13.8	14.2	19	5.6	7.5	11.5	3.8	5.3	1.7	0.4	1.1	0	0.4	0	0	0	0	0	0	0	0
	12	0	0.2	2.1	3.5	6.5	12.2	13.4	19.3	5.9	8.6	12.4	5.7	6.1	1.5	0.6	1.4	0.2	0	0.3	0	0	0	0	0	0	0
PREVAILING DIRECTION BY HOUR                                                    																											
	Month	0	1	2	3	4	5	6	7	8	9	10	11	12	13	14	15	16	17	18	19	20	21	22	23		
	ALL	90	90	90	80	90	90	90	90	90	90	90	90	90	90	90	90	90	90	90	90	90	90	90	90		
	1	100	100	90	90	110	90	100	100	100	100	100	90	90	90	90	90	100	90	90	60	90	90	90	90		
	2	100	90	70	90	90	90	90	90	100	90	100	90	90	90	60	90	90	90	90	90	90	90	90	90		
	3	100	80	90	90	90	100	90	80	90	90	90	90	100	100	100	90	90	90	80	90	90	80	100	90		
	4	90	90	90	90	90	90	80	80	90	100	70	100	90	100	100	100	100	100	90	90	90	90	90	100		
	5	60	100	70	70	90	90	90	90	90	90	90	110	120	110	90	90	100	90	90	120	100	90	70	60		
	6	60	80	60	50	50	60	70	90	60	90	90	90	240	240	230	230	240	240	90	90	80	60	60	50		
	7	60	50	50	60	60	60	70	60	90	60	60	90	60	60	240	230	240	240	60	60	60	60	60	60		
	8	60	60	60	60	60	80	60	50	70	90	60	60	60	60	90	240	80	240	60	60	60	60	60	60		
	9	70	80	80	60	60	60	90	90	90	90	100	90	90	90	90	90	90	90	80	80	90	90	60	60		
	10	90	90	60	80	60	80	60	90	70	90	90	90	90	90	90	90	70	70	90	70	60	60	80	70		
	11	90	80	90	90	100	90	60	80	80	90	90	80	90	80	60	90	70	90	80	90	80	80	80	90
	12	90	90	90	80	90	90	90	90	90	90	90	90	90	90	90	90	90	90	90	90	90	90	80	90
SPEED FOR PREVAILING DIRECTION BY HOUR                                          																									
	Month	0	1	2	3	4	5	6	7	8	9	10	11	12	13	14	15	16	17	18	19	20	21	22	23
	ALL	4.84	4.71	4.79	4.12	4.81	4.82	4.62	4.81	4.69	4.84	4.96	4.93	5.04	5.1	5.15	5.16	4.89	4.86	4.73	4.66	4.5	4.67	4.51	4.96
	1	5.65	5.83	5.29	5.42	5.47	5.28	5.69	5.07	5.64	5.34	5.11	5.34	5.14	4.9	5.05	5.12	5.43	5.2	5.02	3.62	6.29	5.23	5.32	6.14
	2	5.09	5.44	4.42	5.39	4.96	4.94	4.84	5.34	5.28	5.18	5.55	5.49	4.99	5.94	4.54	5.59	5.43	5.24	5.22	5.29	4.59	5.15	5.68	5.71
	3	4.96	4.18	4.46	4.87	5.15	4.78	4.66	4.29	4.49	4.59	4.92	5.23	5.37	5.3	5.42	5.46	4.98	5.22	4.34	4.09	4.73	4.46	4.92	5.2
	4	5.43	4.59	5.2	5.13	4.88	5.25	4.63	4.47	4.84	5.03	4.59	5.63	5.41	5.83	6.09	5.31	5.49	5.11	5.39	5.14	4.6	4.8	4.7	5.17
	5	3.18	4.18	2.72	3.1	3.45	3.65	3.55	3.77	5.01	5.14	4.83	4.92	4.41	5.32	4.82	5.12	5.11	4.89	4.97	4.15	4	4.14	2.56	2.79
	6	2.28	3.27	2.43	2.5	2.25	2.65	2.56	2.26	2.5	3.63	4.04	3.77	3.29	3.6	3.92	4.32	3.88	3.89	4.11	3.64	3.03	2.7	2.64	2.6
	7	2.26	2.4	2.24	2.79	2.17	2.23	2.24	2.25	2.75	2.92	2.82	3.35	2.9	2.8	3.46	4.07	3.65	3.67	2.64	2.43	2.36	2.22	2.28	2.3
	8	2.52	2.51	2.82	2.83	2.69	3.35	2.88	2.64	2.87	3.34	3.04	2.89	3.17	3.29	4.44	3.28	3.7	3.35	2.8	2.7	2.53	2.34	2.66	2.65
	9	3.56	4.23	3.76	3.52	3.29	3.47	4.42	5.26	4.92	5.04	4.51	5.17	5.04	5.05	4.92	5.09	4.82	4.49	3.51	3.25	4.59	4.67	3.16	2.92
	10	4.75	4.51	3.53	4.49	3.66	4.27	3.72	5.49	3.64	4.81	4.86	4.93	4.87	4.86	5.5	5.26	3.85	3.89	4.38	3.99	4	3.76	4.36	4.21
	11	5.17	4.45	5.43	4.88	5.06	5.02	4.21	4.23	4.7	5.55	5.36	4.81	5.2	4.6	4.21	5.4	4.42	5.17	4.38	4.98	4.56	4.36	4.23	5.3
	12	5.28	5.51	5.76	4.41	5.66	5.82	5.28	5.58	5.38	5.38	5.49	5.62	5.88	5.28	5.93	5.43	5.04	5.35	4.97	5.91	5.46	5.1	4.89	5.63
