DEERING           & AK - 701333                                                 														
 66 deg    05' N  162 deg    45' W - Elev    9m   LST=GMT+99 hours   *NT=-11    														
 01/98-09/02                                                                    								Adjusted to Alaska Time Zone (GMT-9)						
SPEED BY YEAR                                                                   														
	Year	ALL	JAN	FEB	MAR	APR	MAY	JUN	JUL	AUG	SEP	OCT	NOV	DEC
	ALL	4.94	6.01	6.43	4.77	4.82	4.51	4.34	4.55	5.13	4.76	4.58	4.39	5.4
	1998	5.03	3.6	-1	-1	-1	-1	-1	3.66	5.54	4.81	5.28	4.3	5.47
	1999	4.54	6.51	6.87	4.8	5.54	3.8	3.87	4.31	4.65	4.29	3.41	3.85	5.18
	2000	4.97	6.04	5.5	5.5	3.43	4.35	4	4.66	5.63	5.09	4.4	5.54	5.99
	2001	5.11	5.06	7.54	4.29	4.92	5.42	4.81	4.88	5.12	4.94	5.01	3.82	4.81
	2002	5.22	6.9	6.17	4.76	5.49	4.58	4.75	4.61	4.27	2.31	-1	-1	-1
POWER BY YEAR                                                                   														
	Year	ALL	JAN	FEB	MAR	APR	MAY	JUN	JUL	AUG	SEP	OCT	NOV	DEC
	ALL	195	342	390	220	250	140	101	114	161	135	131	149	275
	1998	188	32	-1	-1	-1	-1	-1	46	215	143	201	135	276
	1999	176	525	432	235	323	106	75	104	125	123	57	104	248
	2000	195	344	238	262	116	114	87	126	195	143	117	262	386
	2001	192	195	555	142	250	205	114	117	140	133	140	87	155
	2002	238	404	369	252	316	143	130	124	87	14	-1	-1	-1
NUMBER OF SPEED OBSERVATIONS BY YEAR                                            														
	Year	ALL	JAN	FEB	MAR	APR	MAY	JUN	JUL	AUG	SEP	OCT	NOV	DEC
	ALL	28566	2222	1931	2320	2398	2833	2653	2142	2783	2483	2189	2342	2270
	1998	3179	1	0	0	0	0	0	72	667	654	529	675	581
	1999	7101	372	109	667	700	718	675	720	717	651	469	689	614
	2000	7411	640	628	387	676	652	693	712	568	700	546	582	627
	2001	6551	692	620	604	432	610	607	437	599	461	645	396	448
	2002	4324	517	574	662	590	853	678	201	232	17	0	0	0
NUMBER OF SPEED OBSERVATIONS BY HOUR                                            														
	Hour	ALL	JAN	FEB	MAR	APR	MAY	JUN	JUL	AUG	SEP	OCT	NOV	DEC
	0	1201	94	80	95	101	122	106	94	120	105	92	96	96
	1	1197	91	80	93	100	121	112	88	119	105	95	95	98
	2	1208	90	79	98	103	125	106	93	119	107	89	104	95
	3	1191	91	81	98	92	118	106	95	119	105	93	96	97
	4	1177	90	78	95	95	118	110	88	114	103	91	100	95
	5	1185	92	78	95	99	114	111	88	117	102	92	102	95
	6	1162	88	78	95	99	113	108	88	114	100	91	94	94
	7	1172	95	83	96	97	113	113	82	112	102	86	97	96
	8	1196	93	84	98	101	117	109	88	124	106	90	93	93
	9	1164	93	78	93	98	112	111	84	120	101	89	93	92
	10	1189	91	82	96	101	121	112	90	108	100	99	91	98
	11	1172	94	82	98	98	119	109	85	109	99	88	97	94
	12	1195	93	79	95	105	112	113	87	122	103	95	96	95
	13	1170	92	76	92	103	119	113	88	108	97	89	99	94
	14	1177	95	80	96	94	114	111	89	116	97	93	99	93
	15	1207	97	80	94	99	119	111	92	116	109	87	105	98
	16	1197	91	85	99	104	115	111	92	111	102	92	101	94
	17	1212	94	82	101	106	119	108	90	118	109	91	101	93
	18	1203	96	76	101	102	118	111	96	113	104	91	99	96
	19	1197	90	78	99	105	123	109	85	115	107	95	99	92
	20	1203	93	80	101	102	118	115	94	116	105	90	95	94
	21	1188	94	85	99	97	117	111	94	115	104	89	91	92
	22	1210	93	84	98	96	124	116	88	121	109	89	101	91
	23	1193	92	83	95	101	122	111	84	117	102	93	98	95

SPEED BY HOUR                                                                   														
	Hour	ALL	JAN	FEB	MAR	APR	MAY	JUN	JUL	AUG	SEP	OCT	NOV	DEC
	0	4.62	5.67	6.36	4.45	4.46	4.15	3.48	3.9	4.67	4.47	4.5	4.55	5.35
	1	4.58	5.55	6.28	4.56	4.34	4.17	3.61	3.89	4.67	4.58	4.22	4.3	5.26
	2	4.57	5.66	6.44	4.58	4.8	4.1	3.47	3.61	4.53	4.5	4.5	4.09	5.26
	3	4.56	5.57	6.26	4.73	4.45	4.02	3.41	3.67	4.45	4.55	4.5	4.18	5.43
	4	4.63	5.68	6.63	4.88	4.37	4.05	3.41	3.75	4.74	4.55	4.64	4.22	5.37
	5	4.61	5.71	6.27	4.74	4.52	4.06	3.4	3.75	4.65	4.48	4.58	4.37	5.37
	6	4.72	6.2	6.55	5	4.76	3.99	3.75	3.99	4.7	4.16	4.5	4.36	5.37
	7	4.75	5.81	6.64	4.72	4.11	4.38	4.1	4.27	4.75	4.24	4.5	4.41	5.51
	8	4.99	5.98	6.74	4.9	4.7	4.47	4.98	4.41	5.17	4.3	4.56	4.61	5.43
	9	5.04	6.24	6.33	4.6	4.47	4.71	5.11	4.66	5.28	4.61	4.61	4.65	5.39
	10	5.2	6.63	6.59	4.67	5.06	4.81	5.36	4.95	5.29	4.84	4.64	4.38	5.53
	11	5.34	6.28	6.49	4.95	5.28	5.04	5.56	5.06	5.87	5.19	4.61	4.41	5.44
	12	5.41	6.54	6.35	5.09	5.3	5.19	5.39	5.3	5.95	5.31	4.73	4.49	5.38
	13	5.55	6.72	6.98	4.91	5.29	5.41	5.42	5.68	6.04	5.6	4.98	4.5	5.33
	14	5.56	6.64	6.72	4.86	5.43	5.24	5.5	5.91	6.13	5.66	4.8	4.56	5.47
	15	5.42	5.99	7.03	4.95	5.35	5.07	5.3	5.69	6.07	5.45	4.77	4.41	5.18
	16	5.36	6.26	6.48	4.87	5.53	4.91	5.1	5.65	5.97	5.31	4.59	4.34	5.55
	17	5.22	6.01	6.52	5.16	5.19	4.75	4.99	5.36	5.51	5.03	4.58	4.37	5.51
	18	5.13	6.23	6.47	4.98	5.22	4.67	4.68	5.14	5.39	4.87	4.63	4.38	5.27
	19	4.94	6.03	6.04	4.76	5.14	4.46	4.36	4.91	5.08	4.62	4.56	4.26	5.59
	20	4.71	5.96	5.83	4.44	4.62	4.26	3.89	4.45	4.96	4.43	4.58	4.17	5.38
	21	4.62	5.88	6.14	4.6	4.52	4.06	3.33	3.81	4.62	4.64	4.4	4.48	5.45
	22	4.5	5.45	5.87	4.5	4.39	4.16	3.18	3.72	4.44	4.59	4.35	4.43	5.52
	23	4.57	5.56	6.39	4.65	4.31	4.21	3.41	3.59	4.37	4.43	4.56	4.53	5.39

POWER BY HOUR                                                                   														
	Hour	ALL	JAN	FEB	MAR	APR	MAY	JUN	JUL	AUG	SEP	OCT	NOV	DEC
	0	175	264	389	192	237	120	67	77	119	134	118	165	297
	1	170	263	356	219	187	128	70	80	122	140	118	146	281
	2	177	260	381	245	281	133	68	67	117	127	124	124	274
	3	171	247	332	252	211	136	69	74	114	130	124	127	292
	4	175	261	386	225	209	127	75	73	146	143	121	140	262
	5	182	289	365	226	267	127	76	71	148	128	142	159	250
	6	193	356	387	245	269	124	89	82	146	110	137	126	318
	7	185	303	426	210	183	140	98	90	157	102	146	141	278
	8	201	344	418	240	272	144	132	98	158	109	132	159	260
	9	199	372	343	219	198	168	132	109	183	124	137	173	273
	10	211	425	409	238	263	149	146	126	167	135	134	142	265
	11	220	428	406	233	282	176	147	128	194	149	120	155	256
	12	223	423	374	250	297	175	135	137	213	166	145	164	243
	13	228	431	443	234	253	185	142	178	217	170	148	158	249																									
	14	234	444	451	191	266	174	143	198	233	184	139	168	280																									
	15	227	390	491	221	302	158	128	183	217	162	158	141	249																									
	16	223	428	379	235	344	152	125	179	211	158	122	139	256																									
	17	203	335	388	238	282	139	123	170	172	125	147	128	257																									
	18	209	387	428	219	317	132	105	153	163	129	131	146	278																									
	19	188	353	384	182	260	121	92	130	148	126	125	127	299																									
	20	169	331	328	170	193	104	75	109	163	106	131	135	257																									
	21	174	329	354	194	203	108	68	76	128	127	120	179	263																									
	22	173	261	354	200	212	125	56	80	120	136	112	175	317																									
	23	176	268	387	205	185	131	64	66	112	129	119	167	343																									

SPEED BY DIRECTION                                                              																																							
	Month	calm	0	10	20	30	40	50	60	70	80	90	100	110	120	130	140	150	160	170	180	190	200	210	220	230	240	250	260	270	280	290	300	310	320	330	340	350	360
	ALL	0	6.2	6.76	3.73	3.74	4.07	4.55	5.28	5.82	6.59	7	6.59	5.77	5.36	6.4	6.25	6.58	6.68	6.04	5.83	4.98	4.39	3.86	3.52	3.43	3.7	4.73	6.36	7.24	6.39	5.86	6.09	5.57	5.06	4.65	4.48	4.7	6.2
	1	0	7.1	11.4	2.9	3.7	4.3	5.7	6	6.6	6.5	6.5	8.2	7.4	6.5	8.4	7.9	9.1	9.3	7.9	7.3	5.9	4.8	3.8	3.3	3.1	4	4.7	7.8	8	6.7	5.5	6.6	4.5	5.3	3.3	5.1	7.2	7.1
	2	0	6.3	5	4.7	4.9	4.2	5.2	6.1	6.9	8.3	9.2	8.7	7.9	7.9	8.3	8.8	9.1	9.3	8.4	9.5	8.1	6.3	4.8	3.8	3.9	3.5	4.7	6.3	8.1	6.6	4.5	3.3	2.8	4	4.1	2.6	3.6	6.3
	3	0	8.2	9.8	4	2.8	4.7	4.6	4.7	5.6	7	7.4	7.8	7.6	5.3	5.2	5.4	8	6.7	4.7	4	3.9	2.7	3	3.1	2.9	3	4.1	5.3	7	6.6	6.3	5.3	3.5	2.9	3.2	7.3	6.4	8.2
	4	0	4.3	5.3	4.3	2.6	3.5	3.5	4.4	5.6	5.5	5.9	4.5	4.9	6.6	10	9.3	5.7	7.4	7.8	8.6	5.9	5.4	4.2	3.8	3.1	3.3	4.4	7.3	8	6.6	5.8	5.4	5.1	4	4.8	5.7	5.9	4.3
	5	0	1.9	2.3	2.8	3.1	3	3.1	4.4	4.9	4	5.3	5.4	4.5	4.1	4.3	4.7	5.9	6.2	6	5.4	4.3	4.1	4.3	3.9	4	4	4.4	6.1	6.9	5.8	4.9	4.6	5.1	3.8	4.4	3.1	2.6	1.9
	6	0	3.3	3.4	3	3.3	3.1	3.5	4	4	3.7	3.4	4	2.7	3.4	5.3	3.9	5.7	5.6	5.7	5.9	5.2	4.5	4.4	3.8	3.9	3.8	4.2	5.2	6.1	6.7	6.1	5.6	5	4.2	3.9	3.3	2.9	3.3
	7	0	4.2	4.2	3.8	3.4	3.4	3.9	4.3	5.3	5	4.7	4.7	4.3	5.5	4.7	4.3	5	5.4	5.4	5.4	5	4.9	4.4	4.3	4.6	4.4	5.1	6	6.5	6.2	5.8	6	4.4	4.2	3.6	3.8	3.1	4.2
	8	0	6	5.1	4.1	4.1	4.1	4.1	4.2	5.3	5	5.5	6	4.4	5.9	6.2	6.6	6.7	6.5	6.3	5.9	5.8	4.9	4.4	4.2	3.9	3.9	4.9	5.5	5.9	6.6	6.5	6.7	6.2	5.6	5.1	4.5	4.6	6
	9	0	4.6	4.6	3.9	4.2	4.5	4.9	4.7	4.1	4.3	5.6	5.1	5.5	5	5.8	5.5	5.8	5.9	6.1	6.1	4.9	4	3.6	3.4	3.2	3.9	5.2	5.8	5.8	6	6.4	7.3	6.6	6.5	5.2	4.5	5.4	4.6
	10	0	5.7	5.3	4.9	4.9	6	6.7	7	6.1	5.7	5.5	3.7	4.5	3.7	3.3	4	5.3	4.8	4.1	3.7	2.9	3.3	3.4	3.3	3.5	4	5.1	5.1	6	5.8	5.8	6	6.4	5.9	5.5	5.8	5.7	5.7
	11	0	5.2	3.9	3.1	3.9	4.3	4.6	6.3	6.1	7	7.3	5.9	4.7	3.8	4.7	5.4	5.7	5.6	4.9	3.7	2.6	2.8	3.2	3	2.6	3	3.5	4.7	5.1	6.5	5.9	5.5	5.2	5.3	6.4	5.1	4.2	5.2
	12	0	6.3	8.2	2.7	3.2	3.9	4.8	6.6	6.8	8.4	9.2	8.4	6.5	8.1	7.3	8.1	7.6	7.2	5.6	3.9	4	3.3	3.6	3.2	3.2	3.5	5.8	6.8	7.7	6.8	7	8.6	12.1	10.5	6.9	6.9	7.2	6.3
FREQUENCY BY DIRECTION                                                          																																							
	Month	calm	0	10	20	30	40	50	60	70	80	90	100	110	120	130	140	150	160	170	180	190	200	210	220	230	240	250	260	270	280	290	300	310	320	330	340	350	360
	ALL	8.42	2.03	1.47	1.18	1.58	2.21	3.29	3.75	4.13	3.59	3.26	2.21	1.48	1.3	1.44	1.83	2.53	2.4	1.73	1.63	1.56	2.48	5.73	6.73	4.25	3.33	3.75	5.1	7.32	4.43	3	2.26	1.87	1.6	1.37	1.18	0.99	2.03
	1	8.3	2.4	3.3	0.5	1.3	2.3	2.5	3.6	4.3	3.8	2.6	2.2	1.6	1.3	1.2	1.6	2.4	1.8	0.8	1	0.7	1.5	5.1	5.5	2.5	2.4	4	11.2	16.6	5.1	2	1.1	0.8	0.4	0.2	0.2	0.1	2.4
	2	7.9	4	1.7	1.1	2.2	1.5	4.5	5.6	7.3	7.5	6.4	3.8	2.4	2.1	3.3	2.6	3.3	4.5	1.3	1.2	0.6	1.3	2.6	3.4	1.8	1.5	1.9	4	10.5	2.7	0.8	0.6	0.3	0.2	0.4	0.3	0.8	4
	3	15	6.3	3.1	1.2	1.5	2.3	3.8	3.4	5.1	5.8	6.6	4.1	2.6	1.5	1.1	1.7	2.1	0.6	0.5	0.5	0.4	1.1	4.7	7.8	5.2	3	3.3	4	8.5	3.9	1.5	0.8	0.3	0.5	0.5	0.3	0.4	6.3
	4	15.1	0.7	1.1	1.1	1	1.3	2.3	4.7	5.2	3.1	2.8	1.5	0.9	1	1.5	1.8	1.5	2	1.1	0.6	1.2	2.8	4	6.8	5.3	3.5	3.7	8.3	12	8	4.6	1.6	1.1	0.4	0.5	0.6	0.2	0.7
	5	9.5	0.3	0.5	1.2	1.3	1.8	2.8	2.9	2.8	1.5	1.8	1.6	1.2	1.3	0.9	1.3	2.2	2.8	2.1	1.3	1.7	1.6	3.6	5	3.6	3.2	4.9	7.3	13	8.9	5.2	2.9	2.4	2.2	1.4	1	0.4	0.3
	6	6.7	1.1	0.9	1.6	2.4	4.2	5.3	4	1.9	0.6	0.4	0.4	0.2	0.5	0.4	0.7	1.5	1.7	1.7	2.1	2.1	2.7	4.7	4.8	4.5	3.3	3.6	4.4	5.5	8.1	6.8	4.3	3.2	3.6	3.9	1.9	1.2	1.1
	7	5.6	0.8	1.1	1.9	2.2	3	4.2	3.9	3.3	2.6	2.3	1.5	1.2	1	1.3	1.6	2.4	2.5	2.3	2.5	2.4	4.5	6.1	6.5	3.5	2.7	3.8	3.2	5.3	3.5	3.7	3.5	2.8	2.4	1.6	2.1	1	0.8
	8	4.6	1.7	1.5	1.5	1.6	1.5	2.1	2.5	3	2.1	1.9	2	1	1.2	2.4	3.1	4.1	4.2	3.6	4.7	3.9	5	8.4	5.5	2.8	2.4	2.3	1.7	2.4	3.1	3.1	3.5	3.1	2.7	1.2	2	1.2	1.7
	9	5.4	1.4	1.5	1.1	1.6	1.7	2.6	2.3	2.7	2	1.5	1.7	2.1	1.8	2.3	3.2	4.5	3.3	2.6	1.9	1.6	1.9	6.6	7.8	4	4	4.8	3	3	3.1	2.8	4.1	3.6	2.5	2.3	1.7	1.5	1.4
	10	6.3	3.8	2.1	1.4	1.8	3.7	5	4.3	3.8	2.6	3.2	1.6	1.4	1.8	1.3	1.9	2.4	2.1	1.4	1.2	1.3	2.7	6.7	7.4	6.3	5.3	4	2.1	1.6	1.1	0.9	1.4	2.4	1.8	2.2	2.5	3.5	3.8
	11	9.6	1.8	0.7	1	1.2	1.6	2.8	5.5	6.3	8.2	7.3	4	2.6	1.7	0.8	1.5	2.1	1.6	1.1	0.7	0.8	1.7	7.7	9.6	5.4	3.2	3.2	4.3	2.4	1.8	1.7	1.1	1	0.7	1.1	0.7	1.2	1.8
	12	7.4	1.1	0.7	0.4	0.7	1.6	2.2	3.4	5.8	5.4	4.4	3.1	1.2	0.6	1	0.9	1.7	1.2	1.3	0.7	1.2	2.3	7.8	10.9	6.4	5.3	5.3	8.5	8.7	2.5	1.2	1	0.2	0.5	0.3	0.3	0.3	1.1
FREQUENCY OF SPEED                                                              																																							
	Month	0	1	2	3	4	5	6	7	8	9	10	11	12	13	14	15	16	17	18	19	20	21	22	23	24	25												
	ALL	8.4	5.7	13.9	14.7	13	10.3	9	7.5	5.9	4	2.8	1.9	1.2	0.6	0.4	0.3	0.1	0.1	0	0	0	0	0	0	0	0												
	1	8.3	3.7	9.3	11.1	11.3	10.1	8.9	6.8	8.6	6.3	5.8	3.8	1.9	1.2	1.1	0.9	0.4	0.5	0.2	0	0	0	0	0	0	0												
	2	7.9	4.4	8.7	8.5	8.8	8.2	9.9	8.8	8.8	6.6	6	4.4	3.7	2.3	1.3	0.9	0.2	0.5	0.1	0	0.1	0	0	0	0	0												
	3	15	7.7	13.7	12.1	8.9	6.9	7.7	7.5	5.9	4.8	3.1	3	1.9	0.8	0.6	0.2	0	0.1	0	0	0	0	0	0	0	0												
	4	15.1	6.4	14.7	13.9	9.8	7.1	6.3	5.3	5.6	4.3	3.4	3	2.3	0.8	0.6	0.6	0.3	0.3	0.1	0.1	0.1	0	0	0	0	0
	5	9.5	7	15.8	15.2	12	10.3	9	7.1	5.7	4.7	2.2	1	0.5	0.1	0	0	0	0	0	0	0	0	0	0	0	0
	6	6.7	6.4	15	18.5	15.8	11.7	9.5	7.9	5.1	2.6	0.7	0.1	0	0	0	0	0	0	0	0	0	0	0	0	0	0
	7	5.6	4.3	14.8	18.8	17.2	12.9	8.6	8.9	4.1	2.1	1.7	0.7	0.3	0.1	0	0	0	0	0	0	0	0	0	0	0	0
	8	4.6	4.4	11.2	14.3	17	12.8	10.8	9	7.1	4.1	2.3	1.2	0.7	0.2	0.2	0.1	0	0	0	0	0	0	0	0	0	0
	9	5.4	4.8	14.7	17.7	13.9	12.8	9.6	8.4	5.7	3.6	1.8	0.9	0.5	0.2	0	0	0	0	0	0	0	0	0	0	0	0
	10	6.3	6.3	16.3	15.5	14.8	11.6	9.6	8.4	5.6	2.8	1.1	0.6	0.7	0.2	0	0	0	0	0	0	0	0	0	0	0	0
	11	9.6	7.5	17.5	14.6	14.2	10.4	8.7	5.1	3.8	2.6	2.6	1.6	0.9	0.6	0	0.2	0	0	0	0	0	0	0	0	0	0
	12	7.4	5.5	14.4	14.2	11.4	8.1	9.2	7.2	5.6	4	3.8	3.9	2.3	1.4	0.8	0.5	0.1	0.1	0.1	0	0.1	0	0	0	0	0
PERCENT OF POWER BY SPEED                                                       																											
	Month	0	1	2	3	4	5	6	7	8	9	10	11	12	13	14	15	16	17	18	19	20	21	22	23	24	25
	ALL	0	0.1	0.6	1.9	3.6	5.4	8	10.3	11.9	11.6	10.9	10	8.4	5.2	3.8	3.3	1.2	1.9	0.8	0.4	0.7	0	0	0	0	0
	1	0	0	0.2	0.9	1.9	3.1	4.8	5.6	10.4	11	13.3	11.4	7.5	5.7	6.6	6.7	3.1	4.4	2.2	0.6	0.7	0	0	0	0	0
	2	0	0	0.2	0.6	1.3	2.2	4.6	6.3	9	9.8	12	11.5	12.8	9.8	6.8	5.7	1.1	4.6	0.5	0	1.3	0	0	0	0	0
	3	0	0.1	0.6	1.4	2.3	3.4	6.3	9.5	10.8	12.6	11	14.1	11.3	6.1	5.1	1.9	0.6	1.3	0.8	1	0	0	0	0	0	0
	4	0	0.1	0.5	1.4	2.1	3	4.5	5.9	9	10	10.7	12.2	12.1	4.9	4.8	6	3.4	3.9	1.9	1.5	1.9	0	0	0	0	0
	5	0	0.1	1	2.6	4.6	7.6	11.2	13.7	15.7	18.7	11.8	6.9	4.4	1.7	0	0	0	0	0	0	0	0	0	0	0	0
	6	0	0.1	1.3	4.4	8	11.3	15.7	20.2	19	13.8	5.1	0.7	0.4	0	0	0	0	0	0	0	0	0	0	0	0	0
	7	0	0.1	1.1	4	7.7	11.1	12.6	19.8	13.2	10.1	10.3	5.9	3	1.2	0	0	0	0	0	0	0	0	0	0	0	0
	8	0	0.1	0.6	2.1	5.4	7.8	11.1	14.3	16.6	13.5	10	7.1	5.4	2.1	2.2	1	0.6	0	0	0	0	0	0	0	0	0
	9	0	0.1	1	3.2	5.2	9.6	11.9	15.8	15.6	14.5	9.8	6.3	4.8	1.8	0.6	0	0	0	0	0	0	0	0	0	0	0
	10	0	0.1	1.1	3	6.2	9.1	12.7	17	16.4	11.8	6.3	4.9	7.2	2.8	0.7	0.8	0	0	0	0	0	0	0	0	0	0
	11	0	0.1	1.1	2.4	5.2	7.2	10.3	9.2	10	9.9	13.5	11	7.8	7.2	0.6	3.6	0	0.9	0	0	0	0	0	0	0	0
	12	0	0	0.5	1.4	2.4	3.3	6.1	7.3	8.4	8.5	11	14.8	11.5	8.5	6.2	4.3	0.9	1.1	1.2	0.7	1.8	0	0	0	0	0
PREVAILING DIRECTION BY HOUR                                                    																											
	Month	0	1	2	3	4	5	6	7	8	9	10	11	12	13	14	15	16	17	18	19	20	21	22	23		
	ALL	220	220	220	220	220	220	220	220	270	270	270	270	270	270	270	270	270	270	270	270	270	270	220	220		
	1	270	270	270	270	260	270	270	260	260	260	270	270	270	270	270	270	270	270	270	270	270	270	260	270		
	2	70	270	160	270	80	270	160	270	90	60	90	80	90	270	270	270	70	270	70	270	270	270	270	70		
	3	220	220	220	270	270	220	220	220	220	220	80	80	360	90	270	360	80	100	360	90	90	220	210	220		
	4	220	270	270	270	270	260	260	220	260	260	270	270	270	270	280	280	270	270	270	270	270	270	270	220		
	5	260	270	270	270	270	270	260	270	270	270	270	270	270	280	270	280	280	290	280	270	280	270	270	270		
	6	220	220	220	230	230	230	270	280	280	280	280	280	290	40	60	50	50	310	330	50	290	280	270	280
	7	210	220	210	220	220	210	220	270	210	280	200	20	50	60	50	50	60	20	60	30	300	290	210	210
	8	210	210	210	210	210	220	210	210	200	210	180	290	150	60	10	150	160	60	60	200	70	210	210	210
	9	220	220	210	220	230	220	220	210	220	210	250	280	280	160	30	70	50	300	60	300	160	210	220	220
	10	220	220	210	220	220	240	230	220	210	210	210	220	220	270	40	70	40	70	50	210	230	210	220	220
	11	220	80	220	220	80	220	220	210	80	210	70	70	90	220	80	60	90	90	90	80	90	220	220	210
	12	270	230	220	220	210	210	220	220	210	220	210	260	220	270	260	220	220	250	220	220	220	270	220	270
SPEED FOR PREVAILING DIRECTION BY HOUR                                          																									
	Month	0	1	2	3	4	5	6	7	8	9	10	11	12	13	14	15	16	17	18	19	20	21	22	23
	ALL	3.3	3.37	3.61	3.39	3.23	3.23	3.33	3.43	7.37	7.41	7.57	8.05	8.09	7.68	7.34	7.19	7.64	7.06	7.32	6.61	6.55	6.36	3.52	3.39
	1	7.92	8.41	7.95	8.78	6.91	7.88	8.79	6.79	6.02	7.42	7.74	7.34	7.67	8.53	7.94	7.42	8.42	6.88	8.21	7.65	7.13	8.05	7.6	8.95
	2	7.66	8.08	9.41	8.07	6.19	7.58	9.15	7.72	9.9	6.08	9.7	9.03	10.16	7.86	6.68	8.07	7.5	9.26	6.18	7.64	7.38	7.55	7.11	7.66
	3	3.9	2.98	3.5	7.9	6.85	2.82	3.35	3.4	2.71	2.96	5.14	7.86	7.08	8.99	5.67	8.42	6.46	7.08	6.21	6.99	6.62	2.84	3.44	3.19
	4	3.46	7.68	8.09	8.79	9.27	6.97	6.12	2.76	7.87	8.34	9.05	10.55	10.9	8.86	7.48	6.88	7.31	7.43	6.98	6.72	6.45	6.8	6.55	3.79
	5	5.75	5.95	7.42	7.39	6.36	6.29	5.9	6.1	7.19	7.52	7.2	8.31	7.25	5.66	8.06	6.58	6.33	5.92	6.18	6.17	5.27	5.89	5.75	6.76
	6	2.81	2.68	3.15	2.69	2.61	2.81	5.4	6.17	6.23	6.78	7.31	6.95	6.42	3.8	5.08	4.16	3.78	7.09	4.34	3.22	5.56	6.06	5.45	6.3
	7	3.51	3.9	3.61	3.24	3.25	3.43	2.64	6.59	4.46	6.49	5.59	2.85	4.17	5.56	4.53	4.49	4.1	5.1	3.78	3.35	5.66	5.07	3.77	3.27
	8	4.01	4.35	4.24	3.75	4.33	3.53	3.79	4.04	3.75	4.67	5.97	5.32	8.69	4.89	5.43	6.97	9.47	4.33	3.39	5.96	5.09	3.9	4.09	4.35
	9	2.99	3.45	3.51	3.64	3.04	3.69	3.14	3.15	3.1	3.79	5.07	4.75	6.39	5.9	3.67	3.69	4.25	5.81	3.29	6.24	4.99	4.15	3.38	3.89
	10	3.38	2.79	3.78	3.47	3.71	3.9	3.56	3.25	3.72	3.42	3.21	3.46	2.73	5.29	5.21	4.57	4.34	6.35	7.45	3.03	3.41	3.04	3.6	3.65
	11	3.01	6.46	3.21	3.28	6.73	3.04	3	2.95	6.22	3.49	5.79	6.27	6.8	2.44	6.72	5.21	5.37	7.06	6.74	6.7	7.7	3.43	2.89	3.25
	12	6.93	2.95	3.99	2.88	2.63	3.69	3.43	3.84	3.67	3.35	3.32	7.49	3.49	8.91	7.33	3.18	3.04	4.82	3.27	2.89	2.81	5.89	3.34	7.88
