ELMENDORF AFB     & AK - 702720                                                 														
 61 deg    15' N  149 deg    48' W - Elev   65m   LST=GMT+99 hours   *NT=-10    														
 01/73-08/02                                                                    							Adjusted to Alaska Timezone (GMT-9)							
SPEED BY YEAR                                                                   														
	Year	ALL	JAN	FEB	MAR	APR	MAY	JUN	JUL	AUG	SEP	OCT	NOV	DEC
	ALL	2.3	2.3	2.35	2.41	2.34	2.51	2.52	2.24	2.06	2.16	2.24	2.19	2.27
	1973	1.83	1.85	1.25	1.76	2.11	2.44	2.53	2.24	2.03	1.22	1.29	1.36	1.75
	1974	2	1.9	2.24	2.02	1.96	2.12	2.63	2.09	1.8	1.45	2.49	1.77	1.5
	1975	1.76	2.07	2.21	1.68	1.77	2.04	2.47	1.59	1.23	1.49	1.47	1.16	1.98
	1976	2.12	1.56	1.72	1.95	1.25	2.32	2.96	2.64	1.97	1.96	2.2	2.57	2.33
	1977	1.97	2.08	1.56	2.42	3.05	2.2	2.45	2.47	1.15	1.97	1.83	1.33	1.12
	1978	1.79	1.22	2.2	1.38	1.68	2.01	2.14	1.45	1.79	1.48	2.13	1.82	2.27
	1979	2.03	2.04	2.64	1.72	1.61	2.01	2.07	2.04	1.5	2.01	1.87	2.83	2.06
	1980	2.03	3	2.18	1.63	1.95	2.39	2.18	2.03	2.07	1.65	1.99	1.47	1.77
	1981	2.18	2.19	2.14	2.43	2.59	2.4	2.88	2.37	2.05	1.77	1.66	2	1.74
	1982	2.08	1.76	2.81	2.15	2.16	1.99	2.14	2.29	1.76	2.33	2.23	1.36	2.01
	1983	1.67	1.83	1.14	1.38	1.8	1.9	1.88	1.65	2.01	1.91	2.35	1.42	0.69
	1984	1.47	1.49	1.89	1.05	1.44	1.54	1.8	1.5	1.69	1.06	1.38	1.35	1.41
	1985	1.57	1.7	1.81	1.59	1.48	2.38	1.71	1.38	1.49	1.65	1.21	1.27	1.17
	1986	1.66	1.61	1.75	1.7	2.1	1.83	2.03	1.75	1.38	1.41	0.95	1.58	1.82
	1987	1.84	2.23	2.6	1.72	2.03	2.04	1.77	1.75	1.55	1.8	1.86	1.66	1.2
	1988	1.79	0.95	2.04	1.88	2.28	2.15	2.2	1.71	1.7	1.46	1.71	1.36	2.06
	1989	1.58	1.66	0.81	1.79	1.23	1.37	1.7	1.43	1.53	1.88	1.92	2.05	1.59
	1990	1.42	1.34	1.1	1.4	1.14	1.55	1.7	1.72	1.4	1.83	1.14	1.68	1.08
	1991	1.84	1.82	1.44	1.65	1.65	2.15	2.2	1.98	1.63	1.72	1.61	1.93	2.25
	1992	2.22	1.41	1.55	1.8	1.89	2.43	1.86	1.41	1.53	3.4	2.87	3.31	3.12
	1993	3.19	3.17	2.87	3.2	2.69	3	3.36	3.09	2.96	3.78	3.25	3.49	3.39
	1994	3.26	3.14	4.31	3.86	3.08	3.1	3.1	3.04	3.07	2.62	2.97	3.41	3.41
	1995	3.08	2.82	3.68	3.79	2.9	3.22	3.12	2.81	2.59	2.4	2.74	3.36	3.49
	1996	3.34	2.97	3.6	3.96	3.73	3.41	3.62	2.98	2.98	3.21	3.34	3.03	3.29
	1997	3.28	3.47	3.02	4.23	3.38	3.45	3.17	2.92	2.79	2.64	3.23	3.06	4
	1998	3.21	3.46	3.12	3.3	3.46	3.66	3.22	2.87	3.13	3.33	3.08	2.7	3.25
	1999	3.56	3.97	2.94	3.45	3.55	3.74	3.33	3.4	3	3.69	4.11	3.36	4.18
	2000	3.48	3.87	3.35	3.89	3.56	4.05	3.82	3.3	3.18	3.26	3.12	3.27	3.28
	2001	3.4	3.56	3.36	4.44	3.61	3.82	3.52	3.02	2.8	2.8	3.55	2.99	3.34
	2002	3.24	3.23	3.52	3.58	3.64	3.21	2.69	3	2.85	-1	-1	-1	-1
POWER BY YEAR                                                                   														
	Year	ALL	JAN	FEB	MAR	APR	MAY	JUN	JUL	AUG	SEP	OCT	NOV	DEC
	ALL	29	35	47	39	28	28	25	19	18	24	27	28	31
	1973	18	28	11	23	19	27	25	19	18	5	12	9	17
	1974	29	69	21	36	24	18	29	16	13	10	71	23	16
	1975	19	27	42	21	15	19	23	10	5	10	15	6	34
	1976	22	23	13	25	10	21	31	23	12	15	28	39	27
	1977	22	24	18	29	48	20	22	32	6	23	17	8	16
	1978	22	12	29	10	14	19	24	9	29	10	29	46	30
	1979	35	30	166	17	10	15	18	19	7	16	24	58	45
	1980	27	123	31	11	18	26	17	15	18	11	24	12	11
	1981	24	24	22	31	33	24	37	21	16	13	20	29	21
	1982	30	31	133	24	24	16	22	23	11	33	21	12	25
	1983	15	24	4	7	16	17	14	10	20	23	28	11	2
	1984	10	12	19	5	8	9	9	7	15	5	8	8	15
	1985	15	15	31	15	10	29	13	6	16	16	6	15	9
	1986	15	16	23	14	23	14	17	12	8	9	11	19	15
	1987	21	31	60	17	19	17	13	10	12	21	22	19	11
	1988	18	11	37	17	24	19	17	11	12	12	14	12	26
	1989	21	34	14	67	7	7	12	7	9	15	16	39	18
	1990	11	9	8	9	6	10	9	11	11	17	10	27	7
	1991	17	24	9	19	11	20	17	15	10	11	11	22	35
	1992	25	10	19	15	15	32	14	8	11	48	26	50	57
	1993	45	43	58	41	23	28	38	31	28	86	52	59	55
	1994	54	45	219	68	35	32	34	32	37	20	29	51	47
	1995	40	24	100	71	28	38	31	23	18	17	24	53	52
	1996	52	28	55	108	98	49	51	28	29	64	50	26	45
	1997	47	54	32	130	46	44	32	23	22	22	38	39	77
	1998	39	43	31	41	51	60	32	24	43	52	33	20	43
	1999	51	78	29	59	47	56	36	37	24	53	78	34	84
	2000	47	69	56	60	41	61	46	31	39	46	34	43	42
	2001	50	52	67	135	54	68	40	24	22	28	51	24	39
	2002	44	39	63	55	64	49	21	27	23	-1	-1	-1	-1
NUMBER OF SPEED OBSERVATIONS BY YEAR                                            														
	Year	ALL	JAN	FEB	MAR	APR	MAY	JUN	JUL	AUG	SEP	OCT	NOV	DEC
	ALL	253431	21945	19892	21812	21070	21752	20914	21675	21389	20335	21055	20430	21162
	1973	8339	729	628	711	684	713	681	718	715	692	720	631	717
	1974	8459	707	654	716	682	725	701	730	712	700	717	695	720
	1975	8528	719	642	712	696	704	705	721	726	714	740	713	736
	1976	8744	741	693	742	716	732	715	744	743	719	743	718	738
	1977	8711	742	672	741	719	741	716	736	741	718	738	707	740
	1978	8730	742	671	741	717	743	718	737	742	719	741	718	741
	1979	8606	741	669	727	715	733	707	727	709	704	734	704	736
	1980	8843	805	696	744	720	744	720	744	744	720	744	718	744
	1981	8760	744	672	744	720	744	720	744	744	720	744	720	744
	1982	8759	743	672	744	720	744	719	744	744	720	744	721	744
	1983	8765	744	672	744	722	744	720	744	744	720	744	721	746
	1984	8789	745	696	745	721	744	720	744	744	720	744	720	746
	1985	8762	744	672	744	721	744	720	744	744	721	744	720	744
	1986	8765	744	673	744	720	744	720	745	744	720	745	720	746
	1987	8765	744	672	744	720	744	720	744	744	722	745	721	745
	1988	8740	742	694	743	717	740	716	740	744	713	733	716	742
	1989	8763	744	673	744	719	744	720	744	745	720	744	720	746
	1990	8763	745	673	744	720	745	720	744	744	720	744	720	744
	1991	8763	744	674	744	720	744	720	744	744	720	744	720	745
	1992	8784	745	696	744	720	744	720	742	744	719	744	721	745
	1993	8317	722	660	721	671	695	642	703	703	691	712	690	707
	1994	8246	706	661	712	686	716	668	678	655	673	667	703	721
	1995	8331	716	648	713	681	707	691	701	680	665	703	701	725
	1996	8482	730	651	705	694	721	676	700	705	696	728	735	741
	1997	8536	736	649	729	653	727	715	717	730	696	756	718	710
	1998	8338	677	658	714	709	700	691	727	684	687	727	712	652
	1999	7556	706	667	721	709	716	656	642	554	502	545	546	592
	2000	7649	629	500	581	573	605	555	655	711	708	703	691	738
	2001	8627	743	680	716	705	735	699	742	736	696	718	690	767
	2002	5211	726	654	738	700	670	623	630	470	0	0	0	0
NUMBER OF SPEED OBSERVATIONS BY HOUR                                            														
	Hour	ALL	JAN	FEB	MAR	APR	MAY	JUN	JUL	AUG	SEP	OCT	NOV	DEC
	0	10592	920	836	916	880	899	875	910	897	843	879	855	882
	1	10560	914	827	916	881	906	878	905	880	845	872	851	885
	2	10586	912	829	905	883	904	880	916	885	854	885	851	882
	3	10512	913	829	897	856	899	869	895	893	849	879	850	883
	4	10602	920	834	915	881	907	871	901	906	847	879	853	888
	5	10599	923	834	914	886	907	874	899	888	857	880	851	886
	6	10554	915	835	916	876	910	862	885	890	855	876	863	871
	7	10584	926	834	914	888	901	870	893	892	857	886	850	873
	8	10562	912	836	911	877	898	870	896	898	847	876	854	887
	9	10506	910	835	895	882	901	867	889	881	843	874	851	878
	10	10489	916	830	902	861	893	858	894	885	841	875	849	885
	11	10513	914	816	905	876	899	860	913	877	854	872	845	882
	12	10538	922	815	904	879	909	869	902	885	844	875	845	889
	13	10559	910	836	903	883	905	869	902	888	843	874	858	888
	14	10586	910	827	914	880	916	873	902	903	837	888	849	887
	15	10458	906	821	900	876	901	856	894	882	835	870	845	872
	16	10571	900	829	912	878	921	875	903	895	848	877	851	882
	17	10579	911	825	920	878	916	869	905	899	853	878	851	874
	18	10576	913	821	909	878	904	877	912	903	850	880	843	886
	19	10575	906	837	912	883	916	881	915	893	843	871	848	870
	20	10626	921	825	912	879	910	884	916	906	854	876	860	883
	21	10565	914	824	902	875	914	875	914	891	846	872	853	885
	22	10559	915	828	907	873	909	877	908	889	838	879	851	885
	23	10580	922	829	911	881	907	875	906	883	852	882	853	879

SPEED BY HOUR                                                                   														
	Hour	ALL	JAN	FEB	MAR	APR	MAY	JUN	JUL	AUG	SEP	OCT	NOV	DEC
	0	2.05	2.35	2.37	2.33	1.94	1.8	1.86	1.66	1.64	1.94	2.23	2.27	2.23
	1	2.06	2.35	2.25	2.35	1.94	1.86	1.92	1.73	1.66	1.96	2.17	2.16	2.34
	2	2.05	2.32	2.23	2.36	1.96	1.87	1.83	1.73	1.68	1.92	2.14	2.2	2.37
	3	1.99	2.29	2.22	2.34	1.87	1.7	1.73	1.61	1.61	1.94	2.12	2.18	2.32
	4	1.97	2.31	2.24	2.3	1.92	1.63	1.62	1.5	1.63	1.96	2.21	2.19	2.2
	5	1.91	2.21	2.25	2.25	1.8	1.52	1.49	1.44	1.52	1.9	2.1	2.24	2.23
	6	1.92	2.21	2.27	2.29	1.78	1.54	1.54	1.53	1.51	1.86	2.09	2.17	2.25
	7	1.96	2.35	2.31	2.17	1.8	1.68	1.82	1.62	1.51	1.89	2.06	2.17	2.2
	8	2.03	2.28	2.31	2.18	1.87	1.86	2.01	1.8	1.66	1.9	2.1	2.14	2.21
	9	2.13	2.19	2.27	2.28	2.06	2.15	2.26	2	1.89	1.95	2.1	2.18	2.2
	10	2.26	2.23	2.32	2.32	2.34	2.33	2.46	2.2	2.08	2.19	2.22	2.19	2.22
	11	2.42	2.29	2.41	2.5	2.54	2.64	2.66	2.37	2.31	2.46	2.38	2.27	2.28
	12	2.54	2.31	2.43	2.61	2.72	3	2.85	2.49	2.44	2.55	2.41	2.27	2.32
	13	2.64	2.31	2.55	2.72	2.93	3.23	3.05	2.71	2.57	2.57	2.45	2.31	2.32
	14	2.77	2.31	2.66	2.8	3.15	3.47	3.27	2.97	2.75	2.64	2.55	2.31	2.28
	15	2.84	2.36	2.53	2.79	3.19	3.68	3.57	3.17	2.85	2.72	2.59	2.23	2.32
	16	2.84	2.26	2.51	2.76	3.18	3.88	3.68	3.23	2.9	2.6	2.47	2.17	2.32
	17	2.82	2.22	2.44	2.66	3.28	3.96	3.71	3.28	2.95	2.58	2.35	2.09	2.29
	18	2.7	2.23	2.24	2.46	3.08	3.81	3.69	3.2	2.74	2.42	2.14	2.09	2.28
	19	2.57	2.24	2.32	2.31	2.72	3.49	3.55	3.01	2.49	2.08	2.12	2.17	2.29
	20	2.37	2.31	2.25	2.21	2.25	2.94	3.18	2.72	2.09	1.89	2.17	2.17	2.27
	21	2.22	2.42	2.27	2.25	2.02	2.42	2.65	2.31	1.72	1.87	2.19	2.16	2.32
	22	2.07	2.36	2.33	2.22	1.91	1.95	2.14	1.87	1.59	1.93	2.11	2.18	2.25
	23	2.04	2.41	2.34	2.27	1.92	1.81	1.87	1.67	1.57	2.03	2.17	2.13	2.26

POWER BY HOUR                                                                   														
	Hour	ALL	JAN	FEB	MAR	APR	MAY	JUN	JUL	AUG	SEP	OCT	NOV	DEC
	0	25	39	43	35	23	16	14	10	12	23	26	30	30
	1	26	37	44	36	22	17	15	12	13	25	27	27	34
	2	25	35	37	35	22	17	12	11	14	22	26	30	33
	3	24	34	40	33	24	15	12	9	12	22	24	28	35
	4	23	35	38	31	20	14	10	8	13	22	27	30	30
	5	22	32	38	31	18	13	9	8	13	21	24	34	30
	6	22	30	43	32	16	12	9	9	13	20	24	27	33
	7	24	39	51	29	17	14	12	9	12	21	22	28	29
	8	23	35	43	29	20	15	13	10	13	21	24	27	29
	9	24	30	40	34	20	17	16	12	16	20	25	28	27
	10	26	35	42	39	25	20	18	14	18	25	26	25	29
	11	30	37	53	43	30	23	22	16	20	28	31	29	31
	12	32	39	54	43	30	33	25	18	22	29	30	31	32
	13	35	36	57	50	34	38	30	22	24	29	29	33	35
	14	37	35	60	51	39	44	35	28	26	30	32	32	32
	15	40	39	55	53	43	53	44	34	28	30	36	27	32
	16	40	33	54	49	43	59	49	37	28	30	34	29	35
	17	40	32	57	44	47	62	51	37	30	28	30	25	31
	18	37	33	52	41	42	56	49	37	25	26	25	27	31																									
	19	35	31	56	40	34	47	46	32	22	23	27	26	31																									
	20	30	32	46	40	27	34	36	26	17	20	27	25	29																									
	21	27	37	40	42	26	24	26	19	13	20	26	25	30																									
	22	25	34	42	36	23	19	18	13	12	21	24	25	31																									
	23	25	37	46	36	21	18	15	11	11	23	28	26	31																									

SPEED BY DIRECTION                                                              																																							
	Month	calm	0	10	20	30	40	50	60	70	80	90	100	110	120	130	140	150	160	170	180	190	200	210	220	230	240	250	260	270	280	290	300	310	320	330	340	350	360
	ALL	0	3.11	3.14	2.87	2.52	2.34	2.1	1.98	2.12	2.09	2.03	2.2	2.11	2.1	2.53	2.53	2.65	2.9	3.21	3.71	4.07	3.91	3.6	3.26	2.94	2.79	3	3.18	2.97	2.79	2.5	2.37	2.59	2.74	2.79	3.19	3.23	3.11
	1	0	3.5	3.6	3.3	2.7	2.5	2.3	2.1	2.3	2.3	2.2	2.4	2.4	2.3	2.6	3.2	2.5	3	3.5	4.1	4.7	4.8	3.9	3.7	3.5	2.8	2.6	2.6	2.8	2.7	2.2	2.9	3.3	3.3	3.3	3.9	3.8	3.5
	2	0	3.5	3.6	3.4	3.2	2.9	2.1	2	2.1	2	2	2.2	2.1	2.3	2.7	2.4	2.6	2.7	3	3.3	4.1	3.9	3.9	3.3	3	2.7	2.2	2.6	2.7	2.6	2.4	2.2	2.9	2.9	3.4	3.8	3.8	3.5
	3	0	3.6	3.6	3.3	2.9	2.5	2.2	2	2	2.1	2.1	2.2	1.9	1.9	2.5	2.5	2.7	2.7	2.7	3.5	4	4.2	3.9	3.1	2.7	2.2	2.4	2.5	2.3	2.3	2.5	2.5	2.6	3	3.2	3.7	3.7	3.6
	4	0	3.1	3.1	2.8	2.6	2.5	2.1	2	2.1	2.3	2.3	2.7	2.5	2.5	3	3.2	3.2	3	3.4	3.7	3.9	3.4	2.8	2.7	2.6	2.8	2.8	3	2.9	2.7	2.4	2.7	2.9	2.9	2.8	3.1	3.2	3.1
	5	0	2.5	2.5	2.5	2.2	2.1	2	1.9	2.1	2.3	2.2	2.5	2.6	2.7	3	2.7	3.1	3.3	3.7	3.7	4	3.9	3.4	3.2	3.1	3.1	3.3	3.6	3.2	3	2.7	2.6	2.6	2.6	2.5	2.6	2.6	2.5
	6	0	2.2	2.4	2.2	2.1	1.9	1.9	1.8	1.8	2	2	2.2	2.1	2	2.3	2.2	2.5	2.9	3.1	3.4	3.7	3.5	3.5	3.3	3.2	3	3.3	3.4	3.3	3.1	2.7	2.2	2.2	2.3	2.4	2.5	2.4	2.2
	7	0	2.2	2.1	2	1.9	1.8	1.8	1.7	1.7	1.7	1.8	1.9	2	1.7	2	1.8	2.1	2.7	2.6	2.9	3.4	3.3	3.2	3.3	2.9	2.8	3.1	3.2	3	2.9	2.5	2.1	2.3	2.2	2.3	2.4	2.3	2.2
	8	0	2.3	2.3	2.1	2	1.9	1.8	1.7	1.8	1.9	1.7	2	1.8	1.7	2	2.2	2.3	2.6	2.7	3.2	3.8	3.7	3.8	3.5	2.9	2.7	2.9	2.9	2.8	2.5	2.3	2.1	2.2	2.4	2.4	2.6	2.4	2.3
	9	0	2.7	2.6	2.3	2.1	2.1	1.9	1.8	1.9	1.7	1.9	2.1	1.8	1.9	2.4	2.5	2.6	3	3.4	4.1	4.3	4.2	3.7	3.2	2.7	2.4	2.4	2.6	2.4	2.3	2.1	2.2	2.5	2.9	2.7	3	3	2.7
	10	0	3.4	3.1	2.8	2.3	2.2	2.1	2	2	2	1.9	1.8	1.9	2	2.2	2.4	2.7	2.7	3.3	3.9	4.2	4.3	4.2	3.2	2.6	2.4	2.2	2.1	2.1	2.3	2.7	2.4	2.9	3	3.1	3.5	3.5	3.4
	11	0	3.5	3.2	2.8	2.4	2.3	2.1	2	2.2	2	1.9	2	1.9	1.8	2.4	2.9	3.2	3	3.4	4.5	4.9	4.5	4	3	2.3	2.2	2.4	2.6	2.4	2.6	2.4	2.9	3.1	3.5	3.6	4	3.9	3.5
	12	0	3.8	3.5	3.1	2.6	2.4	2.3	2.1	2.3	2.2	2.1	2.3	2.3	2.1	3.2	2.6	2.4	3	3.5	4.1	4.5	4.6	4.2	3.7	3.1	2.5	2.9	2.4	2.4	2.2	2.6	2.7	3.1	3.6	3.4	3.9	3.9	3.8
FREQUENCY BY DIRECTION                                                          																																							
	Month	calm	0	10	20	30	40	50	60	70	80	90	100	110	120	130	140	150	160	170	180	190	200	210	220	230	240	250	260	270	280	290	300	310	320	330	340	350	360
	ALL	21.22	6.4	5.71	6.26	8.61	6.19	5.92	5.45	3.02	1.83	1.33	0.74	0.54	0.59	0.5	0.56	0.8	0.78	1.06	1.85	2.09	2.26	2.2	1.48	1.44	2.04	2.69	3.5	4.57	2.6	1.52	1.6	1.32	1.72	2.82	3.52	4.49	6.4
	1	23.4	5.5	6.4	8	12.7	9.5	9.7	10.3	6.2	3.8	2.5	1	0.6	0.7	0.5	0.6	0.6	0.4	0.8	1.4	1.3	1.5	1.3	0.7	0.6	0.7	0.6	0.4	0.7	0.4	0.5	0.7	0.6	0.9	1.7	2.6	3.5	5.5
	2	23.8	6.7	7.3	9.4	13.1	9.2	9	8.4	4.5	2.6	1.9	0.9	0.6	0.6	0.6	0.6	0.7	0.6	0.8	1.1	1.2	1.3	1.3	0.8	0.7	0.9	0.7	0.6	0.8	0.6	0.6	0.7	0.7	1	2.1	3	4.4	6.7
	3	23.2	8.9	9.8	9.7	12	6.9	5.7	5.2	2.7	1.5	1.1	0.6	0.4	0.5	0.4	0.4	0.5	0.5	0.9	1.4	1.6	2	1.8	1.1	1.1	1.3	1.6	1.5	1.9	1.3	0.8	1	1.1	1.5	2.5	3.6	5.5	8.9
	4	21.4	8.2	6.5	6.3	6.7	4	3.6	3	1.6	1.1	0.8	0.6	0.5	0.5	0.5	0.5	0.8	0.7	0.9	1.5	1.8	2	1.7	1.3	1.5	2.7	3.7	4.1	5.6	3.4	2	2.3	2.1	2.5	4	4.8	6	8.2
	5	17.1	4.2	2.7	3.1	3.8	2.6	2.9	2.6	1.5	0.9	0.9	0.8	0.5	0.6	0.6	0.8	1.1	1.1	1.5	2.5	3	3.3	3.5	2.4	2.9	4.1	5.5	7.1	9	5.1	2.4	2.7	2	2.4	3.4	3.3	3.5	4.2
	6	15.1	3.6	2.4	2.2	3.1	2.3	2.3	2	1	0.8	0.7	0.5	0.7	0.6	0.5	0.6	1	1	1.1	2.2	2.7	3.6	4.3	2.9	2.9	4.2	6.3	9.1	11.6	5.7	3.2	2.6	1.5	1.9	3	2.9	2.8	3.6
	7	18.1	4.2	2.9	2.7	3.8	2.9	2.3	2	1	0.8	0.5	0.4	0.5	0.5	0.5	0.5	0.8	0.8	1.1	1.7	2.1	3.1	3.6	2.7	2.5	4	6.2	8.7	11.2	6.1	3.2	2.7	1.9	2.3	3.2	3.3	3.5	4.2
	8	22	6	4.2	4.3	6.3	4.5	4	3.3	1.6	0.9	0.8	0.6	0.5	0.5	0.4	0.5	0.9	0.9	1.2	2.1	2.8	2.6	2.6	2	1.9	2.7	3.8	5.5	7.4	4	2.2	2.3	1.9	2.3	3.7	4.4	4.7	6
	9	21.4	7.6	5.2	5	7.4	6.3	5.8	4.4	2.1	1.5	1.2	0.7	0.5	0.7	0.6	0.8	1.1	1.2	1.6	3.1	3	2.5	2.3	1.5	1.2	1.4	1.7	2	2.9	2.1	1.4	2	1.8	2.4	4.5	4.9	6.1	7.6
	10	22.9	9.3	8.4	8.7	11.1	7.8	7.2	6.2	3.3	1.8	1.4	0.7	0.5	0.6	0.5	0.6	0.9	0.8	1.1	2	2.1	2	1.5	0.9	0.7	0.7	0.4	0.6	0.8	0.6	0.7	0.8	0.8	1.5	2.5	4.1	6.3	9.3
	11	23.1	6.8	7	8.6	13.1	9.5	10.1	9.3	5.4	3.5	2.2	1.1	0.5	0.5	0.4	0.4	0.5	0.7	0.9	1.6	1.6	1.3	0.9	0.5	0.4	0.4	0.4	0.4	0.4	0.4	0.5	0.6	0.6	0.9	1.7	3	4.2	6.8
	12	23.4	6.5	6.7	8.1	11.9	10	9.8	10	6.1	3.3	2.4	1.1	0.8	0.7	0.5	0.5	0.7	0.6	0.8	1.5	1.7	1.6	1.2	0.6	0.4	0.5	0.4	0.5	0.6	0.4	0.4	0.5	0.6	0.9	1.6	2.6	3.7	6.5
FREQUENCY OF SPEED                                                              																																							
	Month	0	1	2	3	4	5	6	7	8	9	10	11	12	13	14	15	16	17	18	19	20	21	22	23	24	25												
	ALL	21.2	21.7	22.4	16.3	9.4	4.6	2.1	1.1	0.5	0.3	0.2	0.1	0.1	0	0	0	0	0	0	0	0	0	0	0	0	0												
	1	23.4	21.6	20.7	15.2	9	4.5	2.3	1.4	0.6	0.4	0.4	0.2	0.1	0	0.1	0	0	0	0	0	0	0	0	0	0	0												
	2	23.8	22.5	19.7	14.9	8.4	4.3	2.3	1.3	0.7	0.5	0.5	0.3	0.3	0.2	0.1	0.1	0	0	0	0	0	0	0	0	0	0												
	3	23.2	20.3	19.8	15.4	9.8	5.3	2.6	1.6	0.6	0.5	0.4	0.3	0.1	0.1	0	0.1	0	0	0	0	0	0	0	0	0	0												
	4	21.4	20.1	21.6	16.8	10.5	5.5	2.2	1.1	0.4	0.1	0.1	0.1	0	0	0	0	0	0	0	0	0	0	0	0	0	0												
	5	17.1	19.9	22.8	17.6	11.9	6.2	2.7	1.1	0.4	0.2	0.1	0.1	0	0	0	0	0	0	0	0	0	0	0	0	0	0												
	6	15.1	19.8	23.7	19.6	12.7	5.6	2.1	0.9	0.3	0.1	0	0	0	0	0	0	0	0	0	0	0	0	0	0	0	0												
	7	18.1	22	25.6	18.2	10	4	1.4	0.4	0.1	0.1	0	0	0	0	0	0	0	0	0	0	0	0	0	0	0	0												
	8	22	23.9	25.2	15.6	8	3.1	1.3	0.5	0.2	0.1	0.1	0	0	0	0	0	0	0	0	0	0	0	0	0	0	0												
	9	21.4	24.6	24.1	14.5	7.7	3.8	1.7	1	0.6	0.3	0.1	0.1	0	0	0	0	0	0	0	0	0	0	0	0	0	0
	10	22.9	21.5	22.3	15.8	8.4	4.5	2.3	1.2	0.6	0.3	0.2	0.1	0	0	0	0	0	0	0	0	0	0	0	0	0	0
	11	23.1	23	22	15.3	7.7	4	2	1.3	0.6	0.4	0.2	0.1	0	0	0	0	0	0	0	0	0	0	0	0	0	0
	12	23.4	20.8	21.4	16.1	9	4.1	2.2	1.3	0.8	0.4	0.3	0.1	0.1	0	0	0	0	0	0	0	0	0	0	0	0	0
PERCENT OF POWER BY SPEED                                                       																											
	Month	0	1	2	3	4	5	6	7	8	9	10	11	12	13	14	15	16	17	18	19	20	21	22	23	24	25
	ALL	0	1	5.9	12.6	16.1	14.5	11.4	9.7	6.4	5	4.8	3.5	2.7	2.2	1.6	1.4	0.4	0.1	0.3	0.1	0.2	0	0	0	0	0
	1	0	0.8	4.6	10.3	13.1	12.2	10.9	10.3	6.6	6.8	7.1	5	4	2	3.1	2.8	0.4	0	0	0	0	0	0	0	0	0
	2	0	0.6	3.3	7.4	9.1	8.6	7.9	7.4	5.9	5.3	7.5	5.8	7.3	7.7	4.6	5.4	2.3	0.8	2.1	0.5	0.6	0	0	0	0	0
	3	0	0.7	4	9.1	12.8	12.9	10.9	10.8	6.3	6.6	7.9	6.8	3.5	2.8	1.3	3.4	0.3	0	0	0	0	0	0	0	0	0
	4	0	0.9	5.9	13.7	18.7	18.3	12.7	10	5	2.9	3.2	3	1.5	2.7	0.7	0	0	0	0	0	0.9	0	0	0	0	0
	5	0	0.9	6	13.6	20.3	20	14.7	9.8	5.6	3	2.4	2.1	0.8	0.5	0.3	0	0	0	0	0	0	0	0	0	0	0
	6	0	1	7.2	17.5	24.7	20.3	13	9.3	5	1.5	0.4	0	0	0	0	0	0	0	0	0	0	0	0	0	0	0
	7	0	1.5	10.3	21.3	25.6	19.2	11.5	5.8	2.4	1.5	0.7	0.2	0	0	0	0	0	0	0	0	0	0	0	0	0	0
	8	0	1.7	10.3	18.7	21.2	15.1	11.4	7.2	4.5	2.8	2.1	1.7	1	1.6	0.5	0	0	0	0	0	0	0	0	0	0	0
	9	0	1.3	7.4	12.9	15.3	14.3	11.1	10.7	8.7	6	3.6	3	2	0.6	2.7	0.5	0	0	0	0	0	0	0	0	0	0
	10	0	1	6.2	13.1	15.3	15.2	13.1	10.9	7.3	6.3	3.9	3.3	1.5	1.6	1.3	0	0	0	0	0	0	0	0	0	0	0
	11	0	1	6.2	12.8	14	13.3	11.6	12	8.5	7.1	6.2	2	1.8	1.3	1.4	0.4	0.5	0	0	0	0	0	0	0	0	0
	12	0	0.9	5.4	12.2	14.8	12.4	11.2	10.5	9.5	7.1	6.5	4.2	4	1.2	0.3	0	0	0	0	0	0	0	0	0	0	0
PREVAILING DIRECTION BY HOUR                                                    																											
	Month	0	1	2	3	4	5	6	7	8	9	10	11	12	13	14	15	16	17	18	19	20	21	22	23		
	ALL	30	30	30	30	30	30	30	30	30	30	30	360	30	30	270	270	270	270	270	270	30	30	30	30		
	1	50	30	60	60	30	30	60	50	60	30	30	30	30	30	30	30	30	30	30	30	60	30	30	30		
	2	50	50	30	30	30	30	30	30	60	30	30	30	30	30	30	30	30	30	20	30	30	30	30	30		
	3	30	30	30	30	30	30	30	30	30	30	30	30	10	30	30	10	30	30	20	30	30	30	30	30		
	4	50	30	30	30	10	30	50	30	30	10	360	360	360	360	270	270	270	270	270	270	270	30	40	360		
	5	30	30	50	30	40	50	60	360	350	360	270	270	270	270	270	270	270	270	260	270	270	270	200	20		
	6	200	210	200	50	50	50	210	200	270	270	270	270	270	270	270	270	270	270	270	270	270	270	270	270		
	7	40	210	40	40	40	30	50	40	270	270	270	270	270	270	270	270	260	270	270	270	270	270	270	270		
	8	30	30	30	50	50	40	40	60	30	360	360	360	270	260	270	270	270	270	270	270	270	270	30	40		
	9	40	40	40	50	50	40	50	40	30	30	360	360	360	360	360	350	360	270	270	270	30	30	40	40		
	10	30	30	30	30	30	30	60	30	30	30	30	30	30	360	360	360	360	30	20	360	360	30	30	40		
	11	30	50	30	30	50	60	30	30	30	30	30	30	30	30	30	30	30	30	30	30	30	30	30	30
	12	30	30	60	30	60	30	30	30	50	30	30	30	30	30	30	30	40	30	50	30	30	60	30	30
SPEED FOR PREVAILING DIRECTION BY HOUR                                          																									
	Month	0	1	2	3	4	5	6	7	8	9	10	11	12	13	14	15	16	17	18	19	20	21	22	23
	ALL	2.43	2.37	2.49	2.33	2.26	2.28	2.3	2.44	2.4	2.47	2.48	2.95	2.7	2.63	3.28	3.46	3.46	3.42	3.24	3.01	2.73	2.7	2.48	2.46
	1	2.32	2.75	2.29	2	2.8	2.3	1.92	2.13	2.21	2.69	2.58	2.77	2.56	2.26	2.52	2.46	2.62	2.48	2.48	2.94	1.89	2.75	2.98	2.76
	2	2.26	2.09	3.08	3.37	2.74	2.93	2.81	3.54	2.16	3.25	2.87	3.51	3.38	2.89	3.29	2.77	3.21	3.33	3.32	3.39	3.39	3.48	3.25	3.14
	3	2.87	2.78	3.22	2.39	2.35	2.55	2.49	2.37	2.41	2.54	2.46	2.88	3.61	3.25	3.14	3.71	3.29	3.38	3.53	3.27	3.37	3.29	3	3.05
	4	2.04	2.46	2.42	2.12	3.15	2.37	1.85	2.34	2.45	2.87	2.59	2.91	2.85	2.81	3.08	3.32	3.14	3.09	3.02	2.69	2.27	3.1	2.25	2.75
	5	1.78	2.12	1.9	1.79	1.93	1.88	1.64	2.31	2.21	2.27	2.35	2.91	3.19	3.37	3.52	3.8	3.95	3.98	4.25	3.49	3.06	2.36	3.61	1.97
	6	3.14	3.32	2.94	1.85	1.71	1.67	3.07	3.38	2.12	2.56	2.53	2.98	3.22	3.29	3.73	3.73	3.99	3.89	3.94	3.68	3.33	2.93	2.54	2.37
	7	1.64	2.8	1.62	1.68	1.71	1.63	1.7	1.85	2.33	2.21	2.42	2.86	2.91	3.37	3.31	3.58	3.81	3.59	3.46	3.17	2.78	2.43	2.08	2.18
	8	1.89	1.85	2.07	1.69	1.85	1.99	1.72	1.72	1.81	2.35	2.19	2.39	2.69	3.01	3.05	3.47	3.13	3.19	2.96	2.62	2.25	1.93	1.67	1.75
	9	1.88	2.16	1.99	1.83	1.91	1.95	1.89	2.23	2.26	1.84	2.24	2.55	2.76	2.9	2.61	2.85	2.4	2.59	2.44	2.2	2.12	2.16	2.06	2.12
	10	2.34	2.17	2.32	2.33	2.45	2.33	2.04	2.31	1.93	2.37	2.22	2.37	2.36	3.1	3.26	3.28	3.09	2.51	2.88	3.73	3.85	2.5	2.12	2.26
	11	2.39	2.19	2.52	2.29	1.96	2.16	2.37	2.42	2.39	2.46	2.48	2.56	2.34	2.53	2.52	2.34	2.17	2.27	2.27	2.44	2.35	2.33	2.33	2.4
	12	2.42	2.54	2.07	2.61	1.92	2.43	2.45	2.6	2.33	2.6	2.42	2.65	2.94	2.61	2.33	2.34	2.36	2.48	2.45	2.79	2.78	2.14	2.76	2.48
