EUREKA              AK - 702715                                                 														
 61 deg    56' N  147 deg    10' W - Elev 1002m   LST=GMT+99 hours   *NT=-10    														
 07/95-10/96 04/98-09/02                                                        							Adjusted to Alaska Timezone (GMT-9)							
SPEED BY YEAR                                                                   														
	Year	ALL	JAN	FEB	MAR	APR	MAY	JUN	JUL	AUG	SEP	OCT	NOV	DEC
	ALL	2.25	1.87	1.56	1.94	2.1	2.72	3.23	3.08	2.52	2.29	1.44	1.25	1.15
	1995	1.67	-1	-1	-1	-1	-1	-1	2.41	2.13	2.35	1.37	1.46	1.25
	1996	2.17	1.68	1.59	2.09	2.44	2.76	4.05	-1	-1	-1	3.1	-1	-1
	1998	2.34	-1	-1	-1	3.77	3.42	3.09	2.84	2.6	2.46	1.55	0.92	0.82
	1999	2.04	1.77	1.75	2.02	2.45	2.51	3.4	2.97	2.39	2.29	1.01	0.74	0.86
	2000	1.77	1.72	1.01	1.61	1.5	2.09	2.6	2.85	2.03	1.74	1.09	1.69	1.11
	2001	2.66	1.68	1.61	2.19	1.84	3.13	3.9	3.81	3.49	2.92	2.86	2.46	2.98
	2002	2.7	3.18	1.81	1.72	2.13	2.65	3.23	3.12	2.52	1.21	-1	-1	-1
POWER BY YEAR                                                                   														
	Year	ALL	JAN	FEB	MAR	APR	MAY	JUN	JUL	AUG	SEP	OCT	NOV	DEC
	ALL	24	20	19	19	21	30	38	35	26	22	11	14	13
	1995	17	-1	-1	-1	-1	-1	-1	18	16	26	11	18	12
	1996	22	9	19	17	24	31	89	-1	-1	-1	18	-1	-1
	1998	24	-1	-1	-1	47	43	32	24	27	24	13	12	6
	1999	22	19	21	20	29	27	41	33	21	23	7	8	16
	2000	19	19	18	24	11	21	23	32	20	17	8	18	11
	2001	28	26	19	20	15	29	48	45	35	22	20	17	32
	2002	31	37	20	17	24	29	40	38	29	3	-1	-1	-1
NUMBER OF SPEED OBSERVATIONS BY YEAR                                            														
	Year	ALL	JAN	FEB	MAR	APR	MAY	JUN	JUL	AUG	SEP	OCT	NOV	DEC
	ALL	44921	3129	3020	3425	3577	5593	4614	4909	5112	3172	3144	2500	2726
	1995	3197	0	0	0	0	0	0	116	251	689	723	703	715
	1996	3595	674	690	719	694	730	87	0	0	0	1	0	0
	1998	5331	0	0	0	56	742	716	720	709	684	692	469	543
	1999	8140	684	628	729	710	802	571	758	746	625	654	660	573
	2000	8183	724	535	567	700	720	714	727	735	718	712	597	734
	2001	6100	713	672	710	708	590	565	573	542	433	362	71	161
	2002	10375	334	495	700	709	2009	1961	2015	2129	23	0	0	0
NUMBER OF SPEED OBSERVATIONS BY HOUR                                            														
	Hour	ALL	JAN	FEB	MAR	APR	MAY	JUN	JUL	AUG	SEP	OCT	NOV	DEC
	0	1945	134	119	122	145	245	204	240	236	150	129	105	116
	1	1943	126	132	165	159	234	201	215	224	136	139	100	112
	2	1794	133	121	143	144	219	185	181	193	116	135	107	117
	3	1938	129	119	119	146	260	214	239	238	138	130	95	111
	4	1828	127	134	163	153	202	171	169	211	140	126	110	122
	5	1709	129	130	143	146	213	165	158	166	108	139	103	109
	6	1940	127	119	122	145	254	211	233	236	148	132	102	111
	7	1897	131	132	169	166	226	195	197	215	128	129	101	108
	8	1728	125	130	136	138	214	172	188	184	109	125	100	107
	9	1956	136	122	122	151	256	202	229	229	149	140	106	114
	10	1838	122	135	166	160	219	184	195	194	126	126	107	104
	11	1785	128	117	142	150	230	182	190	190	120	131	96	109
	12	1936	122	128	116	141	256	211	223	226	144	141	114	114
	13	1902	132	132	166	155	227	195	216	214	134	118	105	108
	14	1799	134	126	148	149	225	170	187	190	125	136	105	104
	15	1929	132	120	117	140	253	209	223	239	148	128	103	117
	16	1900	135	130	164	163	233	197	205	210	126	120	102	115
	17	1823	126	131	145	144	228	178	177	204	120	138	113	119
	18	1897	129	114	118	145	241	204	222	233	141	130	101	119
	19	1958	132	137	170	160	237	192	210	227	131	141	104	117
	20	1765	135	130	136	131	215	177	181	195	120	122	106	117
	21	1960	133	108	127	143	249	210	233	245	158	133	104	117
	22	1934	141	130	162	165	234	192	213	211	137	127	105	117
	23	1817	131	124	144	138	223	193	185	202	120	129	106	122

SPEED BY HOUR                                                                   														
	Hour	ALL	JAN	FEB	MAR	APR	MAY	JUN	JUL	AUG	SEP	OCT	NOV	DEC
	0	2.34	2.05	1.69	2.14	1.98	2.71	3.49	3.08	2.55	2.23	1.52	1.36	1.22
	1	2.25	1.87	1.48	1.91	1.94	2.54	3.41	3.19	2.63	2.18	1.46	1.32	1.23
	2	2.24	1.96	1.67	1.92	1.99	2.69	3.29	3.2	2.58	2.06	1.46	1.46	1.1
	3	2.22	1.87	1.67	1.74	1.85	2.51	3.26	3.23	2.4	1.9	1.41	1.38	1.12
	4	2.13	1.9	1.74	1.8	2.03	2.48	3.27	3.02	2.31	1.95	1.55	1.38	1.19
	5	2.06	1.8	1.64	1.8	1.97	2.55	3.15	2.78	2.19	1.9	1.32	1.29	1.3
	6	2.03	1.73	1.67	1.91	1.91	2.24	3.04	2.69	1.93	1.7	1.42	1.64	1.01
	7	1.97	1.75	1.6	2.08	2.01	2.21	2.95	2.52	1.74	1.64	1.38	1.43	1.2
	8	1.94	1.79	1.7	2.2	1.89	2.22	2.61	2.43	1.93	2.07	1.22	1.2	1.11
	9	1.9	1.78	1.63	1.9	1.84	2.2	2.64	2.19	1.84	1.98	1.23	1.21	1.28
	10	1.96	1.78	1.56	1.94	2.1	2.2	2.42	2.6	2.09	2.28	1.31	1.06	1.01
	11	2.13	1.87	1.59	2	2.04	2.75	2.82	2.47	2.29	2.39	1.61	1.11	1.15
	12	2.19	1.79	1.56	2.05	2.03	2.47	2.91	2.94	2.42	2.55	1.56	1.01	1.21
	13	2.3	1.92	1.45	1.92	2.28	2.9	3.09	2.92	2.68	3.06	1.47	1	1.04
	14	2.44	1.9	1.4	2.2	2.29	3.08	3.56	3.39	3.13	2.93	1.57	0.83	1.02
	15	2.5	1.86	1.39	2	2.62	3.09	3.3	3.44	3.07	2.85	1.42	1.04	1.12
	16	2.6	1.9	1.37	2.07	2.66	3.38	3.61	3.85	3.08	2.98	1.26	1.21	1.19
	17	2.45	1.81	1.33	1.89	2.61	3.49	3.67	3.37	2.99	2.78	1.34	1.06	0.95
	18	2.59	1.71	1.63	1.89	2.26	3.35	3.79	3.85	3.13	2.41	1.45	1.23	1.19
	19	2.43	1.88	1.41	1.68	2.2	3.21	3.69	3.53	2.96	2.23	1.63	1.32	1.2
	20	2.21	1.78	1.48	1.72	1.83	2.73	3.5	3.39	2.5	2.28	1.25	1.39	0.99
	21	2.34	2.02	1.69	1.93	1.91	2.68	3.33	3.23	2.63	2.26	1.56	1.42	1.17
	22	2.36	2.1	1.52	1.94	2.08	2.88	3.43	3.29	2.69	2.28	1.65	1.44	1.23
	23	2.29	1.94	1.66	2	1.98	2.79	3.22	3.18	2.66	2.19	1.58	1.34	1.25

POWER BY HOUR                                                                   														
	Hour	ALL	JAN	FEB	MAR	APR	MAY	JUN	JUL	AUG	SEP	OCT	NOV	DEC
	0	22	19	23	20	19	23	35	26	22	17	11	15	18
	1	21	17	15	15	15	24	34	31	24	17	10	17	19
	2	22	19	26	16	14	28	33	27	25	19	10	20	12
	3	21	15	20	16	13	24	34	31	22	15	11	22	9
	4	21	21	29	17	16	21	38	26	21	14	11	17	13
	5	20	17	25	19	16	25	34	27	17	13	7	17	18
	6	20	20	22	18	17	21	33	28	16	13	9	24	9
	7	20	15	21	22	20	22	30	25	17	11	10	18	16
	8	20	17	23	25	17	21	26	25	20	20	8	17	11
	9	18	24	16	19	20	21	25	19	15	17	10	17	13
	10	20	23	19	21	21	22	24	31	20	22	10	8	9
	11	24	19	19	20	22	32	29	30	29	29	15	13	10
	12	26	19	21	28	23	31	34	35	29	30	14	10	12
	13	28	24	18	25	30	37	36	36	36	36	13	11	11
	14	32	22	17	27	25	41	52	47	45	38	17	8	10
	15	30	20	13	21	34	37	45	48	35	37	12	9	10
	16	34	22	14	21	29	47	63	62	40	36	9	12	9
	17	31	20	10	20	31	48	59	55	37	33	11	7	6
	18	32	16	19	17	21	45	56	59	35	22	14	8	11
	19	27	23	15	15	26	42	50	41	31	18	12	11	10
	20	23	21	16	16	15	31	46	37	19	20	6	14	8
	21	21	21	20	17	17	22	33	30	21	19	10	15	16
	22	22	27	19	15	21	26	33	28	21	20	12	17	15
	23	22	22	25	19	16	27	30	27	24	16	12	16	26																									

SPEED BY DIRECTION                                                              																																							
	Month	calm	0	10	20	30	40	50	60	70	80	90	100	110	120	130	140	150	160	170	180	190	200	210	220	230	240	250	260	270	280	290	300	310	320	330	340	350	360
	ALL	0	3.37	3.22	2.56	2.87	3.06	2.84	2.88	3.06	3.34	3.25	3.02	2.82	2.72	2.98	3.15	3.76	4.59	4.24	3.64	2.73	2.79	3.22	3.68	4.01	4	4.04	3.82	3.2	2.73	2.66	2.64	3.02	2.78	3.49	3.52	3.32	3.37
	1	0	3.5	2.4	2.7	3	3.2	2.9	2.6	3.1	4.5	4.5	2.4	2.6	2.4	4.2	5.1	6	5.9	5	2.6	-1	3.8	-1	-1	3.8	4.1	3.3	3.5	2.8	2.4	2.4	1.8	2	1.5	2.6	2.1	-1	3.5
	2	0	4.8	3.8	3.1	3.3	3.2	2.6	2.5	2.8	3	2.9	4.5	2.4	3.3	2.8	4.3	4.3	6.2	4.4	5.7	4.1	2	7.5	-1	4.8	4.2	4.5	4.4	3.2	2.9	2.6	2.9	2.3	-1	3	4.4	2.3	4.8
	3	0	3.1	3.1	2.6	3	3.2	3	3.1	3	3.6	3.8	4.2	2.7	2.6	3	3.4	3.3	3.7	5.3	3.6	5.1	3.1	-1	2.6	3.8	3.3	4.1	3.9	2.8	2.6	2.2	1.9	1.7	1.5	3	3.3	3.5	3.1
	4	0	3.1	2.8	2.4	2.7	2.9	2.9	3	3.5	4.3	3.9	3.6	3.5	2.9	3.9	4	4.8	4.8	5	3.4	2.6	2.7	3.5	2.9	3.5	4.3	4	3.7	2.9	2.5	2.2	3.3	2.7	2.8	2.1	2.9	3.2	3.1
	5	0	3.5	3.4	2.6	2.8	3.3	3.3	3.5	3.4	3.5	3.6	3.9	3.3	3.2	3	3.1	3.9	4.3	4.7	4.1	3	2.7	2.7	3.4	3.5	3.7	3.9	3.7	3.3	2.6	2.8	2.9	3.2	3.1	3.9	4.3	3.4	3.5
	6	0	3.9	3.5	2.9	2.8	3	3.1	3.1	3	2.7	2.9	2.5	2.8	2.7	2.8	2.9	3.2	4.2	4.1	3.3	2.8	3	3.4	3.7	4.4	4.2	4.3	4.1	3.4	2.7	2.7	2.6	3.1	2.5	3.6	3.2	3.8	3.9
	7	0	3.6	3.3	2.6	2.8	2.8	3	2.6	3.2	3.1	3.1	2.7	2.7	2.6	2.6	2.5	2.8	2.4	2.5	3.1	3	3	3.3	4	4.2	4.1	4.1	3.9	3.4	3.3	3.2	2.6	3.7	2.9	4.1	3.3	2.6	3.6
	8	0	3	3.3	2.4	2.5	2.8	2.6	2.9	2.9	3.1	2.9	2.6	2.5	2.2	2.7	2.4	2.3	4	3	2.7	1.9	2.6	3.3	3.7	4.2	3.9	3.9	3.8	3.4	2.9	3	2.3	2.5	2.9	1.9	2.7	2.5	3
	9	0	2.5	3.6	2.4	2.7	2.7	3	3.2	3.3	3.9	3.8	3.1	2.9	2.7	3.1	3.3	3.9	5.2	5.6	3	2.8	2.4	2.8	4.2	3.6	3.6	3.6	3.3	2.9	2.5	2.3	2.5	3.1	1.6	2.3	2.7	2.5	2.5
	10	0	2.2	2.9	2.6	2.8	2.9	2.6	2.9	3	2.8	2.1	2	2.2	1.7	1.6	2.8	3	3.3	1.9	3.6	1.8	2.4	3.3	2.7	3.2	3.8	3.7	3.4	3	2.5	2	2.5	2.8	1.5	1.5	2.8	2.7	2.2
	11	0	4.2	3.3	2.2	2.8	3.1	2.7	2.6	2.3	2.4	2.1	2.1	2.6	3.3	4.4	4.5	5.5	5.7	3.8	2.1	-1	-1	1.5	-1	1.5	5.1	4.7	4	2.8	2.9	2.3	1.5	-1	1.5	2.1	-1	5.7	4.2
	12	0	5.5	3.2	2.8	2.9	3	2.7	2.6	2.5	2.5	2.3	2.3	2.2	4.1	2.5	3.5	4.4	6.3	5.7	5.7	5.1	-1	-1	2.1	-1	3.2	2.6	2.6	2.4	2.2	2	-1	3	2.5	-1	3.3	5	5.5
FREQUENCY BY DIRECTION                                                          																																							
	Month	calm	0	10	20	30	40	50	60	70	80	90	100	110	120	130	140	150	160	170	180	190	200	210	220	230	240	250	260	270	280	290	300	310	320	330	340	350	360
	ALL	33.14	2.15	3.58	3.72	7.66	8.7	6.54	3.53	2.35	1.97	1.66	1.15	0.96	0.93	0.93	0.9	1.06	1.14	0.72	0.41	0.33	0.34	0.55	1.26	3.04	6.87	11.8	12.03	6.1	3.36	1.19	0.44	0.26	0.28	0.37	0.72	1.04	2.15
	1	40.5	0.7	1.6	3.1	14.1	24.2	19.8	8.1	4	2.3	1.9	0.5	0.3	0.5	0.3	0.7	0.6	1.3	0.5	0.1	0	0.2	0	0	0.2	1	2.9	3.7	3.8	2.6	0.9	0.1	0.1	0.1	0.1	0.1	0	0.7
	2	51.8	0.7	2.7	3.9	14	21.5	18	7.7	3.4	2.1	0.9	0.7	0.5	0.3	0.4	0.7	1	0.8	0.5	0.2	0.1	0.1	0.3	0	0.7	1.4	3.2	5.1	3.4	3.3	1.3	0.5	0.1	0	0.1	0.2	0.1	0.7
	3	38	3.2	8	9.7	17.5	17.2	9.3	3.9	1.9	1.5	1.1	0.8	0.2	0.1	0.3	0.1	0.2	0.4	0.1	0	0	0.1	0	0.1	0.2	0.8	4.9	5.7	5.3	3.7	0.8	0.1	0.1	0	0.1	0.6	1.7	3.2
	4	34.1	4.6	7.4	7.5	10.9	8.4	5.4	2.8	1.7	1.7	1.5	1.2	0.5	0.7	0.8	0.8	1.5	1.5	0.6	0.2	0.2	0.3	0.4	0.7	1.4	4.5	6.8	8.2	6.1	5.3	1.7	0.3	0.3	0.3	0.4	1.1	2.2	4.6
	5	21.9	3.7	4.6	3	4.7	3.7	3.1	2.6	1.8	2	1.5	1.1	1.3	1.6	1.6	1.2	1.7	1.5	1.1	1.1	0.5	0.4	1	1.5	3.2	7.3	12.7	12	6.2	3.2	1.6	0.8	0.5	1	1.4	1.9	2.1	3.7
	6	13.6	1.4	1.7	1.8	2.1	2.2	1.7	1.3	1.4	1.5	1.6	1.6	1.3	1.4	1.5	1.2	1.5	1.9	1.5	0.8	0.5	0.5	0.8	2.4	4.4	11.1	21.5	16.6	6.8	2.8	0.8	0.5	0.3	0.3	0.4	0.8	0.6	1.4
	7	16.1	0.9	1.3	1.4	1.6	1.9	1.5	1.4	1.6	1.8	1.9	1.2	0.9	0.8	0.8	0.8	0.5	0.6	0.5	0.2	0.5	0.5	0.8	1.7	5.8	12.6	21.1	21.1	7.1	3.8	1.2	0.5	0.3	0.2	0.3	0.3	0.3	0.9
	8	25.6	1.9	2.6	2.5	3.8	3.1	2.3	2.2	1.6	1.7	1.7	0.8	1.1	1.2	0.7	1	0.9	0.8	0.6	0.4	0.5	0.4	0.9	2.5	5.2	11.1	14.3	18.4	8.6	3.3	1.5	0.4	0.2	0.1	0.1	0.8	1.1	1.9
	9	27.7	2.2	5.1	4	7.8	7.8	4.4	3.9	3.7	3	2.5	2.5	1.7	1.3	1.4	1.5	1.4	1.6	0.9	0.3	0.3	0.4	0.3	1.2	3.4	5	8.8	9	7.5	3.4	1.3	0.7	0.3	0.2	0.1	0.3	0.9	2.2
	10	49.6	1.5	3.3	5.8	15.1	15	11.4	5.7	4.7	2.5	1.6	0.9	0.9	0.6	0.7	0.5	0.8	0.1	0.2	0.1	0.1	0.3	0.1	0.3	1.8	3.7	5.7	6.6	4.4	3.5	0.7	0.1	0.1	0.1	0.1	0.3	0.5	1.5
	11	59.1	2.7	5.3	5.1	14.6	19.5	17.6	6.4	3.8	2.1	2.2	1	0.4	0.2	1.1	0.4	1.1	0.6	0.4	0.1	0	0	0.1	0	0.1	0.6	3.7	4.2	2.3	2.5	0.4	0.1	0	0.1	0.1	0	1.5	2.7
	12	61.3	1.9	1.9	3	13.2	21.4	18.4	9	3.7	2.6	1.6	0.9	1.1	0.2	0.2	0.7	0.7	2.4	0.9	0.3	0.1	0	0	0.1	0	1.7	2.8	4.8	2.6	1.7	1.1	0	0.1	0.1	0	0.2	0.7	1.9
FREQUENCY OF SPEED                                                              																											
	Month	0	1	2	3	4	5	6	7	8	9	10	11	12	13	14	15	16	17	18	19	20	21	22	23	24	25
	ALL	33.1	8.9	19.7	17.3	10.9	5.8	2.5	1	0.4	0.2	0	0	0	0	0	0	0	0	0	0	0	0	0	0	0	0
	1	40.5	10.4	20.2	14.5	6.9	3.9	1.8	1	0.5	0.3	0	0	0	0	0	0	0	0	0	0	0	0	0	0	0	0
	2	51.8	9.4	15.5	9.4	6.2	4.1	1.8	1	0.4	0.3	0.1	0.1	0	0	0	0	0	0	0	0	0	0	0	0	0	0
	3	38	10	20.6	16.7	7.9	3.7	1.7	0.9	0.4	0.1	0.1	0	0	0	0	0	0	0	0	0	0	0	0	0	0	0
	4	34.1	10.2	21.9	16.1	9.1	4.9	2.4	0.8	0.4	0.1	0	0	0	0	0	0	0	0	0	0	0	0	0	0	0	0
	5	21.9	8.8	20.6	21.6	14.9	7.3	3.1	1.1	0.6	0.3	0.1	0	0	0	0	0	0	0	0	0	0	0	0	0	0	0
	6	13.6	6.3	19.5	24.8	17.6	11.1	4.2	2.1	0.3	0.3	0	0	0	0	0	0	0	0	0	0	0	0	0	0	0	0
	7	16.1	6.6	19.8	24.1	18.2	8.9	4.3	1.3	0.5	0.1	0.1	0	0	0	0	0	0	0	0	0	0	0	0	0	0	0
	8	25.6	8.6	22.8	19.6	11.8	7.4	2.6	1.1	0.4	0.1	0	0	0	0	0	0	0	0	0	0	0	0	0	0	0	0
	9	27.7	11	24	18.7	10.3	4.5	2.3	1.1	0.3	0.2	0	0	0	0	0	0	0	0	0	0	0	0	0	0	0	0
	10	49.6	10.7	18.1	11.5	6.7	2.4	0.8	0.3	0.1	0	0	0	0	0	0	0	0	0	0	0	0	0	0	0	0	0
	11	59.1	8.8	14.4	8	3.7	3	1.6	0.7	0.4	0.2	0.1	0	0	0	0	0	0	0	0	0	0	0	0	0	0	0
	12	61.3	8.7	14.6	7.3	3.9	1.8	1.3	0.6	0.3	0.1	0.1	0	0	0	0	0	0	0	0	0	0	0	0	0	0	0
PERCENT OF POWER BY SPEED                                                       																											
	Month	0	1	2	3	4	5	6	7	8	9	10	11	12	13	14	15	16	17	18	19	20	21	22	23	24	25
	ALL	0	0.7	6.2	15.4	20.6	21	15.5	10	5.5	3.2	1.4	0.5	0	0.2	0	0	0	0	0	0	0	0	0	0	0	0
	1	0	1	7.7	15.9	16.4	17	13.7	11.2	7.8	7	1	1.3	0	0	0	0	0	0	0	0	0	0	0	0	0	0
	2	0	1	6.2	10.5	15.3	19.4	13.7	11.7	7	7.2	4.9	3	0	0	0	0	0	0	0	0	0	0	0	0	0	0
	3	0	1	8.2	18.9	19.3	17.3	13.6	10.6	6.1	1.4	2.2	1.4	0	0	0	0	0	0	0	0	0	0	0	0	0	0
	4	0	1	7.8	16.5	20.2	20.7	16.9	8.8	6.4	1.9	0	0	0	0	0	0	0	0	0	0	0	0	0	0	0	0
	5	0	0.6	5.2	15.9	22.5	21	15.1	8.3	6.3	4.1	1.1	0	0	0	0	0	0	0	0	0	0	0	0	0	0	0
	6	0	0.3	3.9	13.9	21.1	25.3	16	12.5	2.3	3.9	0.3	0.4	0	0	0	0	0	0	0	0	0	0	0	0	0	0
	7	0	0.4	4.4	15.1	23.7	22	18.3	8	5	1.2	1.2	0	0	0.7	0	0	0	0	0	0	0	0	0	0	0	0
	8	0	0.6	6.6	15.7	20.3	24.1	14.7	9.8	5.8	1.4	1	0	0	0	0	0	0	0	0	0	0	0	0	0	0	0
	9	0	0.9	7.7	17.9	20.7	17.4	15.1	11.1	4.8	3.3	0	1.1	0	0	0	0	0	0	0	0	0	0	0	0	0	0
	10	0	1.9	12.1	21.5	28.3	18	9.9	5	2	1.3	0	0	0	0	0	0	0	0	0	0	0	0	0	0	0	0
	11	0	1.2	7.1	11.7	12.7	19.4	17.1	12.3	8.7	5.9	3.9	0	0	0	0	0	0	0	0	0	0	0	0	0	0	0
	12	0	1.4	8.6	12.5	14.2	12.8	15.1	11.6	9.3	3.2	7.4	0	0	3.9	0	0	0	0	0	0	0	0	0	0	0	0
PREVAILING DIRECTION BY HOUR                                                    																											
	Month	0	1	2	3	4	5	6	7	8	9	10	11	12	13	14	15	16	17	18	19	20	21	22	23		
	ALL	260	260	260	260	260	260	260	260	250	250	40	40	50	50	50	250	250	250	250	240	250	240	250	250
	1	50	40	50	40	40	40	40	40	40	50	40	40	40	50	50	50	40	50	40	40	40	50	40	40
	2	50	50	40	40	40	40	50	50	50	50	40	50	60	50	40	40	40	30	40	40	40	40	30	50
	3	30	30	40	30	40	40	40	40	30	40	40	40	40	40	10	20	10	20	30	30	30	30	30	30
	4	30	30	20	30	30	30	40	40	40	40	40	30	30	10	20	10	10	10	360	240	260	260	30	30
	5	250	260	260	260	260	250	250	250	250	250	240	240	50	40	230	360	260	260	260	250	250	250	250	250
	6	250	250	260	260	260	260	250	250	250	250	260	240	240	240	250	250	240	250	250	250	250	250	250	250
	7	260	260	260	260	260	260	250	260	250	250	250	240	250	250	250	250	250	260	240	240	240	240	250	250
	8	260	260	260	260	260	270	260	260	260	250	250	250	240	240	240	250	240	240	240	240	260	250	250	260
	9	270	270	260	270	40	10	30	30	30	40	50	70	60	70	70	100	250	240	80	250	250	260	260	270
	10	40	30	30	40	30	30	40	30	30	40	50	60	50	50	50	50	240	40	30	40	30	30	30	30
	11	50	40	30	30	40	50	40	50	50	30	50	40	50	30	50	40	30	30	30	40	40	30	40	40
	12	40	40	40	40	50	40	40	40	40	50	40	40	50	40	40	40	40	40	50	40	40	50	40	40
SPEED FOR PREVAILING DIRECTION BY HOUR                                          																									
	Month	0	1	2	3	4	5	6	7	8	9	10	11	12	13	14	15	16	17	18	19	20	21	22	23
	ALL	3.58	3.65	3.66	3.69	3.62	3.65	3.76	3.68	3.8	3.72	3.04	3.05	2.85	3.03	2.92	4.89	4.66	4.67	4.47	4.09	3.96	3.77	3.68	3.78
	1	2.76	3.45	3.44	3.18	3.24	3.44	3.56	3.24	2.92	2.76	2.65	2.67	2.75	2.77	2.77	2.65	2.58	2.21	3.52	3.02	3.15	3.19	3.56	3.07
	2	2.23	3.03	3.78	3.05	3.61	2.93	2.27	2.45	3.25	2.29	3.47	2.42	2.76	2.52	3.76	2.96	2.96	3.08	3.08	2.87	3.15	2.81	3.51	2.66
	3	3.24	2.93	3.01	3.09	3.2	3.28	2.95	3.15	3.26	2.89	3.36	3.03	3.24	3.35	3.27	2.09	2.91	2.53	2.6	2.98	2.77	3.15	2.97	3.34
	4	2.83	2.63	2.92	2.42	3.15	2.72	2.64	3.39	2.69	3.15	2.87	2.06	2.48	2.5	2.6	3.24	2.73	2.21	3.17	4.54	2.57	3.56	2.95	3.08
	5	3.87	3.65	3.83	3.43	3.57	3.85	3.86	3.67	3.74	3.37	3.61	4.19	3.38	2.92	3.52	3.63	4.84	4.59	4.24	4.76	3.87	3.25	3.67	4.05
	6	4.09	4.25	3.77	4.09	3.93	4.11	4.15	3.94	4.22	3.82	4.2	4.11	4.87	3.77	4.71	5.93	5.6	5.06	5.09	5.05	4.87	4.08	3.71	3.73
	7	3.57	3.55	3.33	3.79	3.46	3.61	3.77	3.45	3.65	3.39	4.41	4.45	3.83	5.49	4.93	5.07	5.91	4.85	4.13	4.6	4	3.65	3.79	3.74
	8	3.46	3.96	3.61	3.64	3.78	3.1	3.28	3.52	3.58	4.08	4.09	4.85	4.24	4.14	4.22	4.62	4.84	4.08	3.77	3.92	3.09	3.54	3.66	3.62
	9	3.14	2.58	3.19	2.93	2.35	2.89	2.64	2.43	2.87	3.4	3.19	2.7	3.02	3.35	2.81	3.65	4.13	3.74	2.95	3.11	3.55	3.51	3.18	3.21
	10	2.57	2.86	2.94	3.32	2.85	2.49	2.79	3.04	2.81	2.85	2.36	2.79	2.53	2.93	2.97	2.63	3.65	3.96	2.56	2.65	2.37	2.69	3.03	2.41
	11	2.81	3.92	3.64	3.33	2.83	2.69	3.22	2.69	2.4	2.76	2.46	2.6	2.37	3.08	2.63	2.88	2.64	2.09	2.02	2.75	2.78	2.91	3.49	2.98
	12	3.26	2.84	2.92	2.91	2.89	3.65	2.89	3.52	2.67	2.99	2.83	3.02	2.89	2.1	3.31	2.95	3.01	2.84	2.34	3.07	2.34	2.71	3.08	3.68
