FAIRBANKS INTL ARPT AK - 702610                                                 														
 64 deg    49' N  147 deg    52' W - Elev  138m   LST=GMT+99 hours   *NT=-10    														
 01/73-09/02                                                                    							Adjusted to Alaska Timezone (GMT-9)							
SPEED BY YEAR                                                                   														
	Year	ALL	JAN	FEB	MAR	APR	MAY	JUN	JUL	AUG	SEP	OCT	NOV	DEC
	ALL	2.38	1.46	1.65	2.35	2.89	3.4	3.17	2.9	2.77	2.67	2.31	1.53	1.31
	1973	2.26	1.02	1.97	2.49	2.86	3.34	3.34	3.24	2.65	2.1	2.02	1.09	1.07
	1974	2.5	1.34	1.23	2.59	3.05	3.28	3.58	2.88	2.95	2.96	2.91	1.72	1.51
	1975	2.42	1.58	2.11	1.91	2.7	3.43	3.26	3.16	2.86	2.57	2.46	1.68	1.37
	1976	2.51	1.48	1.52	2.6	2.99	3.54	3.57	2.86	2.59	2.81	2.19	1.69	2.16
	1977	2.47	1.95	1.71	2.45	2.57	3.5	3.37	3.15	2.81	3.13	2.77	1.35	0.7
	1978	2.6	1.27	1.92	2.81	2.88	3.97	3.59	2.7	2.96	2.63	2.84	1.68	1.79
	1979	2.33	1.1	1.32	2.8	2.6	3.39	3.24	2.83	2.45	2.48	2.17	1.73	1.78
	1980	2.71	1.68	2.52	2.43	3.94	4.24	3.51	3.3	2.98	3.39	2.28	1.66	0.59
	1981	2.81	2.09	2.08	2.99	3.69	3.54	3.7	3.37	3.1	2.81	2.47	2.37	1.43
	1982	2.58	1.94	2.16	2.4	2.96	3.46	3.02	3.2	2.47	2.92	2.89	1.56	1.93
	1983	2.68	1.74	2.11	2.86	3.04	4.17	3.6	3.28	2.97	2.87	2.9	1.58	0.95
	1984	2.42	1.42	1.55	2.74	2.76	3.34	2.93	3.48	3.05	2.38	2.36	1.71	1.23
	1985	2.57	1.69	1.94	2.15	3.2	3.76	3.78	3.38	3.33	3.4	2.07	0.9	1.27
	1986	2.41	1.65	1.57	2.31	3.14	3.22	3.27	3.39	2.79	2.73	2.36	1.06	1.25
	1987	2.42	1.61	1.43	1.92	3.21	3.61	3.42	3.22	2.93	2.55	2.08	1.68	1.28
	1988	2.42	1.16	2.34	3.12	3.51	3.09	2.86	2.8	2.57	2.11	2.21	1.72	1.61
	1989	2.41	1.02	1.96	2.58	1.9	2.97	3.46	2.87	2.65	2.85	2.77	1.81	2.03
	1990	2.48	1.38	1.26	2.38	2.95	2.91	3.31	2.74	2.92	3.22	2.76	2.02	1.87
	1991	2.56	1.96	2.41	2.31	2.16	3	3.06	2.84	3.5	2.87	2.51	2.23	1.91
	1992	2.37	1.48	1.02	2.17	3.17	3.74	2.98	2.64	2.77	3.07	2.24	1.98	1.15
	1993	2.49	1.88	1.71	1.69	3	3.99	2.69	2.86	3.01	2.94	2.27	1.95	1.8
	1994	2.5	2.15	1.91	2.5	3.02	3.28	3.47	2.8	2.85	2.61	1.96	2.29	1.14
	1995	2.21	0.66	1.61	2.45	2.58	2.96	2.89	3.04	2.7	2.9	2.36	0.78	1.45
	1996	2.48	1.5	2.34	2.51	3.71	3.39	3.26	3.04	3.43	2.92	2	1.36	0.42
	1997	2.23	0.11	1.7	2.37	2.93	3.84	3.87	2.8	2.75	2.19	2.27	1.25	0.43
	1998	1.56	1.34	0.97	1.25	2.06	2.57	2.27	1.98	1.84	1.74	1.8	0.46	0.54
	1999	1.66	0.76	0.19	1.43	2.55	3.01	2.3	2.24	1.55	2.03	1.7	0.77	1.08
	2000	1.78	0.85	0.87	2.16	2.97	2.94	2.2	1.92	2.62	1.89	1.22	0.91	0.67
	2001	2.24	1.36	0.98	2.13	2.76	3.4	3.05	2.81	2.62	2.16	2.52	1.83	1.47
	2002	2.07	2.17	1.07	2.02	1.97	3.03	2.27	1.92	2.15	1.44	-1	-1	-1
POWER BY YEAR                                                                   														
	Year	ALL	JAN	FEB	MAR	APR	MAY	JUN	JUL	AUG	SEP	OCT	NOV	DEC
	ALL	28	14	16	28	38	53	44	34	32	30	21	12	11
	1973	24	8	16	24	29	46	40	44	36	14	16	11	7
	1974	31	7	9	31	38	46	77	31	33	39	32	12	10
	1975	28	20	18	14	26	48	42	44	43	30	29	13	7
	1976	30	12	11	30	39	59	54	31	21	44	17	12	25
	1977	28	14	10	24	29	56	49	37	27	37	30	13	2
	1978	31	7	14	46	35	65	55	24	40	22	31	11	15
	1979	30	4	7	45	27	70	47	32	19	29	31	15	29
	1980	43	32	36	26	70	105	70	45	39	54	21	10	2
	1981	34	14	17	42	74	47	57	48	34	25	18	19	9
	1982	32	26	40	24	43	52	37	44	21	33	32	10	16
	1983	33	25	16	44	39	75	50	39	32	28	35	9	4
	1984	26	9	10	30	39	51	28	52	31	22	20	11	9
	1985	31	11	24	20	42	61	56	40	39	49	13	6	15
	1986	30	13	13	31	47	40	40	48	35	47	23	6	10
	1987	29	19	12	22	52	54	51	40	38	27	14	10	5
	1988	24	5	24	50	49	37	23	26	19	10	14	10	14
	1989	27	10	33	38	9	37	58	30	24	33	23	17	17
	1990	25	7	8	21	33	29	41	23	26	47	28	22	13
	1991	30	30	28	26	16	38	37	27	57	31	26	21	18
	1992	26	9	4	21	45	69	37	23	29	35	16	17	8
	1993	31	33	15	12	32	77	26	33	52	46	20	17	12
	1994	28	21	15	27	42	43	52	30	34	23	14	27	7
	1995	29	2	10	35	24	42	49	47	40	37	21	5	27
	1996	33	32	33	35	60	46	49	34	45	36	13	7	1
	1997	27	0	12	26	36	66	75	28	30	17	27	6	1
	1998	14	12	6	10	24	25	22	15	14	12	15	1	10
	1999	17	4	0	13	29	45	26	27	11	17	16	8	8
	2000	19	5	7	24	42	52	20	16	29	14	6	5	5
	2001	23	12	11	26	34	58	30	27	20	11	18	11	6
	2002	24	16	7	23	27	51	22	16	22	5	-1	-1	-1
NUMBER OF SPEED OBSERVATIONS BY YEAR                                            														
	Year	ALL	JAN	FEB	MAR	APR	MAY	JUN	JUL	AUG	SEP	OCT	NOV	DEC
	ALL	248675	20604	19797	21855	21074	21427	20501	21178	21211	19960	20845	19937	20286
	1973	7660	662	588	645	606	629	625	656	668	649	638	634	660
	1974	7957	670	620	689	648	683	647	666	662	667	678	635	692
	1975	7801	646	594	682	638	636	635	660	679	655	667	656	653
	1976	8281	689	647	698	703	718	676	693	696	679	693	677	712
	1977	8255	707	648	717	688	711	689	712	708	674	680	684	637
	1978	8203	693	634	716	690	715	658	711	690	660	695	662	679
	1979	8382	715	644	726	669	706	683	706	713	693	712	697	718
	1980	8438	714	667	709	687	724	700	726	711	697	724	661	718
	1981	8553	730	659	733	707	726	708	720	717	704	734	702	713
	1982	8509	717	642	723	709	728	712	728	716	707	723	687	717
	1983	8536	737	665	732	710	731	699	722	730	687	724	684	715
	1984	8642	734	669	734	712	731	716	737	726	712	734	708	729
	1985	8636	723	661	742	707	735	693	737	735	716	736	710	741
	1986	8622	731	663	743	713	728	712	733	739	714	736	700	710
	1987	8508	717	642	725	695	720	702	732	717	692	734	701	731
	1988	8628	736	688	734	711	735	714	725	713	700	729	708	735
	1989	8652	731	660	729	710	741	718	739	735	716	740	704	729
	1990	8635	730	668	714	712	740	711	738	727	715	733	710	737
	1991	8670	736	670	736	705	732	717	738	737	711	736	715	737
	1992	8709	741	685	740	716	736	718	736	735	714	736	715	737
	1993	8658	737	668	730	715	733	716	737	743	710	725	709	735
	1994	8671	721	662	741	712	739	709	733	743	717	736	719	739
	1995	8624	739	669	738	719	744	719	739	729	709	714	695	710
	1996	8455	708	659	720	709	730	676	707	698	694	719	714	721
	1997	8285	606	681	725	706	708	653	682	705	693	749	706	671
	1998	7818	530	673	689	674	647	618	628	620	677	723	699	640
	1999	7910	506	451	694	651	666	622	610	650	662	821	806	771
	2000	9084	512	773	823	780	746	716	731	761	762	847	813	820
	2001	7067	837	794	819	775	632	561	543	519	453	529	326	279
	2002	5826	449	753	809	797	777	678	753	789	21	0	0	0
NUMBER OF SPEED OBSERVATIONS BY HOUR                                            														
	Hour	ALL	JAN	FEB	MAR	APR	MAY	JUN	JUL	AUG	SEP	OCT	NOV	DEC
	0	10243	838	817	894	869	895	849	888	881	815	856	822	819
	1	10343	837	816	904	883	891	851	891	887	849	864	833	837
	2	9433	800	758	839	800	838	808	803	772	725	785	729	776
	3	12111	995	959	1050	1014	1028	999	1030	1066	976	1022	988	984
	4	10156	827	808	895	862	876	835	881	868	822	844	819	819
	5	10187	839	789	890	878	889	845	871	870	814	859	825	818
	6	10165	825	815	904	874	877	836	864	857	817	849	823	824
	7	10161	838	806	886	865	870	836	858	881	837	870	799	815
	8	9492	802	780	847	803	835	799	796	777	747	768	750	788
	9	11883	990	947	1051	1007	977	948	1011	1022	979	1006	980	965
	10	10049	833	805	894	838	862	819	851	847	809	850	810	831
	11	10075	841	808	891	854	864	817	834	857	825	845	819	820
	12	10105	834	817	895	856	861	821	867	858	808	850	804	834
	13	10237	857	816	901	873	876	821	857	873	830	859	824	850
	14	9377	801	770	840	797	824	790	789	770	726	763	728	779
	15	11786	987	954	1049	977	982	939	998	1024	940	1000	960	976
	16	10057	835	792	872	850	873	830	855	858	821	854	802	815
	17	10188	849	805	887	856	890	844	863	877	814	857	821	825
	18	10226	854	804	890	865	875	856	873	874	817	865	813	840
	19	10233	839	800	901	854	894	848	881	884	818	852	827	835
	20	9629	806	773	844	820	842	817	834	802	751	801	757	782
	21	12053	984	944	1045	1026	1028	990	1029	1061	972	1005	986	983
	22	10247	860	819	902	867	887	848	880	861	820	864	809	830
	23	10239	833	795	884	886	893	855	874	884	828	857	809	841

SPEED BY HOUR                                                                   														
	Hour	ALL	JAN	FEB	MAR	APR	MAY	JUN	JUL	AUG	SEP	OCT	NOV	DEC
	0	2.28	1.44	1.74	2.5	2.92	2.98	2.68	2.53	2.56	2.64	2.36	1.54	1.33
	1	2.25	1.52	1.71	2.44	2.86	2.93	2.68	2.57	2.55	2.44	2.3	1.56	1.34
	2	2.23	1.59	1.7	2.32	2.76	2.84	2.66	2.49	2.56	2.52	2.26	1.62	1.39
	3	2.04	1.37	1.57	2.19	2.61	2.72	2.39	2.25	2.25	2.24	2.15	1.46	1.22
	4	2.06	1.42	1.56	2.2	2.47	2.7	2.41	2.26	2.3	2.27	2.14	1.57	1.36
	5	2.01	1.38	1.59	2.14	2.35	2.59	2.39	2.2	2.21	2.21	2.14	1.53	1.29
	6	1.99	1.44	1.55	2.06	2.29	2.56	2.39	2.2	2.2	2.16	2.15	1.52	1.3
	7	2	1.42	1.49	2.04	2.26	2.53	2.43	2.2	2.31	2.21	2.17	1.55	1.28
	8	2.05	1.48	1.53	2.03	2.23	2.65	2.56	2.28	2.4	2.32	2.16	1.55	1.36
	9	2.04	1.42	1.51	1.91	2.31	2.9	2.77	2.36	2.43	2.21	2.01	1.4	1.19
	10	2.22	1.54	1.51	1.89	2.46	3.2	3.21	2.63	2.73	2.46	2.14	1.51	1.31
	11	2.36	1.51	1.54	1.99	2.68	3.5	3.45	2.99	2.89	2.68	2.21	1.48	1.3
	12	2.49	1.47	1.46	2.13	2.83	3.78	3.67	3.27	3.14	2.9	2.3	1.49	1.3
	13	2.57	1.42	1.49	2.25	3.08	3.9	3.8	3.44	3.23	3.05	2.32	1.49	1.3
	14	2.72	1.47	1.63	2.5	3.25	4	4.04	3.65	3.35	3.31	2.43	1.54	1.31
	15	2.71	1.32	1.6	2.57	3.38	4.15	4.04	3.82	3.41	3.21	2.4	1.46	1.21
	16	2.84	1.45	1.75	2.71	3.54	4.32	4.1	3.75	3.49	3.38	2.5	1.6	1.27
	17	2.86	1.54	1.8	2.86	3.68	4.41	3.94	3.72	3.41	3.23	2.54	1.6	1.35
	18	2.83	1.52	1.93	2.8	3.62	4.33	3.94	3.67	3.36	3.12	2.52	1.61	1.34
	19	2.76	1.48	1.9	2.63	3.55	4.35	3.86	3.57	3.16	2.85	2.53	1.62	1.37
	20	2.67	1.5	1.87	2.56	3.33	4.2	3.69	3.37	2.92	2.8	2.52	1.65	1.39
	21	2.43	1.41	1.75	2.52	3.1	3.72	3.34	2.99	2.51	2.6	2.37	1.51	1.26
	22	2.39	1.45	1.8	2.61	2.94	3.28	3.03	2.8	2.63	2.74	2.46	1.51	1.33
	23	2.34	1.47	1.72	2.62	3.02	3.08	2.81	2.62	2.56	2.68	2.44	1.54	1.33

POWER BY HOUR                                                                   														
	Hour	ALL	JAN	FEB	MAR	APR	MAY	JUN	JUL	AUG	SEP	OCT	NOV	DEC
	0	22	13	15	28	32	31	24	21	22	37	21	12	10
	1	21	15	14	26	33	33	24	21	23	20	19	12	11
	2	21	17	14	23	30	30	22	20	31	22	18	14	10
	3	18	13	14	20	27	29	19	17	18	18	18	11	9
	4	19	13	13	21	23	39	19	16	18	20	18	14	10
	5	17	14	12	20	22	27	20	16	18	19	18	12	9
	6	18	14	13	27	21	28	21	16	17	17	17	11	11
	7	19	12	12	19	21	28	25	17	20	19	29	13	12
	8	21	23	12	17	23	33	30	21	23	21	18	12	14
	9	21	13	12	17	24	42	37	23	25	30	15	9	9
	10	25	14	12	21	32	49	49	28	32	27	18	11	10
	11	30	14	26	24	33	59	55	35	38	33	18	12	10
	12	33	13	11	26	39	68	60	43	44	41	25	10	10
	13	34	14	12	29	43	68	64	46	45	43	22	11	10
	14	40	13	14	36	51	74	73	54	60	52	25	15	10
	15	40	13	16	38	54	77	80	59	50	48	26	12	10
	16	43	13	21	44	65	87	76	60	50	49	26	13	10
	17	43	15	23	48	66	90	68	59	48	43	25	11	11
	18	41	14	22	43	63	86	71	58	45	39	24	12	12																									
	19	37	14	22	34	57	87	63	50	38	30	24	11	12																									
	20	33	13	18	31	47	79	54	43	29	28	22	11	12																									
	21	27	14	16	30	39	58	43	34	23	25	21	11	10																									
	22	25	15	16	30	34	40	40	27	24	26	22	12	9																									
	23	23	13	14	28	34	34	27	23	22	25	22	12	22																									

SPEED BY DIRECTION                                                              																																							
	Month	calm	0	10	20	30	40	50	60	70	80	90	100	110	120	130	140	150	160	170	180	190	200	210	220	230	240	250	260	270	280	290	300	310	320	330	340	350	360
	ALL	0	3.04	2.77	2.75	2.74	2.77	2.78	2.9	2.98	2.95	2.86	2.83	2.76	2.67	2.51	2.4	2.39	2.41	2.48	2.62	2.75	3.04	3.36	3.86	4.17	4.2	4.24	4.12	3.92	3.56	3.22	2.89	2.74	2.78	2.93	3.16	3.23	3.04
	1	0	2.6	2.5	2.6	2.5	2.4	2.3	2.4	2.5	2.6	2.2	2.6	2.4	2.2	1.9	2.2	2.5	2.1	2	2.2	2.2	2.4	2.5	2.7	3	3.4	4	3.5	3	2.4	2	2	1.9	2	2.4	2.6	2.6	2.6
	2	0	2.7	2.6	2.5	2.5	2.6	2.5	2.5	2.4	2.3	2.1	2	2	2.1	2.4	2	1.9	2.2	2.1	2.1	2.4	2.5	2.6	2.7	3	3.3	4.4	4	3.4	3.4	2.3	1.9	2.1	2.1	2.3	2.7	2.8	2.7
	3	0	3.4	3	3	3	3	3.1	3.1	3.1	3	2.8	2.6	2.5	2.5	2.3	2.2	2.2	2.2	2.3	2.5	2.6	2.9	3	3.2	3.3	3.7	4.2	4.3	4.1	3	2.5	2.4	2.1	2.6	2.9	3.3	3.5	3.4
	4	0	3.7	3.3	3.1	3.1	3	3	3.2	3.4	3.2	3.2	3.2	2.9	2.9	2.6	2.5	2.6	2.5	2.6	2.8	2.9	3.1	3.3	3.6	3.9	4	4.6	4.5	4.2	3.9	3.6	3	3.1	3.2	3.5	3.9	3.8	3.7
	5	0	3.6	3.4	3.5	3.6	3.8	3.6	3.6	3.7	3.7	3.5	3.6	3.5	3.4	2.9	2.9	2.7	2.8	2.8	3	3.3	3.7	4	4.4	4.7	4.6	4.5	4.4	4.4	3.9	3.9	3.4	3.2	3.3	3.4	3.6	3.8	3.6
	6	0	3	2.8	2.9	3	3.1	2.9	3	3.1	3	2.9	2.9	2.9	2.8	2.7	2.8	2.6	2.7	2.8	3	3.1	3.6	3.9	4.6	4.8	4.6	4.5	4.3	4.2	4.1	3.6	3.4	3.3	3.1	3	3.2	3.1	3
	7	0	2.9	2.8	2.8	2.7	2.9	2.8	2.8	2.6	2.7	2.8	2.6	2.5	2.4	2.5	2.4	2.4	2.6	2.7	2.8	3	3.3	3.7	4.2	4.4	4.4	4.1	4	4	3.9	3.3	3.2	2.8	2.9	2.8	3.1	3	2.9
	8	0	2.7	2.6	2.6	2.6	2.6	2.6	2.6	2.7	2.6	2.6	2.7	2.8	2.6	2.4	2.3	2.5	2.4	2.5	2.7	3	3.3	3.8	4.3	4.5	4.4	4.2	4.1	3.7	3.4	3.3	2.9	2.7	2.8	2.7	2.9	3	2.7
	9	0	2.9	2.7	2.7	2.6	2.7	3	3.2	3.4	3.3	3.2	3.1	3	2.6	2.5	2.2	2.2	2.3	2.4	2.4	2.7	3	3.4	4	4.1	4.2	4.2	3.8	3.6	3	2.8	2.7	2.6	2.8	3.1	3	3.2	2.9
	10	0	3.1	2.8	2.7	2.7	2.6	2.7	2.9	2.9	2.6	2.5	2.6	2.3	2.1	2.2	1.8	2.3	2.1	2.2	2.3	2.5	2.8	3	3.3	3.5	3.8	3.7	3.9	3.6	2.6	2.3	2.3	2.5	2.8	3.1	3.2	3.4	3.1
	11	0	2.7	2.4	2.5	2.4	2.3	2.2	2.3	2.2	2.2	2.1	2	2.1	1.9	1.9	2.2	1.8	1.9	2	2.1	2.3	2.5	2.7	2.9	3.5	3.5	3.7	3.6	2.9	2.1	1.9	2.1	2.2	2.2	2.4	2.7	2.9	2.7
	12	0	2.6	2.4	2.5	2.3	2.3	2.2	2.2	2.3	2.1	2.1	1.9	2.1	2.3	1.9	1.7	1.8	1.9	2	2.2	2.3	2.4	2.5	2.6	2.9	3.4	3.2	3.3	2.5	2.4	2.1	1.9	2	2	2.5	2.6	2.8	2.6
FREQUENCY BY DIRECTION                                                          																																							
	Month	calm	0	10	20	30	40	50	60	70	80	90	100	110	120	130	140	150	160	170	180	190	200	210	220	230	240	250	260	270	280	290	300	310	320	330	340	350	360
	ALL	22.87	8.19	6	5.77	5.47	5.14	4.62	3.9	2.79	2.02	1.86	1.3	1.25	1.26	0.97	0.88	0.9	1.03	1.37	2.57	2.92	3.33	3.55	3.53	3.2	3.07	2.62	1.95	1.78	1.24	1.05	1.01	1.04	1.25	2.02	3.46	5.7	8.19
	1	42.4	10.1	9.7	10.1	8.9	7.5	5.5	4.1	2.3	1.3	1.3	0.8	0.7	0.8	0.5	0.5	0.4	0.6	0.9	1.9	2.5	2.8	2.6	2.3	1.7	1.6	1.5	1.3	1	0.6	0.7	0.8	0.7	1.1	1.9	3.1	5.9	10.1
	2	36.2	9	8.6	8.9	8.3	7.8	6.3	4.6	2.6	1.5	1.1	0.8	0.6	0.9	0.5	0.7	0.7	0.8	1.3	2.4	3.3	3.1	2.9	2.1	1.7	1.8	1.7	1.1	0.9	0.5	0.5	0.5	0.9	1.1	1.6	3.2	5.7	9
	3	23.3	10.2	7.4	7.3	7.2	6.2	5.8	4.5	2.9	1.7	1.4	0.8	0.7	0.7	0.6	0.5	0.8	0.9	1.5	3.2	4.1	4.5	3.7	2.6	1.9	1.9	1.6	0.9	0.8	0.5	0.4	0.5	0.6	0.8	1.5	3.1	6.1	10.2
	4	14.3	9.1	5	4.7	4.7	4.8	4.2	3.9	2.9	2.3	1.9	1.3	1.5	1.3	0.9	1.1	0.9	1	1.5	3.3	3.4	3.7	3.2	2.9	2.4	2.7	2.4	1.8	1.5	1.1	0.9	0.9	1	1.4	2.3	4.9	7.1	9.1
	5	8.7	6.9	4.3	4	4	4.4	4.2	4.4	3.2	2.6	2.7	1.7	1.6	1.8	1.4	1.2	1.2	1.2	1.4	2.1	2.1	2.7	2.8	3.4	3.6	3.6	3.3	2.7	2.6	1.7	1.5	1.4	1.4	1.3	2.2	3.6	5.7	6.9
	6	9.3	4.9	3.1	3	3.2	3.1	3	3	2.4	2	2.3	1.5	1.6	1.8	1.5	1.2	1.3	1.4	1.7	2.9	2.8	3.2	4.2	5	5.2	4.9	4.5	3.6	3.7	2.4	2.1	1.9	1.6	1.7	2.1	2.6	3.5	4.9
	7	11.1	4.9	3.4	3	3	3.1	3	2.7	2.2	1.7	2.3	1.5	1.6	1.7	1.4	1.4	1.4	1.6	2	3.6	3.3	3.7	4.6	5	5.3	4.9	4.1	3.2	3.3	2.2	1.9	1.6	1.3	1.3	2	3	3.7	4.9
	8	12.4	5.7	3.9	3.4	3.6	3.5	3.5	3.2	2.5	2.2	2.2	1.9	1.9	1.8	1.4	1.1	1.2	1.4	1.6	2.8	3	3.6	4.5	5.6	4.9	4.8	3.7	2.8	2.3	1.8	1.6	1.3	1.3	1.5	1.7	2.8	4	5.7
	9	13.8	8.1	5.7	4.9	4.8	4.8	4.8	4.7	3.9	3.3	2.4	1.9	1.7	1.4	1.1	0.8	0.8	0.7	1	1.8	2	2.6	3.2	3.3	3.3	2.8	2.5	1.8	1.6	1.4	1	0.8	1	1.3	2.5	4	6.3	8.1
	10	20.6	11.4	7.2	6.7	5.9	5.4	5.4	4.5	3.2	1.9	1.4	0.9	0.7	0.7	0.6	0.5	0.5	0.8	1	2.1	3	3.6	4.2	3.5	2.3	2	1.5	0.8	0.6	0.4	0.4	0.5	0.7	1.3	2.2	4.3	7.9	11.4
	11	38.8	11	9.2	9.3	8.4	6.9	5.7	3.7	2.3	1.3	1.2	0.7	0.6	0.7	0.5	0.5	0.5	0.7	0.8	1.9	2.8	3.3	2.8	2.4	1.8	1.9	1.3	0.7	0.6	0.5	0.4	0.6	0.7	0.9	2.1	3.6	7.5	11
	12	46	10.6	9.5	9.4	8.1	7.5	6.2	3.9	2.5	1.5	1.1	0.8	0.8	0.6	0.5	0.5	0.5	0.8	1.1	2.1	2.6	2.9	2.8	2.3	2	1.7	1.3	0.9	0.8	0.5	0.5	0.6	0.7	1.1	1.7	3.2	6.3	10.6
FREQUENCY OF SPEED                                                              																																							
	Month	0	1	2	3	4	5	6	7	8	9	10	11	12	13	14	15	16	17	18	19	20	21	22	23	24	25												
	ALL	22.9	15.2	27.3	15.5	8.9	5.2	2.7	1.3	0.5	0.3	0.1	0	0	0	0	0	0	0	0	0	0	0	0	0	0	0												
	1	42.4	19.9	21.8	8.9	3.4	1.4	1	0.6	0.3	0.2	0.1	0	0	0	0	0	0	0	0	0	0	0	0	0	0	0												
	2	36.2	19.4	25	11	4.4	1.9	1.1	0.6	0.2	0.1	0	0	0	0	0	0	0	0	0	0	0	0	0	0	0	0												
	3	23.3	15.2	27.5	15.5	8.8	5.3	2.4	1.2	0.5	0.3	0.1	0	0	0	0	0	0	0	0	0	0	0	0	0	0	0												
	4	14.3	12.7	26.8	18	12.9	8.3	4	1.7	0.7	0.3	0.1	0	0	0	0	0	0	0	0	0	0	0	0	0	0	0												
	5	8.7	10.4	25.1	19.2	14	10.6	6.2	3.3	1.4	0.6	0.3	0.1	0	0	0	0	0	0	0	0	0	0	0	0	0	0												
	6	9.3	11.4	28.5	20.1	12.7	8.4	4.8	2.6	1.2	0.6	0.3	0	0	0	0	0	0	0	0	0	0	0	0	0	0	0												
	7	11.1	12.2	31.9	19.9	11.6	6.7	3.7	1.9	0.7	0.3	0.1	0	0	0	0	0	0	0	0	0	0	0	0	0	0	0												
	8	12.4	14.2	31.8	18.6	10.9	6.5	3.2	1.6	0.4	0.3	0.1	0	0	0	0	0	0	0	0	0	0	0	0	0	0	0												
	9	13.8	14.6	31.9	18.7	10.3	5.9	2.5	1.3	0.5	0.3	0.1	0	0	0	0	0	0	0	0	0	0	0	0	0	0	0
	10	20.6	14.7	30.3	18.1	9.7	4.5	1.3	0.5	0.2	0.1	0	0	0	0	0	0	0	0	0	0	0	0	0	0	0	0
	11	38.8	18.4	25.8	10.4	4	1.4	0.7	0.4	0.1	0.1	0	0	0	0	0	0	0	0	0	0	0	0	0	0	0	0
	12	46	20.2	20.6	7.3	3.1	1.4	0.8	0.4	0.1	0	0	0	0	0	0	0	0	0	0	0	0	0	0	0	0	0
PERCENT OF POWER BY SPEED                                                       																											
	Month	0	1	2	3	4	5	6	7	8	9	10	11	12	13	14	15	16	17	18	19	20	21	22	23	24	25
	ALL	0	1.2	7.7	12.7	15.9	17.5	15.3	12.2	7.1	4.6	2.5	0.9	0.4	0.3	0.1	0.1	0	0	0.1	0	0.3	0.2	0	0	0.2	0.9
	1	0	3.2	12.1	15	12.5	9.4	11.5	10.9	7.3	6.5	5.4	2	0.8	1.1	0	0	0	0	0	0	2.2	0	0	0	0	0
	2	0	2.9	12.8	16.6	14.9	12.3	11.9	10.3	6.2	3.7	1.4	1.5	0.4	0	0	1.7	0	0	0	0	0	0	0	0	3.4	0
	3	0	1.2	8	13.1	16.5	18.4	14.5	11.3	7.2	5.3	2.4	0.6	0.2	0.3	0	0	0	0	0	0	1	0	0	0	0	0
	4	0	0.7	5.7	11.1	17.5	20.9	17.3	11.7	6.9	4.3	2.4	0.5	0	0.8	0.2	0	0	0	0	0	0	0	0	0	0	0
	5	0	0.4	3.7	8.2	13	18.4	18.4	15.4	9.3	5.8	3.8	1.2	0.5	0.6	0.2	0.2	0	0	0	0	0	0	0	0	0	0.9
	6	0	0.5	4.9	10	13.7	17.1	16.9	14.4	9.5	6.4	3.9	1	0.1	0	0.2	0	0	0	0	0	0.6	0.7	0	0	0	0
	7	0	0.7	7.2	13	16.5	17.7	17	13.9	7.1	3.8	1.5	0.6	0.6	0	0.3	0	0	0	0	0	0	0	0	0	0	0
	8	0	0.9	7.6	13	16.8	18.6	15.9	12.4	5.1	4	1.6	1.3	0.2	0	0	0	0	0	0	0	0	0.9	0	0	0	1.5
	9	0	1	8.1	13.9	16.8	18.1	13.1	10.6	6.4	4.3	2.3	0.9	0.6	0.2	0	0.4	0	0	0	0	0	0	0	0	0	3.4
	10	0	1.5	11.4	19.8	23.1	19.7	9.9	5.6	3.5	1.4	0.8	0.2	0	0	0	0	0	0	0.8	0	0	0	0	0	0	2.3
	11	0	3.6	17.4	20.6	17.4	11.8	9.3	8.5	4.8	2.9	1.5	1.7	0	0.6	0	0	0	0	0	0	0	0	0	0	0	0
	12	0	4.3	14.8	15.8	14.8	12.8	12.3	9.1	5.1	2.5	1	0	2.2	0.7	0	0	0	0	0	0	0	0	0	0	0	4.6
PREVAILING DIRECTION BY HOUR                                                    																											
	Month	0	1	2	3	4	5	6	7	8	9	10	11	12	13	14	15	16	17	18	19	20	21	22	23		
	ALL	360	360	360	360	360	360	360	360	360	360	360	60	360	190	210	200	200	360	360	360	360	360	360	360		
	1	360	20	30	30	20	360	10	360	10	20	20	20	360	20	20	20	360	360	360	10	20	10	10	10		
	2	20	20	360	360	20	40	360	10	10	30	360	30	30	30	50	20	200	360	20	20	10	360	20	30		
	3	360	360	360	360	360	360	360	360	360	360	20	50	200	190	190	190	200	200	200	360	360	360	360	360		
	4	350	360	360	360	360	360	360	360	50	40	70	190	180	190	180	180	180	200	200	360	360	360	360	360		
	5	360	350	350	360	360	360	360	360	60	60	60	250	90	250	250	260	250	230	270	40	240	30	360	360		
	6	360	360	360	360	360	360	60	60	230	230	220	230	230	240	260	240	250	250	260	280	220	270	360	350		
	7	360	360	360	360	360	360	40	60	60	180	180	180	180	240	230	240	230	230	230	270	270	240	240	340		
	8	360	360	360	360	360	360	360	360	50	60	60	220	230	210	220	240	250	240	240	220	220	360	360	360		
	9	360	360	360	360	360	360	360	360	360	360	50	60	70	70	60	70	80	90	230	340	350	360	360	360		
	10	360	360	360	360	360	360	360	360	360	360	360	360	360	40	360	50	360	360	360	360	360	360	360	360		
	11	10	20	360	20	360	20	360	360	10	360	360	360	360	30	360	360	360	360	360	360	360	360	360	10
	12	10	360	360	360	360	20	360	360	360	10	20	360	360	20	10	10	20	360	360	360	360	360	360	10
SPEED FOR PREVAILING DIRECTION BY HOUR                                          																									
	Month	0	1	2	3	4	5	6	7	8	9	10	11	12	13	14	15	16	17	18	19	20	21	22	23
	ALL	3.08	3.04	3.01	3.03	2.93	2.89	2.92	2.86	2.99	3	2.78	3.19	2.91	2.88	3.52	3.16	3.3	3.23	3.24	3.23	3.16	3.16	3.11	3.11
	1	2.37	2.71	2.78	2.76	2.37	2.68	2.49	2.61	2.76	2.29	2.68	2.46	2.55	2.3	2.43	2.79	2.39	2.52	2.51	2.4	2.46	2.34	2.36	2.41
	2	2.35	2.44	2.57	2.52	2.25	2.68	2.74	2.52	2.46	2.34	2.53	2.48	2.41	2.54	2.62	3.11	2.74	2.92	3.28	2.98	2.46	2.64	2.53	2.44
	3	3.34	3.43	3.33	3.16	3.08	3.14	3.03	2.97	3.29	3	2.44	3.44	2.46	2.53	2.59	2.82	3.22	3.22	3.42	3.59	3.82	3.84	3.63	3.58
	4	3.72	3.57	3.79	3.66	3.6	3.24	3.17	3.27	2.49	2.67	3.4	2.67	2.87	3.28	3.03	3.05	2.96	3.91	3.32	4.51	4.04	3.96	3.84	3.72
	5	3.36	3.79	4.05	3.51	3.54	3.49	3.41	3.55	2.91	3.05	3.05	4.42	3.82	4.67	4.67	4.55	4.57	5.24	4.37	5.58	5.13	4.96	3.48	3.39
	6	2.94	2.79	2.77	2.92	2.61	2.51	2.29	2.41	4.35	5.18	4.56	5.08	5.12	4.64	4.47	5.27	4.9	5.05	4.33	4.03	4.52	3.6	2.95	3.12
	7	2.6	2.78	2.76	2.62	2.49	2.67	2.26	2.32	2.43	2.47	2.5	2.79	2.9	4.84	4.7	4.82	4.9	4.84	4.83	4.13	3.67	4.21	3.86	2.91
	8	2.69	2.67	2.59	2.56	2.6	2.44	2.54	2.5	2.26	2.7	2.87	4.61	5.19	4.4	5.23	4.88	4.17	4.39	4.79	4.05	4.13	2.71	2.67	2.79
	9	3.22	2.79	2.95	3.01	2.81	2.82	2.74	2.88	2.87	2.89	3.04	3.46	3.72	3.58	3.61	4.01	3.93	3.84	4.4	2.88	2.92	2.9	2.81	2.99
	10	3.12	3.16	3.12	3.18	3.04	2.89	3.12	2.98	2.95	3.14	2.96	3.02	3.05	2.7	2.95	3.24	3.28	3.44	3.22	3.24	3.2	3.11	3.21	3.22
	11	2.4	2.44	2.75	2.28	2.64	2.52	2.78	2.54	2.44	2.77	2.61	2.63	2.7	2.46	2.79	2.63	2.4	2.73	2.69	2.57	2.52	2.71	2.6	2.48
	12	2.5	2.77	2.69	2.5	2.6	2.45	2.54	2.38	2.58	2.21	2.42	2.45	2.43	2.23	2.36	2.53	2.72	2.48	2.43	2.98	2.41	2.65	2.61	2.38
