FT.GREELY/ALLEN AAF AK - 702670                                                 														
 64 deg    00' N  145 deg    44' W - Elev  391m   LST=GMT+99 hours   *NT=-9 (Alaska Time Zone)														
Wind speed is in m/s														
 01/73-09/02                                                                    														
SPEED BY YEAR                                                                   														
	Year	ALL	JAN	FEB	MAR	APR	MAY	JUN	JUL	AUG	SEP	OCT	NOV	DEC
	ALL	3.97	5.52	4.83	4.14	3.77	3.69	3.16	2.73	2.94	3.65	3.74	4.51	5.18
	1973	3.96	3.41	4.81	3.09	4.11	4.6	2.99	2.73	2.66	3.59	4.32	4.22	6.95
	1974	3.87	4.3	3.36	4.07	4.86	3.72	3.64	3.29	3.35	4.5	4.25	4.09	3.04
	1975	4.11	4.57	6.33	3.8	3.85	4.85	3.46	3.34	2.84	4.12	3.7	3.63	4.86
	1976	4.3	4.85	3.59	3.64	5.41	4.13	3.11	2.75	3.08	5.14	3.58	5.72	6.4
	1977	3.94	6.44	5.54	3.24	4.45	3.82	3.15	2.86	3.16	3.55	4.77	3.28	3.43
	1978	4.24	7.06	6.96	4.09	3.6	3.54	2.85	3.26	2.97	2.41	3.88	4.96	5.17
	1979	4.04	7.14	4.08	3.69	3.02	3.8	3.46	2.84	3.68	4.08	4.8	4.81	3.08
	1980	3.98	4.47	6	4.64	4	4.74	2.8	2.64	2.47	2.94	4.45	4.3	4.41
	1981	3.87	7.71	4.63	5.43	2.94	3.44	2.26	2.4	3.58	2.72	2.87	3.62	4.66
	1982	3.9	6.97	3.38	4.51	3.17	2.67	3.95	2.5	1.96	4.44	2.18	4.56	6.34
	1983	3.95	5.24	5.94	3.51	4.22	3.19	2.59	2.37	2.54	2.99	2.75	6.89	5.36
	1984	3.27	4.15	2.59	3.76	3.22	2.77	2.61	2.31	2.26	3.26	3.92	3.35	5.24
	1985	3.68	6	2.91	4.33	3.04	3.97	2.97	2.3	2.77	3.68	2.25	4.63	5.27
	1986	3.66	5.29	3.65	2.26	2.18	2.27	3.29	2.7	4.02	3.29	4.13	5.37	5.49
	1987	4.19	5.58	4.99	5.26	3.34	4.02	5.15	2.43	2.4	4.2	4.77	3.69	4.71
	1988	4.12	6.26	8.55	4.73	4.76	2.33	2.14	2.1	3.38	2.55	3.29	3.13	6.53
	1989	3.98	3.52	4.39	3.35	3.34	3.55	3.95	2.93	3.57	4.15	4.56	4.17	6.11
	1990	3.37	4.91	3.75	4.82	2.67	2.51	2.55	2.54	2.15	3.79	3.16	3.31	4.29
	1991	3.91	4.14	4.82	2.7	4.08	4.67	2.81	2.26	3.12	4.8	4.07	4.3	5.26
	1992	3.45	4.46	3.09	4.38	3.07	2.96	2.84	2.22	3.21	2.2	3.76	4.62	4.63
	1993	3.68	3.96	5.63	3.84	3.67	3.32	2.4	2.52	3.01	3.67	3.93	3.66	6.5
	1994	3.78	7.92	3.84	4.41	3.21	4.51	2.38	2.78	2.47	3.45	3.37	3.89	4.7
	1995	3.84	5.38	4.31	3.47	3.74	4.41	2.73	2.52	2.2	4.02	3.21	3.33	6.54
	1996	3.24	3.49	3.17	3.72	3.22	2.98	3.46	2.73	2.37	3.08	2	5.86	2.94
	1997	4.09	6.15	6.41	3.48	4.03	3.44	2.99	2.33	2.83	4.13	3.09	6.14	4.88
	1998	5	7.05	5.4	6.37	6.45	6.18	4.11	3.08	3.41	3.99	4.64	5.1	3.69
	1999	4.1	5.72	5.05	3.86	4.6	4.18	3.21	3.06	3.43	4.01	3.27	4.53	4.43
	2000	4.61	5.19	4.4	5.67	4.11	3.46	3.8	3.39	3.51	3.24	4.5	5.74	8.04
	2001	4.68	6.45	5.51	4.06	4	3.63	3.51	3.5	3.63	4.11	4.75	5.93	6.63
	2002	4.29	6.84	6.69	4.94	3.27	3.44	3.75	3.16	2.36	3.37	-1	-1	-1
POWER BY YEAR                                                                   														
	Year	ALL	JAN	FEB	MAR	APR	MAY	JUN	JUL	AUG	SEP	OCT	NOV	DEC
	ALL	163	367	259	163	110	95	63	37	62	118	137	241	320
	1973	122	118	187	80	95	133	35	21	27	64	131	160	406
	1974	104	217	83	94	121	64	46	49	54	111	126	161	93
	1975	143	158	395	120	98	134	59	45	48	143	92	148	277
	1976	152	228	128	98	195	94	49	27	43	206	85	287	368
	1977	123	377	244	55	118	89	39	50	42	83	182	119	103
	1978	162	466	380	121	69	54	30	54	36	32	135	237	312
	1979	170	602	179	136	51	78	58	46	124	154	232	252	127
	1980	172	334	332	265	151	162	52	41	38	59	202	211	235
	1981	160	598	202	260	43	93	18	30	118	40	69	182	256
	1982	193	728	136	235	54	33	137	29	15	228	41	222	435
	1983	174	440	348	111	150	50	24	23	72	65	62	479	248
	1984	112	236	83	130	78	27	30	20	27	89	169	178	301
	1985	145	367	91	151	45	135	58	17	56	129	43	341	305
	1986	158	350	173	65	34	44	74	44	134	107	213	354	310
	1987	177	316	217	271	68	123	211	32	34	181	235	204	252
	1988	224	419	888	232	230	44	35	12	64	56	105	115	535
	1989	174	164	163	110	104	98	139	67	104	155	227	286	452
	1990	137	356	203	192	72	28	45	48	40	139	140	108	269
	1991	158	190	269	40	147	170	44	22	75	199	154	274	318
	1992	132	274	109	209	67	36	40	17	71	33	153	297	284
	1993	135	163	367	94	87	72	25	35	109	144	189	145	397
	1994	156	691	139	173	60	152	26	52	52	118	124	205	283
	1995	161	353	209	156	129	170	40	28	28	133	102	141	438
	1996	110	133	118	135	83	55	92	41	30	92	23	401	116
	1997	180	562	376	118	109	59	35	13	42	163	93	349	343
	1998	257	526	300	319	402	378	129	43	71	202	188	300	206
	1999	167	395	284	143	137	127	45	32	92	148	93	222	294
	2000	208	301	267	286	109	49	111	63	94	58	150	281	706
	2001	208	469	323	150	134	56	40	51	69	108	191	350	491
	2002	170	403	433	232	85	56	104	39	18	37	-1	-1	-1
NUMBER OF SPEED OBSERVATIONS BY YEAR                                            														
	Year	ALL	JAN	FEB	MAR	APR	MAY	JUN	JUL	AUG	SEP	OCT	NOV	DEC
	ALL	232697	19405	18041	20215	19607	20075	19277	20268	19767	18742	19387	18919	18994
	1973	5669	469	427	470	448	457	440	471	536	473	489	483	506
	1974	6336	494	502	490	455	481	466	484	496	574	623	631	640
	1975	7893	676	632	661	654	657	644	670	660	644	655	658	682
	1976	7922	686	664	708	670	705	649	671	553	646	654	645	671
	1977	7646	627	603	681	638	692	638	696	646	556	549	668	652
	1978	7954	698	608	702	614	689	629	683	584	677	712	670	688
	1979	8490	708	654	728	702	715	692	713	740	714	734	713	677
	1980	8602	693	683	738	712	742	703	734	728	717	734	681	737
	1981	8620	744	669	737	716	742	720	743	736	707	673	716	717
	1982	8440	733	633	738	719	738	717	740	700	693	667	650	712
	1983	7087	706	553	496	601	591	562	580	634	640	587	534	603
	1984	7160	601	513	620	634	647	601	642	607	570	576	586	563
	1985	7826	564	533	661	677	687	640	657	623	685	696	697	706
	1986	8106	719	635	685	700	686	687	715	684	569	703	675	648
	1987	7801	642	551	625	633	669	638	699	662	659	695	655	673
	1988	8051	697	639	703	621	681	680	707	706	635	681	653	648
	1989	7960	664	654	701	668	697	676	583	668	641	678	638	692
	1990	7863	646	646	645	635	599	637	689	679	622	699	662	704
	1991	8329	656	653	728	659	673	640	733	727	697	728	711	724
	1992	8441	734	671	736	710	726	702	727	676	690	730	692	647
	1993	7755	626	395	723	705	695	693	725	722	634	685	704	448
	1994	7182	437	384	599	659	713	645	705	708	651	568	521	592
	1995	7522	616	592	564	611	667	675	653	600	635	644	590	675
	1996	7508	616	583	673	566	625	568	577	689	689	648	626	648
	1997	7094	490	528	643	457	612	659	671	623	571	570	634	636
	1998	7082	550	635	642	680	617	634	642	536	560	584	549	453
	1999	7818	579	460	691	685	671	510	601	634	651	781	834	721
	2000	9612	693	777	840	785	751	750	811	813	848	864	824	856
	2001	8663	878	797	760	796	682	652	762	590	672	780	619	675
	2002	6265	763	767	827	797	768	730	784	807	22	0	0	0
NUMBER OF SPEED OBSERVATIONS BY HOUR                                            														
	Hour	ALL	JAN	FEB	MAR	APR	MAY	JUN	JUL	AUG	SEP	OCT	NOV	DEC
	0	8435	671	639	733	709	751	712	759	710	691	700	688	672
	1	8370	656	637	723	702	737	712	746	710	686	694	694	673
	2	7998	632	622	681	667	712	690	720	664	630	662	664	654
	3	9499	772	743	831	815	832	804	845	804	758	757	781	757
	4	8136	655	631	708	699	725	683	699	678	655	670	675	658
	5	8276	644	621	692	696	755	701	740	706	690	700	670	661
	6	9341	730	697	778	799	855	772	830	817	794	820	726	723
	7	9910	806	720	852	831	870	847	891	889	816	851	772	765
	8	9710	814	788	843	824	842	814	829	809	755	797	784	811
	9	11501	998	915	1015	971	953	931	1008	976	921	948	929	936
	10	10115	864	798	887	848	865	827	849	870	807	845	826	829
	11	10014	845	802	877	840	847	816	856	848	800	842	826	815
	12	10148	856	803	887	855	866	821	869	859	818	863	810	841
	13	10041	854	793	868	856	854	819	838	845	805	857	816	836
	14	9704	833	778	850	828	834	804	830	796	762	807	778	804
	15	11344	979	905	999	956	953	904	995	969	913	936	911	924
	16	10133	868	797	873	848	863	836	860	849	827	841	838	833
	17	10062	856	771	872	846	855	819	870	878	812	851	800	832
	18	10131	850	776	864	849	854	830	877	869	833	867	822	840
	19	10214	868	774	893	854	860	851	882	871	830	856	833	842
	20	10175	844	756	863	840	874	852	923	885	834	871	809	824
	21	11292	996	913	1042	940	940	921	964	936	847	869	960	964
	22	9327	773	695	816	787	812	792	824	797	754	764	760	753
	23	8821	741	667	768	747	766	719	764	732	704	719	747	747

SPEED BY HOUR                                                                   														
	Hour	ALL	JAN	FEB	MAR	APR	MAY	JUN	JUL	AUG	SEP	OCT	NOV	DEC
	0	3.65	5.6	4.84	3.72	3.3	3.2	2.71	2.45	2.75	3.12	3.36	4.31	4.9
	1	3.61	5.43	4.75	3.73	3.19	3.14	2.67	2.44	2.65	3.13	3.42	4.31	4.8
	2	3.57	5.62	4.72	3.71	3.03	2.94	2.64	2.33	2.5	3.16	3.33	4.35	4.91
	3	3.54	5.52	4.75	3.66	3	2.81	2.59	2.23	2.4	3.06	3.42	4.41	4.95
	4	3.44	5.46	4.79	3.62	2.87	2.58	2.46	2.05	2.26	2.96	3.49	4.27	4.81
	5	3.43	5.57	4.71	3.6	2.81	2.6	2.44	2.01	2.2	2.92	3.51	4.39	5
	6	3.47	5.48	4.59	3.64	2.88	2.83	2.59	2.17	2.27	3.06	3.44	4.29	5.02
	7	3.58	5.5	4.46	3.65	3.09	2.98	2.71	2.28	2.46	3.15	3.55	4.51	5.14
	8	3.68	5.32	4.53	3.7	3.18	3.34	2.86	2.38	2.61	3.3	3.48	4.44	5.11
	9	3.92	5.33	4.55	3.93	3.78	3.78	3.09	2.71	2.88	3.7	3.57	4.51	5.26
	10	4.06	5.36	4.54	4.22	4.12	3.86	3.23	2.81	3.15	4.04	3.76	4.52	5.2
	11	4.23	5.34	4.83	4.53	4.24	4.1	3.4	2.88	3.24	4.33	4.15	4.58	5.23
	12	4.39	5.49	5.11	4.67	4.43	4.26	3.54	3.02	3.42	4.6	4.23	4.76	5.24
	13	4.45	5.5	5.24	4.75	4.43	4.27	3.63	3.14	3.53	4.56	4.27	4.75	5.31
	14	4.5	5.68	5.21	4.77	4.56	4.43	3.78	3.24	3.5	4.5	4.35	4.68	5.29
	15	4.57	5.62	5.22	4.94	4.57	4.65	4.05	3.38	3.61	4.54	4.29	4.74	5.28
	16	4.51	5.58	5.01	4.78	4.67	4.62	3.95	3.38	3.6	4.35	4.18	4.68	5.31
	17	4.39	5.55	4.9	4.51	4.57	4.69	3.83	3.33	3.51	4.07	3.9	4.51	5.35
	18	4.28	5.59	4.89	4.34	4.37	4.57	3.75	3.23	3.37	3.7	3.75	4.64	5.31
	19	4.13	5.64	4.77	4.11	4.12	4.33	3.57	3.06	3.06	3.43	3.68	4.63	5.32
	20	3.96	5.59	4.87	4.13	3.7	3.82	3.29	2.8	2.78	3.26	3.64	4.48	5.48
	21	3.94	5.69	4.84	4.09	3.64	3.45	3.05	2.72	2.79	3.38	3.65	4.51	5.28
	22	3.78	5.47	4.77	4	3.56	3.35	2.74	2.44	2.84	3.27	3.55	4.37	5.23
	23	3.71	5.43	4.82	3.8	3.37	3.23	2.72	2.42	2.7	3.2	3.43	4.33	5.12

POWER BY HOUR                                                                   														
	Hour	ALL	JAN	FEB	MAR	APR	MAY	JUN	JUL	AUG	SEP	OCT	NOV	DEC
	0	142	365	265	134	88	68	45	28	56	87	117	221	281
	1	143	353	266	140	83	70	44	28	52	96	121	226	276
	2	146	371	274	138	76	63	43	23	50	96	121	232	308
	3	144	356	272	136	83	51	40	22	44	90	123	240	312
	4	143	360	279	131	85	50	42	17	40	84	143	220	296
	5	142	376	258	140	76	51	40	18	34	85	143	242	305
	6	143	370	262	141	79	62	45	21	37	96	133	224	310
	7	149	381	245	143	89	68	45	21	43	102	136	252	323
	8	151	351	246	150	90	84	53	22	51	93	129	242	303
	9	166	358	247	177	123	106	62	33	59	125	133	244	333
	10	175	361	254	188	142	111	70	38	70	142	148	256	328
	11	184	357	275	206	145	124	75	43	76	168	168	258	323
	12	192	359	293	207	161	130	88	44	83	183	167	276	326
	13	190	372	285	211	155	119	85	47	83	179	167	259	327
	14	190	376	270	215	162	129	87	51	78	170	168	254	323
	15	193	375	275	221	148	140	97	57	82	166	157	255	346
	16	183	364	245	199	148	132	91	60	81	146	148	254	334
	17	174	357	252	160	132	141	84	55	81	126	137	243	328																								
	18	168	374	238	155	115	129	81	50	78	103	127	249	332																								
	19	159	383	229	137	99	111	68	45	67	101	119	239	327																								
	20	154	377	257	145	82	84	61	40	58	88	121	230	344																								
	21	156	404	234	134	89	70	55	38	54	94	119	223	339																								
	22	144	354	250	127	81	74	48	29	58	86	123	210	320																								
	23	143	338	255	128	78	72	45	30	53	88	116	220	301																								

SPEED BY DIRECTION                                                              																																						
	Month	calm	0	10	20	30	40	50	60	70	80	90	100	110	120	130	140	150	160	170	180	190	200	210	220	230	240	250	260	270	280	290	300	310	320	330	340	350
	ALL	0	2.07	1.95	2.03	1.98	2.04	2.13	2.37	2.77	3.67	5.34	7.19	7.44	5.19	3.21	2.57	2.98	3.92	5.06	6.01	6.31	5.45	3.81	3.07	2.79	2.56	2.37	2.28	2.43	2.65	2.83	2.82	2.79	2.61	2.45	2.21	2.21
	1	0	1.4	1.4	1.3	1.6	1.4	1.9	2.5	3.1	4.4	6.6	8.9	8.7	6.3	3.6	2.1	1.8	3.3	3.6	4.9	6.6	5.6	2.4	2.1	2.1	1.9	2	2.1	2.2	2.4	2.6	2.4	2.3	2.1	2	1.2	1.2
	2	0	1.6	1.7	1.4	1.7	1.6	2.1	2.1	3.4	4	6.2	7.8	8	6.2	3.9	2.2	2.4	2.3	3.7	5.2	6.1	3.7	2.3	2.1	2.3	2	1.9	2.1	2.2	2.5	2.7	2.6	2.5	2.5	2.3	1.6	1.5
	3	0	1.9	1.7	1.8	1.5	1.7	1.8	2.3	2.7	3.9	5.6	7	7.2	5.2	3.4	2.5	2.9	3.8	4.3	5.1	6	5.1	3.2	2.6	2.5	2.4	2.4	2.4	2.6	2.9	3.2	3.2	3.4	2.5	2.4	2.1	1.9
	4	0	1.9	1.9	1.9	2	2	2	2.6	3	3.6	4.7	5.2	5.2	4.4	3.6	3.4	4.1	5.3	6.5	7.3	6.8	6.2	4.6	3.4	3.2	2.9	2.7	2.5	2.8	3	3.4	3.3	3.2	2.9	2.6	2.5	2.3
	5	0	2.6	2.5	2.5	2.6	2.6	2.6	3	3.3	3.8	4	4.4	4.3	4	3.2	3.1	3.8	5.1	6.8	7	6.8	6.3	4.7	3.8	3.2	3.1	2.8	2.7	2.8	3	3.2	3.3	3.1	3.1	2.9	2.7	2.7
	6	0	2.4	2.1	2.2	2.2	2.5	2.5	2.5	2.6	3	3.4	3.5	3.6	3.4	2.8	3.1	3.2	3.7	5.3	6.3	6.7	5.7	4.1	3.5	3.2	3	2.7	2.5	2.6	2.8	2.9	3	3	2.8	2.6	2.4	2.5
	7	0	2.1	2	2.2	2.3	2.2	2.3	2.3	2.5	2.8	3.1	3.3	3.2	2.7	2.2	2.1	2.2	3.1	3.8	5.1	5.1	4.6	3.9	3.3	3	2.7	2.4	2.3	2.4	2.6	2.7	2.7	2.7	2.7	2.5	2.3	2.3
	8	0	2	1.8	2	2	2	2.1	2.1	2.3	2.7	3.4	3.7	3.7	3	2.6	2.3	3	3.6	5.4	6.1	6.5	5.7	3.9	3.1	2.7	2.5	2.3	2.1	2.4	2.6	2.7	2.7	2.7	2.5	2.4	2.1	2.3
	9	0	2	1.7	2	1.8	2	2.1	2.3	2.7	3.5	4.8	5.4	5.3	4.1	3.1	3.4	3.6	4.5	6.4	6.9	6.8	6	4.2	3	2.6	2.3	2.2	2	2.2	2.5	2.8	2.9	2.8	2.6	2.3	1.9	1.9
	10	0	1.5	2.4	2	1.7	1.7	1.8	2.2	2.5	3.8	5.4	6.8	6.8	4.9	3.1	2.6	3.1	3.6	4.6	5.7	6.5	5.3	2.7	2.5	2.1	2	2	2.1	2.3	2.5	2.6	2.5	2.1	2.1	1.8	1.7	1.5
	11	0	1.1	1	1.6	1.4	1.6	1.7	2	2.7	3.9	6	8.1	8.2	5.8	3.1	2	2.2	4.8	3.2	3.5	4	3	1.9	1.6	1.6	1.7	1.8	1.9	2	2.2	2.2	2.1	1.8	1.4	1.4	1.3	1.2
	12	0	1.2	1	1.4	1.3	1.9	1.7	2.1	2.7	4.4	6.3	8.3	8.5	6	3.4	1.9	2.1	2.2	2.9	4.8	5.6	4.6	2.6	1.9	1.9	1.8	1.9	2	2.3	2.4	2.4	2.3	2.6	2.2	2.4	1.5	1.4
FREQUENCY BY DIRECTION                                                          																																						
	Month	calm	0	10	20	30	40	50	60	70	80	90	100	110	120	130	140	150	160	170	180	190	200	210	220	230	240	250	260	270	280	290	300	310	320	330	340	350
	ALL	12.32	0.89	0.6	0.58	0.78	0.76	0.83	1.08	1.59	2.63	5.77	10.93	11.36	3.93	1.62	1.12	1.12	1.54	2.01	3.18	3.3	2.72	2.22	2.48	3.51	4.72	4.49	4.11	3.88	3.72	3.39	2.43	1.9	1.42	1.16	1.01	1.23
	1	15.7	0.3	0.2	0.2	0.4	0.5	0.5	0.9	1.3	2.8	8	21.6	24.8	7	2	1.3	1	1.3	1.3	1.9	1.8	1.1	0.8	0.9	1.1	1.7	2	2.3	2.5	2.5	2.2	1.2	0.8	0.5	0.4	0.3	0.3
	2	14.2	0.3	0.2	0.3	0.5	0.6	0.7	0.9	1.6	2.9	7.9	18.6	21.1	6.2	1.8	1.1	1	1.2	1.6	2.6	2.3	1.7	1	1.3	1.6	2.1	2.5	2.9	3	3.2	2.7	1.7	1.1	0.6	0.4	0.4	0.4
	3	13.3	0.5	0.3	0.3	0.6	0.7	0.7	0.9	1.4	2.9	8.4	15	13.2	4.2	1.5	1	1.2	1.7	2	2.8	3	2.6	1.7	1.7	2.2	3.8	3.9	4.1	4.3	4	3.4	1.9	1.4	0.7	0.7	0.6	0.7
	4	10.3	0.9	0.6	0.4	0.8	0.7	0.8	0.8	1.5	2.6	5.1	6.5	5.2	2.6	1.4	1.1	1.3	1.8	3	5.2	4.9	3.7	2.6	2.8	3.8	5.7	5.5	5.1	4.7	4.9	4.1	3.1	2.2	1.6	1.1	0.9	1.2
	5	8.9	1.2	0.8	0.8	1	1	1	1.3	1.9	2.5	3.5	3.8	3.2	2	1.4	1.1	1.1	1.7	2.8	4.8	5.5	4.6	3.7	3.8	5.1	6.9	5.9	4.3	3.4	3.5	3.4	3	2.5	2.1	1.9	1.6	1.9
	6	9	2	1.3	0.9	1.2	1.1	1.1	1.2	1.5	1.9	2.5	2.6	2.2	1.3	1	0.9	0.9	1.2	1.8	3.3	4.3	3.8	3.8	4.6	7.1	8.8	6.6	5.2	4	3.6	3.7	2.8	2.9	2.6	2.1	1.8	2.5
	7	9.3	1.9	1.2	1.2	1.2	1.1	1.2	1.6	1.7	2.2	2.9	2.6	2.1	1.6	1.1	0.9	0.8	0.9	1.6	2.6	3.3	3.2	3.3	4.4	7.3	8.5	7	5.5	4	3.7	4.2	3.3	3	2.4	2.1	2.1	2.5
	8	11	1.5	1.1	1.1	1.3	1	1.3	1.4	1.9	2.6	3.9	4.2	3.6	2.3	1.4	1.1	1.3	1.6	2.3	3.8	4.3	3.8	3.1	3.3	4.7	5.9	5.5	4.5	4	3.8	3.9	3.3	2.7	2.2	2.1	1.9	2.2
	9	11.2	0.9	0.6	0.7	0.9	0.9	1.1	1.4	2.1	3.4	5.9	8.7	7.9	3.8	2.1	1.5	1.7	2.1	2.9	4.8	4.3	3.3	2.7	2.2	2.8	3.6	3.9	3.6	3.4	3.2	3.5	2.7	2.1	1.5	1.3	1	1.3
	10	13.4	0.5	0.5	0.3	0.5	0.5	0.7	0.9	1.4	2.6	7	13.3	12.2	4.6	1.7	1	1.1	1.7	1.4	2.2	2	1.7	1.3	1.6	2.5	3.6	4.1	4.4	5.8	5.8	4.6	3.1	2	1.2	0.8	0.7	0.7
	11	16.8	0.3	0.2	0.3	0.5	0.6	0.5	0.9	1.6	2.7	7.4	17.4	20	5.4	1.8	0.9	0.9	1.9	1.5	2.2	1.9	1.3	1.3	1.5	1.8	3	3.6	3.7	4.1	3.4	2.7	1.6	1.1	0.7	0.5	0.4	0.4
	12	15.3	0.2	0.2	0.2	0.3	0.4	0.3	0.6	1.1	2.7	7.7	19.7	24.5	6.9	2.4	1.4	1	1.4	1.7	1.8	1.6	1.3	1	1.2	1.3	2.1	2.8	3.1	3.2	2.9	1.9	1.1	0.8	0.6	0.3	0.2	0.3
FREQUENCY OF SPEED                                                              																																						
	Month	0	1	2	3	4	5	6	7	8	9	10	11	12	13	14	15	16	17	18	19	20	21	22	23	24	25											
	ALL	12.3	18.3	20.3	12.1	7.3	5.6	4.3	4.6	3.5	3.2	2.9	2	1.4	0.8	0.5	0.3	0.2	0.1	0.1	0	0	0	0	0	0	0											
	1	15.7	13.3	11.8	6.7	4.6	4.6	4.9	6.6	5.5	5.8	6	4.7	3.6	2.2	1.8	1	0.6	0.3	0.3	0.1	0.1	0	0	0	0	0											
	2	14.2	16.6	14.3	7.5	5.1	5.4	5.1	7.2	5.6	5.5	4.6	3.3	2.4	1.3	0.8	0.5	0.3	0.2	0.1	0.1	0	0	0	0	0	0											
	3	13.3	16.2	17.8	11.4	7.6	6.7	5.1	5.5	4.8	3.8	2.9	2.1	1.4	0.7	0.5	0.2	0.1	0	0	0	0	0	0	0	0	0											
	4	10.3	14.9	21.2	15.6	10.4	8	5.3	4.8	2.8	2.3	1.8	0.9	0.7	0.4	0.2	0.1	0.1	0.1	0	0	0	0	0	0	0	0											
	5	8.9	14.2	22.5	17.6	11.3	8.1	4.8	4.2	2.5	1.9	1.6	1	0.6	0.3	0.1	0.1	0	0.1	0	0	0	0	0	0	0	0											
	6	9	18.2	27.7	18.1	10.1	6.1	3.1	2.4	1.4	1.2	1	0.7	0.5	0.2	0.1	0	0	0	0	0	0	0	0	0	0	0											
	7	9.3	22.6	30.8	17.7	8.8	4.5	2.3	1.6	0.9	0.6	0.5	0.3	0.2	0.1	0	0	0	0	0	0	0	0	0	0	0	0											
	8	11	23.9	27.3	15.2	7.5	4.4	2.7	2.3	1.6	1.4	1.1	0.7	0.5	0.2	0.1	0.1	0	0	0	0	0	0	0	0	0	0
	9	11.2	20.9	21.2	12.6	8	5.9	4.8	4.4	2.8	2.2	2.2	1.3	1	0.5	0.4	0.2	0.1	0	0.1	0	0	0	0	0	0	0
	10	13.4	21.1	20.6	10.2	6.2	5.2	4.6	4.8	3.8	3.1	2.6	1.7	1.2	0.7	0.4	0.1	0.1	0	0	0	0	0	0	0	0	0
	11	16.8	20.8	14	5.8	3.9	4.2	4.7	5.9	4.9	5.6	5	3.1	2.4	1.3	0.7	0.4	0.2	0.1	0.1	0.1	0	0	0	0	0	0
	12	15.3	16.5	13.1	6.2	3.9	4.2	4.7	6.5	5.7	5.8	5.9	3.9	3.1	2.1	1.3	0.7	0.4	0.4	0.2	0.1	0	0	0	0	0	0
PERCENT OF POWER BY SPEED                                                       																											
	Month	0	1	2	3	4	5	6	7	8	9	10	11	12	13	14	15	16	17	18	19	20	21	22	23	24	25
	ALL	0	0.2	1	1.7	2.2	3.2	4.2	7.4	8.1	10.4	12.7	11.4	11	7.9	6.4	4.1	2.7	2	1.6	1	0.6	0.2	0.1	0.1	0	0.1
	1	0	0.1	0.3	0.4	0.7	1.2	2.2	4.9	5.8	8.5	12.1	12.6	12.4	9.4	9.5	6.5	4.5	2.5	2.8	1.7	1.3	0.2	0.1	0.2	0	0
	2	0	0.1	0.4	0.7	1	2	3.3	7.5	8.4	11.3	12.7	12.4	11.6	7.8	6.3	4.2	3	2	2	1.3	0.4	0.3	0.3	0.3	0.2	0.4
	3	0	0.2	0.9	1.6	2.3	3.9	5.1	8.8	11.1	12.3	12.8	12.1	10.6	6.8	5.5	2.9	1.1	0.9	0	0.7	0.1	0	0	0.2	0	0
	4	0	0.2	1.5	3.2	4.6	6.6	7.5	10.9	9.1	10.5	10.9	7.8	8.1	5.9	4.2	2.3	2	2.4	1	0.2	0.5	0.5	0	0	0	0
	5	0	0.2	1.8	4.1	5.6	7.4	7.7	10.9	9.4	10.1	11.7	9.3	7.3	4.9	2.9	2.6	1.2	2.4	0.6	0	0	0	0	0	0	0
	6	0	0.4	3.3	6.1	7.3	8.3	7.3	9.1	7.9	9.5	10.4	9.9	9.1	5.7	2.8	1.6	0.6	0.3	0.3	0	0	0	0	0	0	0
	7	0	0.9	6.2	10.3	10.9	10.5	9.3	10.5	8.2	7.5	8.4	6.3	4.9	2.1	1.6	0.6	0.7	0.4	0	0	0	0.7	0	0	0	0
	8	0	0.6	3.2	5.2	5.5	6.2	6.5	9	9.2	10.9	12.1	10.1	8.4	4.8	4.1	2.1	1.3	0.7	0	0	0	0	0	0	0	0
	9	0	0.3	1.3	2.4	3.2	4.5	6.3	9.2	8.4	9.5	12.4	9.9	10.2	6.1	5.5	4.4	2.5	1.1	1.8	0.9	0	0	0	0	0	0
	10	0	0.2	1.1	1.6	2.2	3.6	5.4	9	10.3	11.8	13.5	11.2	10.9	7.5	5.2	2.3	1.6	0.8	0.5	0.3	0.2	0.4	0	0.3	0	0
	11	0	0.1	0.4	0.6	0.8	1.7	3.2	6.5	7.7	12.4	15	12.3	12.4	8.6	6	3.8	2.6	1.5	1.7	1.5	0.7	0	0.1	0.2	0	0
	12	0	0.1	0.3	0.5	0.6	1.3	2.5	5.6	6.9	9.7	13.3	12	12.4	10.3	7.9	5.2	3.4	3.7	2.2	0.9	0.8	0.4	0	0	0	0
PREVAILING DIRECTION BY HOUR                                                    																											
	Month	0	1	2	3	4	5	6	7	8	9	10	11	12	13	14	15	16	17	18	19	20	21	22	23		
	ALL	110	110	100	110	110	110	110	110	110	110	110	100	110	100	100	100	100	100	110	110	110	110	110	110		
	1	110	100	100	110	100	110	110	110	110	110	110	110	100	110	110	110	110	100	110	110	110	110	110	110		
	2	110	110	110	110	100	110	110	110	110	110	110	110	110	100	110	100	100	110	110	110	100	110	110	110		
	3	100	100	100	110	110	110	110	110	110	110	100	100	100	100	100	100	100	100	100	100	100	100	100	100		
	4	240	240	240	250	260	250	260	110	100	100	100	100	100	100	100	100	190	190	280	280	250	260	240	240		
	5	240	240	240	240	240	240	240	100	100	100	90	100	180	180	180	180	190	200	190	200	240	190	240	240		
	6	240	240	240	240	240	240	240	240	240	240	240	310	300	290	240	240	190	190	230	240	240	230	230	230		
	7	240	240	230	240	240	250	240	240	240	90	90	290	240	290	350	290	240	300	230	230	230	240	240	240		
	8	240	240	240	240	240	250	240	240	100	100	100	100	90	350	350	290	300	290	180	190	240	230	240	240		
	9	250	250	100	110	110	100	100	110	110	110	100	100	100	100	100	100	100	90	110	100	100	180	250	240		
	10	100	110	100	110	100	100	100	110	100	100	110	110	100	100	100	100	100	100	100	100	110	100	100	110
	11	110	110	100	110	100	110	110	110	110	110	110	110	110	110	110	110	110	110	110	110	110	110	110	110
	12	110	110	110	110	110	110	110	110	110	110	110	110	110	110	110	110	110	100	110	110	110	110	110	110
SPEED FOR PREVAILING DIRECTION BY HOUR                                          																									
	Month	0	1	2	3	4	5	6	7	8	9	10	11	12	13	14	15	16	17	18	19	20	21	22	23
	ALL	7.3	7.53	7.21	7.43	7.24	7.1	7.22	7.06	7.26	7.34	7.55	6.94	7.55	7.27	7.29	7.39	7.34	7.41	7.39	7.39	7.51	7.68	7.6	7.55
	1	8.77	8.43	8.8	8.72	8.93	8.78	8.69	8.35	8.69	8.68	8.93	8.9	8.67	8.64	8.83	8.7	8.58	8.84	8.68	8.32	8.85	8.8	8.52	8.47
	2	8.31	8.32	8.01	8.01	8.28	8.39	8.15	7.84	7.84	8.01	8.41	8.08	7.9	7.5	7.87	7.7	7.34	7.99	7.33	7.65	7.55	7.5	8.71	8.45
	3	7.52	6.68	7.3	7.35	6.88	6.9	7	7.4	7.41	7.3	6.48	7.13	7.01	7.13	6.86	7.37	7.2	6.94	6.84	7.15	6.85	6.89	7.07	6.85
	4	2.65	2.62	2.55	2.33	2.05	2.03	2.1	5.15	4.96	5.11	6.14	5.74	5.67	5.6	5.63	5.43	8.28	7.91	3.68	3.29	2.56	2.59	2.68	2.62
	5	2.87	2.85	2.65	2.52	2.75	2.58	2.73	3.59	4.54	4.51	4.18	4.92	7.85	7.51	8.22	8.14	7.64	7.41	7.09	7.07	3.32	6.29	2.79	2.5
	6	2.87	2.7	2.66	2.79	2.64	2.51	2.65	2.8	2.77	3.24	3.13	3.21	3.42	3.28	3.57	3.95	7.7	7.66	3.92	3.16	3.15	3.04	2.87	2.86
	7	2.5	2.57	2.68	2.54	2.41	2.09	2.49	2.55	2.61	3.13	3.29	2.81	3.2	3	2.54	2.96	3.13	3	3.16	3.48	2.79	2.62	2.42	2.68
	8	2.51	2.53	2.37	2.35	1.93	1.94	2.27	2.57	3.56	3.23	4.61	4.55	4.19	2.58	2.48	2.88	2.8	2.52	7.78	7.37	2.58	2.69	2.47	2.23
	9	2.08	2.05	4.52	4.79	4.72	4.42	5.08	5.18	5.04	5.43	5.75	5.98	6.16	6.14	6.15	6.37	6.28	5.41	4.62	5.23	4.89	5.31	2.18	2.35
	10	7.38	6.85	6.79	6.48	6.22	6.95	6.91	6.71	7.09	7.13	7.09	7.35	7.22	7	6.77	6.52	6.41	6.65	6.48	6.9	6.53	6.95	6.94	6.32
	11	7.56	7.52	8.14	8.41	7.64	7.6	8.31	8.31	8.33	8.65	8.08	8.65	8.52	8.36	8.12	8.36	8.11	8.51	8.09	8.38	7.91	8.35	7.63	7.89
	12	8.09	8.45	8.44	8.84	8.34	8.55	8.81	8.75	8.4	8.74	8.53	8.73	8.78	8.47	8.44	8.76	8.43	8.72	8.25	8.26	8.35	8.92	8.59	8.55
