FORT YUKON (AWOS)   AK - 701940                                                 														
 66 deg    34' N  145 deg    16' W - Elev  131m   LST=GMT+99 hours   *NT=-10    														
 01/73-12/81 01/87-09/02                                                        							Adjusted to Alaska Timezone (GMT-9)							
SPEED BY YEAR                                                                   														
	Year	ALL	JAN	FEB	MAR	APR	MAY	JUN	JUL	AUG	SEP	OCT	NOV	DEC
	ALL	2.25	1.4	1.47	2.36	2.88	3.08	2.54	2.49	2.41	2.5	2.32	1.72	1.42
	1973	2.25	1.11	1.35	3.52	2.86	3.26	2.77	2.71	2.25	1.92	2.16	0.95	3.06
	1974	2.43	1.12	1.55	2.05	2.63	2.61	2.91	2.43	2.83	2.53	3.53	2.04	2.04
	1975	2.17	1.25	1.41	1.89	1.77	2.87	2.54	2.79	2.55	2.57	2.14	3.02	1.95
	1976	2.16	2.25	0.69	2.11	2.42	2.87	3.17	2.43	2.09	2.39	2.32	1.63	1.7
	1977	1.9	1.45	1.91	1.71	2.28	2.7	1.97	2.45	2.1	2.19	2.46	1.12	0.52
	1978	2.24	1.19	1.47	2.55	2.24	3.66	2.74	2.38	2.37	2.12	2.78	1.65	1.57
	1979	2.1	0.44	0.44	2.72	2.52	2.97	3.13	2.06	2.36	2.21	3.03	2.03	1.66
	1980	2.5	1.96	2.36	2.62	4.01	3.59	2.51	2.32	2.99	2.78	2.04	1.75	1.02
	1981	2.5	1.72	1.16	2.62	2.6	2.84	2.81	3.23	2.42	2.84	2.48	2.45	1.22
	1987	2.56	2.26	1.55	2.14	3.1	2.83	3.04	3.31	2.88	2.84	2.28	3.59	0.83
	1988	2.81	1.14	2.7	3.68	3.85	4.05	2.74	2.81	2.9	2.43	2.51	2.85	1.78
	1989	2.55	0.94	2.1	2.17	2.45	3.32	3.2	3.16	2.47	2.96	2.71	2.35	2.72
	1990	2.09	1.48	1.07	2.14	3.15	2.67	2.97	2.76	3.38	3.39	2.8	1.99	0
	1991	2.58	2.73	3.45	2.11	2.26	2.46	2.78	2.94	3.14	3.04	1.86	2.83	1.25
	1992	2.22	1.3	2.13	1.8	3.55	3.79	2.4	2.04	2.51	3.32	2.06	1.78	1.4
	1993	2.31	1.71	1.71	1.86	3.37	3.94	2.27	2.25	2.26	2.93	2.04	1.36	1.89
	1994	2.26	2.24	0.89	2.22	3.79	2.99	2.58	2.18	2.46	2.66	1.92	1.76	1.27
	1995	2.05	0.72	1.6	2.58	2.8	2.86	2.31	2.67	1.59	2.47	2.6	0.56	1.6
	1996	2.07	0.83	1.36	1.93	3.85	2.59	2.4	2.47	2.59	2.52	1.13	0.99	1.21
	1997	1.92	0.64	0.87	2.28	2.56	2.72	1.94	2.14	2.3	2.04	1.56	0.73	1.41
	1998	1.9	1.42	1.59	1.53	2.4	3.03	2	1.79	2.1	2.17	2.16	0.66	0.84
	1999	1.83	0.97	0.39	2.39	2.59	3.09	1.91	2.19	1.82	1.84	2.43	1.13	1.03
	2000	1.94	0.73	1.54	2.83	2.97	2.52	2.12	2.19	2.37	1.9	1.5	0.89	1.52
	2001	2.89	1.98	1.31	3.38	3.64	3.89	2.89	3.12	3.16	2.45	3.62	2.79	1.84
	2002	2.13	2.36	1.5	2.35	2.32	2.86	1.87	1.82	1.64	0.5	-1	-1	-1
POWER BY YEAR                                                                   														
	Year	ALL	JAN	FEB	MAR	APR	MAY	JUN	JUL	AUG	SEP	OCT	NOV	DEC
	ALL	27	19	21	33	43	41	26	24	23	27	26	26	17
	1973	20	19	8	56	18	37	23	26	13	7	16	1	67
	1974	26	10	16	22	21	18	32	19	30	21	51	35	28
	1975	22	19	7	21	11	37	21	26	37	25	15	39	26
	1976	20	35	2	20	19	37	36	18	11	21	22	9	20
	1977	16	9	21	12	23	25	10	18	13	19	27	15	0
	1978	24	8	12	43	15	58	29	17	18	16	40	14	13
	1979	22	0	1	43	26	34	40	12	21	23	38	19	14
	1980	29	26	27	33	67	51	22	16	48	29	13	18	8
	1981	26	21	2	28	30	26	33	45	21	32	21	30	9
	1987	31	28	12	17	40	33	36	41	29	37	25	66	4
	1988	42	9	54	68	77	64	25	31	32	23	29	57	21
	1989	38	6	52	40	44	47	48	39	20	37	24	55	50
	1990	26	9	7	23	49	20	29	23	59	45	45	37	0
	1991	38	87	102	31	18	18	25	31	45	35	22	71	11
	1992	29	26	20	28	64	95	24	17	25	46	18	30	22
	1993	33	32	30	21	51	84	18	18	23	48	23	13	34
	1994	30	41	17	31	77	35	27	20	26	36	14	26	13
	1995	24	7	29	34	30	35	28	29	10	24	27	5	23
	1996	27	21	19	26	73	28	26	25	25	26	10	13	18
	1997	18	8	10	25	28	30	14	17	19	17	9	4	17
	1998	20	16	19	14	25	38	17	11	16	19	28	5	11
	1999	21	11	3	36	32	38	14	23	13	15	30	18	14
	2000	19	6	16	34	38	24	15	19	21	16	15	4	16
	2001	52	35	31	78	114	77	28	40	36	19	62	49	16
	2002	30	32	19	38	47	41	19	12	15	1	-1	-1	-1
NUMBER OF SPEED OBSERVATIONS BY YEAR                                            														
	Year	ALL	JAN	FEB	MAR	APR	MAY	JUN	JUL	AUG	SEP	OCT	NOV	DEC
	ALL	170640	13059	13212	15661	14954	15287	14730	14809	14334	14377	14780	12525	12912
	1973	858	69	62	31	18	70	67	141	133	106	109	39	13
	1974	6843	234	539	626	500	589	658	549	656	632	606	590	664
	1975	5717	675	552	564	621	585	604	576	445	491	351	147	106
	1976	6988	137	603	485	559	569	642	736	385	696	732	701	743
	1977	8449	730	631	741	712	690	714	739	722	696	650	712	712
	1978	8537	733	664	738	713	731	703	742	735	652	713	698	715
	1979	7492	735	619	741	714	674	717	727	741	711	279	126	708
	1980	7012	583	464	732	710	664	641	559	47	716	734	590	572
	1981	6480	239	321	735	693	742	606	464	476	713	738	342	411
	1987	7968	674	578	689	667	661	668	654	694	659	690	666	668
	1988	7963	683	677	722	668	723	698	681	639	413	721	695	643
	1989	8232	703	648	730	594	729	684	728	708	685	684	672	667
	1990	5012	718	653	657	341	144	257	273	284	338	511	406	430
	1991	3641	254	199	400	198	347	336	448	327	307	409	233	183
	1992	5181	263	70	52	283	150	225	741	680	524	741	712	740
	1993	8371	735	659	643	714	738	701	736	719	644	732	657	693
	1994	8531	701	628	739	713	740	691	733	737	707	734	692	716
	1995	8232	686	657	683	696	728	706	709	676	697	732	679	583
	1996	7257	633	703	702	669	749	642	502	660	680	665	432	220
	1997	7216	106	285	649	724	712	690	648	732	705	592	663	710
	1998	7064	536	543	704	690	737	686	592	594	573	611	318	480
	1999	7108	557	524	698	580	632	486	353	683	673	637	665	620
	2000	8746	586	676	715	730	756	741	811	669	814	798	777	673
	2001	6920	769	646	729	661	647	493	641	629	539	611	313	242
	2002	4822	320	611	756	786	780	674	326	563	6	0	0	0
NUMBER OF SPEED OBSERVATIONS BY HOUR                                            														
	Hour	ALL	JAN	FEB	MAR	APR	MAY	JUN	JUL	AUG	SEP	OCT	NOV	DEC
	0	6827	505	524	617	610	624	590	578	577	582	585	515	520
	1	6957	542	549	648	606	604	593	564	570	579	620	523	559
	2	7094	523	524	649	603	640	611	636	583	605	655	529	536
	3	7339	588	586	685	675	639	632	612	610	591	600	554	567
	4	6954	535	549	640	616	606	590	597	567	577	627	509	541
	5	6952	525	517	630	609	619	594	624	594	579	624	504	533
	6	6919	510	519	605	625	644	596	612	611	618	592	493	494
	7	7169	550	546	672	635	622	610	616	602	612	635	516	553
	8	7211	536	541	648	625	665	644	666	614	610	617	512	533
	9	7459	611	606	712	661	668	642	652	626	616	589	526	550
	10	7152	557	565	666	628	643	615	621	596	596	628	505	532
	11	7001	520	546	640	600	626	598	630	581	587	625	522	526
	12	7053	524	544	631	604	666	612	625	628	629	592	497	501
	13	7204	547	569	676	619	635	604	623	606	599	636	536	554
	14	7223	526	555	648	627	664	624	648	621	628	631	525	526
	15	7457	595	606	701	653	684	635	650	641	617	593	534	548
	16	7172	543	537	647	635	635	627	629	610	609	626	528	546
	17	6988	535	548	650	619	615	605	585	583	593	607	513	535
	18	6889	511	516	599	597	626	627	610	601	608	574	504	516
	19	7088	562	565	658	603	624	614	591	587	566	620	529	569
	20	7124	529	526	627	621	635	635	643	579	625	643	533	528
	21	7454	606	595	699	657	682	639	637	607	599	603	564	566
	22	7060	557	559	678	617	611	603	576	576	573	633	533	544
	23	6894	522	520	635	609	610	590	584	564	579	625	521	535

SPEED BY HOUR                                                                   														
	Hour	ALL	JAN	FEB	MAR	APR	MAY	JUN	JUL	AUG	SEP	OCT	NOV	DEC
	0	1.97	1.42	1.44	2.25	2.63	2.5	1.76	1.82	1.93	2.19	2.27	1.73	1.44
	1	1.95	1.46	1.38	2.17	2.66	2.44	1.76	1.92	1.95	2.25	2.2	1.67	1.38
	2	1.97	1.45	1.45	2.11	2.61	2.45	1.84	1.97	1.96	2.24	2.17	1.65	1.41
	3	2.03	1.41	1.42	2.25	2.74	2.67	2.03	2.03	1.98	2.25	2.26	1.62	1.41
	4	1.99	1.42	1.31	2.09	2.58	2.64	2.1	2.09	2	2.26	2.13	1.65	1.34
	5	2.01	1.43	1.33	2.04	2.49	2.72	2.22	2.18	2.02	2.26	2.02	1.68	1.37
	6	2.14	1.4	1.41	1.97	2.65	3.02	2.54	2.45	2.27	2.23	2.17	1.66	1.36
	7	2.23	1.44	1.35	2.08	2.88	3.2	2.65	2.58	2.5	2.37	2.16	1.78	1.45
	8	2.34	1.45	1.48	2.31	3.04	3.19	2.74	2.72	2.58	2.54	2.14	1.85	1.48
	9	2.4	1.44	1.43	2.61	3.14	3.36	2.83	2.64	2.59	2.67	2.25	1.85	1.56
	10	2.42	1.28	1.41	2.51	3.01	3.27	2.93	2.95	2.87	2.91	2.44	1.67	1.33
	11	2.48	1.38	1.54	2.6	3.03	3.41	2.88	2.85	2.85	2.86	2.56	1.81	1.47
	12	2.57	1.34	1.59	2.63	3.23	3.49	3.03	2.99	3.02	2.92	2.73	1.73	1.4
	13	2.56	1.4	1.74	2.78	3.13	3.45	3.01	2.92	2.89	2.98	2.61	1.89	1.49
	14	2.59	1.35	1.74	2.63	3.26	3.52	3.04	3.01	3.06	3.06	2.67	1.69	1.35
	15	2.64	1.38	1.75	3	3.3	3.69	3.17	2.92	2.96	3.03	2.61	1.8	1.48
	16	2.48	1.32	1.4	2.54	3.18	3.43	3.12	3.1	2.95	2.97	2.38	1.49	1.3
	17	2.43	1.38	1.4	2.49	3.18	3.53	3.04	2.88	2.77	2.71	2.19	1.8	1.41
	18	2.36	1.38	1.38	2.13	3.15	3.42	2.96	2.87	2.67	2.48	2.17	1.67	1.42
	19	2.22	1.45	1.51	2.21	2.81	3.31	2.76	2.61	2.25	2.11	2.2	1.7	1.48
	20	2.12	1.36	1.47	2.13	2.64	3.13	2.48	2.33	2.04	2.06	2.32	1.66	1.43
	21	2.09	1.45	1.58	2.44	2.58	2.8	2.12	2.13	1.89	2.14	2.5	1.7	1.43
	22	1.97	1.39	1.4	2.32	2.59	2.53	1.9	1.79	1.83	2.16	2.27	1.78	1.41
	23	1.99	1.43	1.42	2.27	2.69	2.54	1.84	1.85	1.88	2.21	2.26	1.71	1.46

POWER BY HOUR                                                                   														
	Hour	ALL	JAN	FEB	MAR	APR	MAY	JUN	JUL	AUG	SEP	OCT	NOV	DEC
	0	20	19	19	24	31	28	12	12	13	20	23	21	16
	1	20	20	18	23	32	25	11	12	13	22	23	23	16
	2	19	19	19	22	29	24	13	13	13	20	21	22	16
	3	24	20	20	32	45	33	15	17	14	20	27	23	17
	4	20	23	15	22	29	27	18	15	13	21	20	22	16
	5	20	23	16	23	26	30	16	16	13	20	18	24	16
	6	22	18	18	20	32	38	24	21	17	20	21	23	15
	7	25	19	15	22	36	42	25	24	21	23	23	30	18
	8	28	21	18	27	43	40	26	28	23	27	20	32	20
	9	33	18	24	43	57	48	32	26	27	30	25	32	21
	10	29	15	17	33	42	42	32	31	34	36	29	22	14
	11	32	18	20	43	43	47	32	28	31	33	31	28	18
	12	33	18	20	39	57	47	35	31	37	33	35	25	15
	13	33	19	28	43	48	45	33	30	32	35	31	32	20
	14	34	17	24	38	54	50	36	33	39	37	33	25	16
	15	42	19	31	67	71	66	42	36	38	38	34	30	20
	16	32	16	19	37	52	47	38	37	34	38	28	18	16
	17	33	16	21	38	53	52	38	29	30	30	24	46	17																									
	18	30	19	18	28	50	49	34	31	31	27	24	21	17																									
	19	28	20	25	31	42	48	31	25	20	22	23	26	20																									
	20	25	17	22	27	38	44	25	21	18	20	24	21	16																									
	21	29	20	29	41	50	45	19	20	17	23	36	25	18																									
	22	21	19	19	30	34	28	15	12	12	22	24	23	17																									
	23	21	19	20	26	35	28	13	13	12	21	24	22	19																									

SPEED BY DIRECTION                                                              																																							
	Month	calm	0	10	20	30	40	50	60	70	80	90	100	110	120	130	140	150	160	170	180	190	200	210	220	230	240	250	260	270	280	290	300	310	320	330	340	350	360
	ALL	0	1.73	2.04	2.22	2.75	3.44	3.7	3.37	2.77	2.36	1.96	1.72	1.6	1.54	1.57	1.57	1.57	1.67	1.69	1.83	1.76	1.87	2.08	2.34	2.68	3.13	3.46	3.44	3.11	2.54	2.21	1.83	1.6	1.8	2.13	1.78	1.62	1.73
	1	0	1	1.4	1.5	2.1	3.1	3.7	3.4	2.2	1.5	1.3	0.9	1	1	0.8	1.1	1.1	1.3	1.2	1.3	1.3	1.7	1.9	1.8	2	2.9	2.6	2.4	1.6	1	0.8	0.7	0.7	0.7	0.8	0.7	1.5	1
	2	0	1.2	1.7	1.7	2.1	3.1	3.5	3.1	2.2	1.4	1.1	1	1	0.9	1.1	0.9	1.1	1.3	1.5	2.1	1.7	1.3	1.3	1.6	2	2.5	3	3.1	2.2	1.1	0.9	0.9	0.8	1.1	1.6	2.2	1.2	1.2
	3	0	1.8	2.1	2.1	2.6	3.4	3.8	3.5	2.7	2.1	1.4	1.2	1.2	1.2	1.5	1.4	1.4	1.7	1.9	2.4	2.5	1.6	1.5	1.5	2	2.6	3.1	3.6	2.5	1.9	1.6	1.4	1.4	1.8	2.3	1.7	1.5	1.8
	4	0	2	2.2	2.5	3.3	4	3.9	3.2	2.8	2.7	2.1	1.7	1.6	1.9	1.7	1.6	1.7	1.5	2.2	2.5	2	2.3	2.4	2.1	2.7	3.2	3.7	3.5	3.2	2.5	2.4	1.9	2	3.1	4.1	3.7	2.1	2
	5	0	2.4	2.9	3.1	3.7	4.1	4.2	3.9	3.6	3.1	2.7	2.4	2.1	2.1	2.1	2.2	2.1	2.3	2.3	2.3	2.3	2.1	2.4	2.3	2.6	3	3.3	3.6	3.6	3.2	3.1	2.6	2.2	2	1.9	1.9	2	2.4
	6	0	2.2	2.5	2.5	2.7	3.2	3.3	3.2	3.1	2.6	2.4	2	2.2	1.9	1.9	1.8	1.8	1.8	1.7	1.9	1.9	2.2	2.2	2.6	3	3.3	3.5	3.7	3.6	3.2	2.9	2.6	2.3	2.2	2.1	2	2.2	2.2
	7	0	2	2.1	2.4	2.8	3.1	3.1	3.1	2.9	2.6	2.2	2	1.8	1.8	1.8	1.9	1.7	1.7	1.8	1.8	1.9	2.1	2.4	2.6	3	3.3	3.6	3.7	3.6	2.9	2.6	2.1	2.1	1.8	1.8	1.7	1.8	2
	8	0	1.8	2	2.2	2.6	2.8	2.7	2.6	2.6	2.3	2	1.9	1.7	1.6	1.8	1.6	1.6	1.9	1.6	1.6	1.6	1.9	2.2	2.7	3	3.4	3.8	3.9	3.5	2.9	2.4	2.1	1.9	1.9	1.7	1.7	1.8	1.8
	9	0	1.8	2.3	2.5	2.9	3.5	3.5	3.2	2.8	2.3	2.1	1.9	1.7	1.7	1.6	1.6	1.7	1.7	1.6	1.5	1.7	2	2.2	2.4	2.7	3.3	3.7	3.3	2.8	2.5	1.9	1.6	1.6	1.7	1.5	1.5	1.6	1.8
	10	0	1.8	2	2.3	2.8	3.6	3.7	3.6	2.5	1.8	1.3	1.2	1.1	1.2	1.2	1.3	1.4	1.4	1.5	1.6	1.6	1.8	1.9	2.3	2.7	2.9	3.2	2.9	2.3	1.7	1.6	1.5	1.4	1.5	1.3	1.4	1.6	1.8
	11	0	1.2	1.6	1.9	2.3	3.1	4	3.7	1.9	1.4	0.9	0.9	0.8	0.9	0.9	0.8	0.8	1.2	1.2	1.2	1.4	1.7	1.8	2.1	2.1	2.8	3.6	2.4	1.4	1.2	1.1	1	1.3	1	0.9	1.1	1	1.2
	12	0	1	1.2	1.6	2.2	3	3.7	3.2	1.7	1	0.8	0.8	0.8	0.9	0.9	0.8	0.8	1.1	1	1.2	1.1	1.2	1.5	1.6	1.8	2.1	2.2	2.1	1.7	1.1	0.8	0.8	0.9	0.8	0.7	0.8	0.9	1
FREQUENCY BY DIRECTION                                                          																																							
	Month	calm	0	10	20	30	40	50	60	70	80	90	100	110	120	130	140	150	160	170	180	190	200	210	220	230	240	250	260	270	280	290	300	310	320	330	340	350	360
	ALL	27.21	1.84	2.78	4.27	7.42	13.77	13.14	6.96	3.42	1.97	1.18	0.86	0.66	0.52	0.5	0.46	0.58	0.68	0.85	1.03	1.16	1.45	2.12	2.89	3.53	4.66	4.98	3.97	2.77	2.05	1.53	1.06	0.8	0.7	1.02	1.11	1.3	1.84
	1	53.4	2.2	3.3	4.6	7.5	12.5	15.4	8.6	2.5	1	0.9	0.7	0.7	0.7	0.5	0.5	0.7	0.6	1	0.9	1.3	1.6	2.7	2.5	3	3.7	3.1	2.5	1.7	1.2	1.3	1.5	1.5	1	1.3	2.2	2.9	2.2
	2	49.6	2.4	4.2	5.4	7.1	14	14.4	6.7	2.3	1.5	0.8	0.8	0.5	0.6	0.8	0.6	1	0.9	1.3	1.9	1.6	1.4	1.6	2	2.5	3.2	3.7	3.1	2	1.9	1.4	1.2	1.4	0.9	1.7	1.6	1.6	2.4
	3	25.1	2.3	3.6	4.6	9.6	21	20.2	9	3.2	1.6	0.8	0.5	0.4	0.4	0.4	0.3	0.4	0.5	0.7	1	0.9	0.9	1	1.2	1.5	1.7	2.2	2.3	1.4	1	0.6	0.5	0.5	0.6	1.1	1.1	1	2.3
	4	15.4	1.6	2.2	3.5	9.8	21.8	16.7	6.8	3.7	2	1.1	0.7	0.6	0.4	0.5	0.3	0.4	0.5	0.6	0.6	0.5	0.7	1	1.4	1.7	2.8	3	3	2.2	1.5	1.1	0.6	0.5	1.1	2.4	1.5	1.1	1.6
	5	10.5	1.8	3	3.9	7.3	13.2	13	8.1	5.3	3.4	1.7	1.3	0.9	0.6	0.6	0.7	0.8	0.8	0.9	0.7	0.8	0.9	1.2	1.8	2.4	3.4	3.7	4.1	3.7	3	2.1	1.2	0.7	0.7	0.6	0.8	1	1.8
	6	15.3	1.5	2	2.6	4	5.9	5.7	5.3	4	2.7	1.7	1.2	1	0.9	0.7	0.6	0.9	0.9	1.2	1.2	1.5	2	2.7	3.8	5.2	7.1	7.9	6.5	5.1	4.1	3.1	2	1.2	0.8	0.8	1.1	1.3	1.5
	7	15.4	1.3	1.7	2.7	4.3	6.7	6.7	5.8	4.1	2.6	1.7	0.9	0.8	0.6	0.6	0.6	0.7	0.9	1	1.4	1.9	2.1	3.2	4.6	5.9	7.6	8.6	6.7	4.3	3.2	2	1.4	0.8	0.5	0.6	0.7	0.9	1.3
	8	17.2	1.2	1.3	2.3	3.8	6.5	5.5	4.3	3.1	2.1	1.3	1.2	0.7	0.5	0.5	0.7	0.6	1	1	1.3	1.6	2.3	3.7	5.9	7.2	9.7	10.4	7	4.3	2.7	1.7	1.2	0.8	0.5	0.5	0.7	0.9	1.2
	9	16.4	1.7	2.7	4.6	7.8	13.2	11.6	6.5	3.8	2	1.2	1	0.6	0.4	0.4	0.3	0.5	0.6	0.8	1	1.3	1.9	2.8	4.1	4.3	5.7	5.5	3.8	2.3	1.6	1.2	0.9	0.7	0.6	0.7	0.8	1.2	1.7
	10	23.3	2.5	3.7	6.8	10.5	19.8	17.1	6.7	2.3	1	0.6	0.5	0.3	0.3	0.2	0.2	0.2	0.3	0.4	0.7	0.9	1.1	1.8	2.3	2.5	3.4	3.4	2	1.3	0.9	0.9	0.7	0.6	0.5	0.9	1.1	1.6	2.5
	11	44.4	2.1	3.6	6.6	10.8	18.1	19.4	8.4	2.2	1	0.8	0.4	0.5	0.4	0.4	0.2	0.2	0.5	0.6	0.7	0.7	1.1	1.8	1.8	1.9	2.2	2.8	2.1	1.2	1	1	0.6	0.8	0.6	0.7	1.1	1.5	2.1
	12	52	2.2	3.4	5.6	8.1	13.8	16.8	8.9	3	1.6	1.1	1	0.9	0.5	0.4	0.4	0.5	0.7	0.8	1.2	1.2	1.5	2.1	2.4	2.9	3.4	3.1	2.5	2	1.3	1.3	0.8	0.7	0.6	0.8	1.2	1.5	2.2
FREQUENCY OF SPEED                                                              																																							
	Month	0	1	2	3	4	5	6	7	8	9	10	11	12	13	14	15	16	17	18	19	20	21	22	23	24	25												
	ALL	27.2	19.1	19.8	13.9	9.5	5.6	2.8	1.3	0.5	0.2	0.1	0	0	0	0	0	0	0	0	0	0	0	0	0	0	0												
	1	53.4	18	10.2	6.4	4.9	3.3	2	1.1	0.4	0.1	0.1	0	0	0	0	0	0	0	0	0	0	0	0	0	0	0												
	2	49.6	19.9	11.8	6.9	5.1	3	1.6	1	0.6	0.2	0.1	0.1	0	0	0	0	0	0	0	0	0	0	0	0	0	0												
	3	25.1	20	19.5	13.5	10	6	3.1	1.6	0.6	0.3	0.1	0.1	0	0	0	0	0	0	0	0	0	0	0	0	0	0												
	4	15.4	15.9	22.4	17.6	12.3	8	4.7	2.2	0.8	0.4	0.1	0.1	0.1	0	0	0	0	0	0	0	0	0	0	0	0	0												
	5	10.5	15.3	22.7	19.6	14.5	9.3	4.8	2.1	0.7	0.3	0.1	0.1	0	0	0	0	0	0	0	0	0	0	0	0	0	0												
	6	15.3	19.7	26.4	18.1	10.7	5.7	2.4	1.1	0.4	0.1	0.1	0	0	0	0	0	0	0	0	0	0	0	0	0	0	0												
	7	15.4	20.1	26.5	17.6	11.2	5.8	2.2	0.7	0.3	0.1	0.1	0	0	0	0	0	0	0	0	0	0	0	0	0	0	0												
	8	17.2	21.4	25.2	17.3	10.2	5.2	2.2	0.8	0.3	0.1	0.1	0	0	0	0	0	0	0	0	0	0	0	0	0	0	0
	9	16.4	21.7	24.1	16.8	10.4	6	2.6	1.3	0.4	0.2	0	0	0	0	0	0	0	0	0	0	0	0	0	0	0	0
	10	23.3	20.3	20.8	14.8	10.5	6.2	2.7	0.9	0.3	0.1	0.1	0	0	0	0	0	0	0	0	0	0	0	0	0	0	0
	11	44.4	19.1	12.9	8.4	5.7	4.2	2.7	1.4	0.6	0.3	0.2	0.1	0	0	0	0	0	0	0	0	0	0	0	0	0	0
	12	52	18.2	10.9	6.6	5.6	3.6	1.8	0.7	0.3	0.1	0	0	0	0	0	0	0	0	0	0	0	0	0	0	0	0
PERCENT OF POWER BY SPEED                                                       																											
	Month	0	1	2	3	4	5	6	7	8	9	10	11	12	13	14	15	16	17	18	19	20	21	22	23	24	25
	ALL	0	1.1	5.5	11.7	17.6	19.6	16.4	11.8	6.5	3.5	2.3	1.4	0.7	0.4	0.3	0.4	0.2	0.3	0	0	0	0.1	0	0	0	0.2
	1	0.1	1.5	4.3	8.4	14.6	18.2	18.4	15.8	7.6	3.4	3.8	2.5	1.4	0	0	0	0	0	0	0	0	0	0	0	0	0
	2	0.1	1.5	4.6	8.2	13.1	14.9	13.2	12.8	11.2	4.8	4.2	4.2	2.7	1.5	0.6	2.4	0	0	0	0	0	0	0	0	0	0
	3	0	1	4.8	10.1	16.5	18.6	16.3	13.2	6.7	4.8	3	1.7	0.6	0.8	1.3	0	0	0.6	0	0	0	0	0	0	0	0
	4	0	0.6	4.1	9.5	14.8	18.2	18.3	13.4	7.5	4.3	1.5	1	1.4	0.4	0.5	0.6	1.1	1.8	0	0	0	0.9	0	0	0	0
	5	0	0.6	4.2	10.9	17.8	21.1	18.1	12.4	6.4	3.1	1.7	1.8	0.9	0.4	0.3	0.3	0	0	0	0	0	0	0	0	0	0
	6	0	1.3	7.5	15.3	20	19.8	14.1	10.4	6	2.4	1.9	0.9	0	0	0	0.6	0	0	0	0	0	0	0	0	0	0
	7	0	1.4	8.2	16.3	23	21.7	14.2	7.2	4	1.1	1.9	0.2	0	0.4	0.5	0	0	0	0	0	0	0	0	0	0	0
	8	0	1.5	8	16.2	21.3	20.4	14	8.9	4.1	2.9	2	0.2	0	0.4	0	0	0	0	0	0	0	0	0	0	0	0
	9	0	1.3	6.7	14.1	19.5	20.6	15.5	12	5.3	4	0.7	0.2	0	0	0	0	0	0	0	0	0	0	0	0	0	0
	10	0	1.3	6.2	13.5	21	23	17	8.7	3.9	1.8	1.6	1	0	0.3	0	0.5	0	0	0	0	0	0	0	0	0	0
	11	0	1.2	4	7.8	11.8	16.4	17.9	15	8.8	5.7	5.3	2.2	0.8	0	0	0	0	0	0	0	0	0	0	0	0	3.1
	12	0.1	1.6	5.1	9.5	17.8	21.7	17.4	10.6	7.9	2.9	2.1	2.2	1.2	0	0	0	0	0	0	0	0	0	0	0	0	0
PREVAILING DIRECTION BY HOUR                                                    																											
	Month	0	1	2	3	4	5	6	7	8	9	10	11	12	13	14	15	16	17	18	19	20	21	22	23		
	ALL	40	40	40	40	40	40	40	40	50	50	50	50	50	50	50	50	50	50	50	40	40	40	40	40		
	1	50	50	40	50	50	50	40	40	50	50	50	50	50	50	50	40	50	50	50	50	50	40	50	50		
	2	40	40	50	50	40	40	40	40	40	50	50	50	50	50	50	50	50	50	50	40	40	40	40	40		
	3	40	40	40	40	40	40	40	40	50	50	50	50	50	50	40	50	50	50	40	40	40	40	40	40		
	4	40	40	40	40	40	40	40	40	40	40	50	50	50	40	40	50	40	40	40	40	40	40	40	40		
	5	40	40	40	40	40	50	50	50	40	60	40	50	50	50	40	50	50	50	50	50	40	40	40	40		
	6	50	40	40	40	40	240	50	250	240	240	260	260	250	280	260	270	270	260	260	260	250	250	250	250		
	7	40	40	40	40	40	50	50	250	240	250	240	250	250	260	260	260	260	260	250	240	250	250	230	240		
	8	40	240	220	40	40	240	240	240	240	250	250	250	250	260	260	250	260	250	260	250	240	240	230	40		
	9	40	40	40	40	40	40	40	40	50	50	40	50	50	50	40	50	50	60	50	40	40	40	40	40		
	10	40	40	40	40	40	40	40	40	40	50	50	50	50	50	50	50	50	50	40	40	40	40	40	40
	11	40	50	50	50	50	50	50	50	40	50	50	50	50	40	50	40	40	50	50	40	40	40	40	40
	12	50	50	50	50	50	50	50	50	50	40	50	50	50	50	50	50	50	40	40	50	50	40	50	50
SPEED FOR PREVAILING DIRECTION BY HOUR                                          																									
	Month	0	1	2	3	4	5	6	7	8	9	10	11	12	13	14	15	16	17	18	19	20	21	22	23
	ALL	3.23	3.29	3.23	3.3	3.17	3.1	3.35	3.49	3.56	3.87	3.67	3.75	3.77	3.81	3.78	4.17	3.8	3.83	3.85	3.61	3.43	3.62	3.44	3.41
	1	4.28	3.56	3.17	3.81	4	3.98	2.61	3.21	3.58	3.94	3.29	3.6	3.88	3.73	3.4	3.31	3.37	4.02	3.4	3.45	3.33	3.12	3.53	3.67
	2	2.73	2.94	3.25	3.88	2.99	2.22	2.93	3.17	3.47	3.84	3.28	3.47	3.55	3.46	3.61	3.88	3.41	3.44	3.58	3.33	3.1	3.46	3.09	3.11
	3	3.32	3.26	3.08	3.45	2.82	2.89	2.84	3.06	3.3	3.92	3.82	3.65	3.51	3.65	3.31	4.56	3.74	4.04	3.33	3.58	3.39	3.96	3.47	3.42
	4	3.75	3.65	3.59	3.61	3.64	3.54	3.72	3.69	3.91	3.92	3.69	3.6	3.79	3.81	4.44	4.22	4.66	4.78	4.66	4.4	3.94	4.13	3.9	4.03
	5	3.82	3.65	3.66	3.81	3.6	4.26	4.26	4.49	4.39	4.35	4.25	4.34	4.3	4.17	4.96	5.09	4.81	4.64	4.74	4.94	4.53	4.48	4.05	3.96
	6	2.68	2.78	2.55	3.22	3.12	3.03	3.74	3.2	3.42	3.86	4.03	3.92	3.77	3.03	4.25	4.04	4.22	4.24	3.64	3.64	3.59	3.09	3.22	2.86
	7	2.48	2.59	2.87	3.21	3.04	3.19	3.11	3.09	3.78	3.84	3.87	4.1	3.91	3.82	4.23	4.09	4.37	4.11	4.21	3.4	3.66	3.69	2.38	2.79
	8	2.42	2.99	2.31	2.93	2.51	3.06	3.07	3.51	3.45	3.75	4.19	4.11	4.28	4	4.14	4.08	3.96	4.03	3.97	3.62	3.21	3.19	2.42	2.4
	9	3.31	3.38	3.44	3.08	3.3	3.23	3.27	3.51	3.6	3.69	4.08	4.36	3.82	4.02	3.96	4.19	3.93	3.97	3.95	3.14	3.27	3.28	3.45	3.39
	10	3.49	3.54	3.49	3.32	3.54	3.04	3.6	3.52	3.67	3.61	3.79	3.65	4.11	4.04	3.72	3.72	3.7	3.74	3.46	3.49	3.62	3.8	3.63	3.65
	11	2.97	4.29	4.05	3.76	4.04	4.28	3.99	4.23	3.23	4.5	3.71	3.94	3.75	3.37	3.9	3.37	2.89	3.42	3.79	3.55	3.01	3.47	3.16	2.83
	12	3.83	3.68	3.7	3.82	3.43	3.74	3.54	3.45	3.57	3.26	3.5	4	3.46	3.75	3.57	4.13	3.52	3.09	2.73	3.93	3.69	2.97	3.68	3.78
