FRANKLIN BLUFFS     AK - 700867                                                 														
 69 deg    43' N  148 deg    41' W - Elev  108m   LST=GMT+99 hours   *NT=-10    														
 01/75-08/77                                                                    									Adjusted to Alaska Time (GMT-9)					
SPEED BY YEAR                                                                   														
	Year	ALL	JAN	FEB	MAR	APR	MAY	JUN	JUL	AUG	SEP	OCT	NOV	DEC
	ALL	4.08	4.24	3.53	3.73	3.55	5.26	4.72	4.62	3.83	3.97	4.11	3.69	2.89
	1975	4.07	3.82	3.35	4.05	3.6	5.36	5.43	4.01	4.37	4.05	4.41	3.67	3.13
	1976	3.93	-1	-1	2.76	3.4	5.56	4.34	4.27	3.42	3.89	3.67	3.73	2.27
	1977	4.35	5.39	4.02	3.33	3.67	4.86	4.41	6.08	3.63	-1	-1	-1	-1
POWER BY YEAR                                                                   														
	Year	ALL	JAN	FEB	MAR	APR	MAY	JUN	JUL	AUG	SEP	OCT	NOV	DEC
	ALL	132	270	108	169	86	274	131	122	81	79	104	91	64
	1975	132	117	69	202	133	381	173	73	125	83	123	74	67
	1976	106	-1	-1	18	60	280	131	94	43	75	78	121	58
	1977	171	691	216	131	78	157	82	239	75	-1	-1	-1	-1
NUMBER OF SPEED OBSERVATIONS BY YEAR                                            														
	Year	ALL	JAN	FEB	MAR	APR	MAY	JUN	JUL	AUG	SEP	OCT	NOV	DEC
	ALL	11327	563	713	936	1183	1250	1180	1077	944	833	1000	900	748
	1975	5547	413	525	536	325	430	392	397	379	448	585	576	541
	1976	3472	0	0	19	433	410	437	414	428	385	415	324	207
	1977	2308	150	188	381	425	410	351	266	137	0	0	0	0
NUMBER OF SPEED OBSERVATIONS BY HOUR                                            														
	Hour	ALL	JAN	FEB	MAR	APR	MAY	JUN	JUL	AUG	SEP	OCT	NOV	DEC
	0	486	20	24	41	59	55	53	45	40	41	49	38	21
	1	302	21	26	35	45	20	17	20	13	16	23	39	27
	2	237	18	23	27	10	17	20	19	14	16	28	23	22
	3	231	18	25	29	8	20	17	20	16	14	27	20	17
	4	243	19	27	26	10	22	17	17	17	18	28	19	23
	5	236	18	25	27	15	20	18	16	18	13	25	18	23
	6	294	19	26	23	14	29	38	21	32	22	25	24	21
	7	485	21	23	33	36	66	58	60	54	46	43	23	22
	8	582	21	32	46	70	73	57	68	45	48	45	44	33
	9	585	28	37	45	64	68	61	57	52	38	52	46	37
	10	599	35	35	41	65	68	64	65	50	42	45	48	41
	11	589	28	38	48	57	71	63	49	50	44	49	45	47
	12	603	28	41	45	70	72	67	60	49	43	41	46	41
	13	593	33	34	43	70	63	68	65	48	40	40	46	43
	14	579	34	38	41	61	63	61	66	49	38	44	45	39
	15	573	28	39	44	63	66	57	54	50	38	46	46	42
	16	572	31	41	48	58	63	63	51	44	41	48	44	40
	17	590	29	42	46	67	67	65	56	44	39	51	44	40
	18	561	29	35	48	61	54	57	51	48	41	45	44	48
	19	534	18	15	45	63	55	63	56	50	44	48	47	30
	20	448	14	20	31	54	51	47	44	35	36	49	40	27
	21	458	16	19	42	52	53	49	44	38	39	47	37	22
	22	459	19	22	41	55	54	50	35	41	36	50	33	23
	23	488	18	26	41	56	60	50	38	47	40	52	41	19

SPEED BY HOUR                                                                   														
	Hour	ALL	JAN	FEB	MAR	APR	MAY	JUN	JUL	AUG	SEP	OCT	NOV	DEC
	0	4.08	3.7	3.31	3.87	3.71	4.52	4.63	4.36	3.8	3.7	4.37	4.29	3.75
	1	3.92	3.84	3.3	4.02	3.35	6.06	5.04	3.24	4.23	4.2	4.7	3.56	3.11
	2	4.18	3.75	3.54	4.57	4.14	6.01	4.47	3.34	3.38	3.91	5.02	4.11	3.52
	3	4.12	3.79	3.32	4.51	2.24	5.65	4.64	3.61	4.82	3.89	4.97	3.81	2.76
	4	3.93	2.69	3.23	3.7	3.26	4.77	5.44	3.55	3.82	4.27	4.63	3.82	3.68
	5	4.14	3.56	2.76	4.72	3.53	6.12	4.37	4.19	4.05	4.87	4.79	4.16	2.82
	6	3.75	3.57	3.09	3.56	3.12	4.67	4.06	3.55	3.37	4.07	3.96	3.87	3.53
	7	3.66	3.47	2.37	3.64	3.47	4.85	4.04	3.39	3.21	3.47	3.88	3.44	2.95
	8	3.61	2.9	3.06	3.64	3.01	4.45	4.12	3.63	3.32	3.82	3.6	3.85	2.91
	9	3.8	4.59	3.15	3.96	3.52	4.68	4.18	3.75	3.4	3.45	3.64	4.04	2.81
	10	3.89	4.23	4.1	3.12	3.48	5.06	4.28	4.28	3.27	3.98	2.95	4.23	2.9
	11	3.89	5.12	3.13	3.27	3.56	4.64	4.55	4.72	3.65	3.75	3.36	4.13	2.64
	12	4.03	5.3	3.74	3.32	3.45	5.01	4.62	4.88	3.25	3.65	3.95	4.08	2.63
	13	4.03	4.24	3.72	3.19	3.31	5.81	4.67	5.07	3.87	3.95	3.4	3.69	2.18
	14	4.28	4.31	4.08	3.7	3.86	5.95	4.82	5.22	4.03	4.29	3.83	3.27	2.5
	15	4.41	5.82	4.45	3.18	3.97	6.14	5.24	5.69	4.2	3.45	4.06	3.09	2.9
	16	4.46	5.32	4.04	3.8	4.14	5.79	5.09	5.79	4.65	4.12	3.95	3.37	2.6
	17	4.31	4.5	3.93	3.46	3.64	5.42	4.95	5.69	4.25	4.83	4.15	3.3	2.7
	18	4.34	4.36	3.84	3.62	3.97	5.32	5.08	6.1	4.29	4.05	4.31	3.48	3.12
	19	4.31	4.29	3.28	3.43	3.61	5.43	5.22	5.47	4.2	4.34	4.41	3.51	2.67
	20	4.3	4.11	3.49	4.49	3.49	5.74	5.17	4.95	4.06	3.97	4.55	3.35	2.83
	21	4.32	3.97	3.72	4.36	3.57	5.81	5.45	4.46	3.87	4.2	4.52	3.21	2.76
	22	4.12	4.34	3.02	3.85	3.61	5.21	4.69	3.65	4.06	4.24	4.43	3.73	3.4
	23	3.97	3.36	3.32	3.81	2.97	4.83	4.77	4.14	3.79	3.9	4.39	3.71	3.47

POWER BY HOUR                                                                   														
	Hour	ALL	JAN	FEB	MAR	APR	MAY	JUN	JUL	AUG	SEP	OCT	NOV	DEC
	0	110	151	62	186	95	135	143	91	55	64	117	115	87
	1	139	146	81	219	53	680	132	42	58	77	141	75	68
	2	170	143	72	363	169	642	109	51	50	76	167	107	70
	3	178	175	64	283	25	409	134	61	575	53	152	84	35
	4	101	39	57	98	55	230	160	67	85	68	119	70	129
	5	153	137	44	310	53	533	100	98	76	141	163	69	39
	6	97	125	50	84	45	250	102	46	62	67	106	72	110
	7	101	101	27	83	98	253	134	68	41	58	103	50	40
	8	93	92	50	141	74	164	99	79	59	60	93	93	64
	9	118	286	103	163	101	214	102	63	58	59	90	157	56
	10	124	273	193	91	102	249	87	91	58	79	52	159	74
	11	144	701	124	94	140	195	117	131	94	66	72	139	66
	12	132	453	137	98	80	245	120	131	50	71	97	136	53
	13	131	267	103	104	62	360	103	156	92	96	60	99	39
	14	154	303	207	151	93	339	128	163	110	105	102	71	50
	15	167	600	185	98	117	357	142	220	95	58	94	54	63
	16	176	632	176	246	118	310	138	192	103	95	91	63	48
	17	138	253	145	215	65	224	129	188	90	128	101	60	74
	18	145	318	137	181	110	243	130	228	83	80	111	66	102
	19	119	129	44	141	61	238	149	166	80	100	104	79	57																									
	20	126	111	62	251	52	302	178	107	60	76	118	67	45																									
	21	129	72	70	209	62	313	207	87	58	90	113	62	30																									
	22	123	135	56	197	72	282	157	58	66	84	105	87	73																									
	23	112	63	65	164	104	210	152	73	54	67	122	83	77																									

SPEED BY DIRECTION                                                              																																							
	Month	calm	0	10	20	30	40	50	60	70	80	90	100	110	120	130	140	150	160	170	180	190	200	210	220	230	240	250	260	270	280	290	300	310	320	330	340	350	360
	ALL	0	3.14	3.7	3.67	3.77	4.45	5.13	6.09	7.09	5.64	4.55	3.59	3.02	2.84	2.65	2.93	3	2.86	2.94	3.13	3.61	3.77	4.33	4.21	4.21	4.27	5.3	4.99	4.59	4.11	3.65	3.04	3.02	3.13	3.28	3.39	3.61	3.14
	1	0	2	-1	-1	-1	4.1	7.2	6	8.9	5.1	4.9	3.6	3.6	2.7	2.7	2.5	4.1	2.4	2.4	2.1	2.4	2.9	4	4.3	4.2	4.6	5.1	3.6	4.5	4.4	2.7	-1	-1	-1	-1	-1	-1	2
	2	0	2.2	3.8	2.5	3	5	5.3	6.4	6.9	4.5	4.7	3.6	3.1	2.8	2.5	2.6	2.4	2.5	2.6	2.2	3.2	2.9	3.5	4	4.1	4.3	6.9	4.9	3.7	3.4	3.4	2	2.3	1.7	3	2	3	2.2
	3	0	3	3.3	5.4	4.1	4.2	4.4	7.4	10	7.2	5	3.9	3.5	3.4	2.8	2.9	3	3.4	3.2	3.7	3.3	3.7	4.6	3.6	3.8	2.6	4.3	3.1	4.1	3	2.6	2.4	2.1	2.3	2.5	-1	1.8	3
	4	0	2.4	1.5	5.5	4	3.2	3.8	4.2	6.4	4.8	4.3	4	3.3	2.9	2.9	3	2.9	3.3	3.1	3	3.2	3.9	4.9	4.4	3.4	3.6	4.6	5.1	4.1	4.2	4.1	4.3	3.3	2.8	2.8	3	2.2	2.4
	5	0	2.8	4.3	3.5	4	5.4	5.9	7.1	8.2	7	5.1	3.2	2.2	2.5	2.1	2.1	2.3	2.2	2.4	2.7	3.6	3.9	3.7	3.8	2.4	3.8	3.4	3	3.6	2.7	2.2	2.6	2.3	2.6	3.5	3.1	3.8	2.8
	6	0	3.6	4.2	3.5	2.9	3.6	4.9	6.2	6.7	5.9	4.6	3.8	2.7	2.5	2.7	2.5	6.9	3.5	4.1	3.3	3.8	3	4.6	4.1	3.3	3.2	3.9	5.2	4.5	4	4.3	3.5	3.7	3.9	4	4	4.1	3.6
	7	0	3.7	3.3	4	4.3	4.1	4.9	6.3	6.7	5.6	4.3	3.4	2.9	2.5	2.4	3.9	2.5	4.1	3	3.1	3.4	4	4.1	4.2	3.8	4.3	4	5.2	4.8	4.2	4.2	3.2	3.6	3.6	3.8	3.9	3.6	3.7
	8	0	2.8	2.8	3.2	3.2	3.3	3.6	4.4	4.8	4.3	3.7	3.1	2.3	2.3	2.5	3.2	10.5	2.7	3.2	4.4	4	4.8	5.7	4.2	4.5	5.3	5.3	5.7	5.1	5.1	4.2	3.1	2.7	3.7	3.4	3.1	4	2.8
	9	0	3.3	5.3	4.2	4.6	6.1	5.4	5.6	5	4.8	4	3.3	2.6	2.6	2.7	3.6	2.6	3.4	3.2	3.5	4.5	4.1	5.4	4.9	4.5	4.3	4.5	4.1	4.5	5.4	3.9	3.5	3.5	3.7	3.2	2.5	3.9	3.3
	10	0	3	-1	4.8	3.8	4.4	5.7	5.1	5.9	6.5	5.1	3	2.5	3.2	3.2	3.1	3.1	2.8	3.6	4	4.8	4.1	4	4	3.4	4.5	6.3	5.5	5.6	4.8	4.5	2.9	2	2.4	2.4	2.9	2.8	3
	11	0	2.4	2.2	3.8	3	2.4	3.8	4.7	7.5	7.7	5.7	4.1	3.3	2.9	2.5	2.9	2.9	2.9	3.3	3	3.1	3.7	4	5	4.9	4.9	5.7	5.4	3.9	4.3	3.6	2.9	2	1.8	1.4	2.8	2.2	2.4
	12	0	1.5	-1	2	3.5	4.2	3.6	5.1	5.3	3	3.7	3.1	2.6	2.6	2.3	2.6	2.4	2.2	2.3	2.9	3	3.7	5.3	3.4	6	4	6.8	5.7	5.8	3.1	1.9	2.4	2.5	2.4	1.9	4.6	1	1.5
FREQUENCY BY DIRECTION                                                          																																							
	Month	calm	0	10	20	30	40	50	60	70	80	90	100	110	120	130	140	150	160	170	180	190	200	210	220	230	240	250	260	270	280	290	300	310	320	330	340	350	360
	ALL	9.78	1.08	0.5	0.85	1.19	1.93	3.71	7.86	10.81	8.45	6.25	3.37	2.19	2.26	1.87	1.61	1.83	2.39	3.37	3.72	2.01	2.28	1.81	1.65	1.66	2.76	3.47	3.09	3.58	2.4	2.25	1.63	1.49	1.61	1.22	0.99	0.85	1.08
	1	18.3	0.2	0	0	0	0.4	3.3	8.3	17.6	11.3	5.4	1.7	1.3	2	0.7	0.9	1.5	2.6	4.1	1.5	0.9	2.6	4.1	3.5	2.6	8.3	6.5	1.5	3.5	1.1	2.6	0	0	0	0	0	0	0.2
	2	14.2	0.8	0.7	1.1	0.2	1.3	2.9	4.4	11.8	4.7	4.9	1.3	2.3	1.6	2.6	1.8	3.8	5.4	4.1	7	4.4	2.8	2.1	1.8	2.6	4.7	5.1	3.9	2.8	2.1	0.7	0.7	0.5	0.8	1.3	0.8	0.2	0.8
	3	14	0.1	0.6	0.4	0.1	0.5	1.6	4.6	7.3	5.3	6.6	6.6	4.3	4.3	3.5	4.1	4.8	5.2	5.5	3.5	2	3.4	3.2	1.6	0.9	2.1	2.2	2.2	2.4	2	2.9	3	1.9	0.7	0.1	0	0.4	0.1
	4	10.7	0.6	0.3	0.3	0.7	0.7	1.4	2.5	6	8.3	10.6	5	4.3	3.9	1.8	2.7	2.5	3.7	5.4	3.5	1.3	2	0.9	1	0.9	2.6	3.9	3.7	5.2	2.8	3.4	1.5	2.6	2	1.2	0.7	0.2	0.6
	5	5.4	1.4	0.2	1.4	1.4	3.7	7.5	14.7	20.1	11.8	6	3.4	0.8	1.1	0.5	0.4	0.4	0.8	0.8	0.7	0.8	1.4	0.6	0.8	0.5	0.8	2.5	0.9	2.5	2.2	1.5	2.2	1.4	2.2	1.2	1	0.4	1.4
	6	4.3	2.1	0.9	1.6	1.9	1.9	4.2	11.9	16.9	11	6.7	2.8	1.6	1.2	0.7	0.4	0.2	0.2	0.1	0.6	0.9	0.6	0.7	0.9	0.7	1	1.2	3.4	3.7	2.1	2.8	3.3	3.4	2.4	2	1.9	2.1	2.1
	7	5.7	2.6	1.1	1.3	2.3	3.4	5	14.1	16.1	9.7	5.3	2.1	1.5	1.1	0.4	0.7	0.4	0.3	0.7	1.8	1.3	1.3	1.7	1.2	1.4	1.6	1.4	2	2.5	2.4	2.5	1.3	1.5	2.4	2.1	2.1	2	2.6
	8	7.5	1.6	0.5	1.4	2.1	2.7	3.7	7.3	10.3	13.2	7.6	3.1	1.3	1.8	0.9	0.9	0.5	0.3	1.1	2.1	2.1	1.7	1.3	2.2	1.1	2.2	2.4	3.9	3.9	2.6	3	1.3	1.7	2.4	1.9	2.4	1.6	1.6
	9	10.6	0.9	1.2	1.2	2.8	3.1	6.4	9.3	7.4	8.6	5.5	4.2	1.7	1.9	1.1	1.1	1.1	1.3	1.2	2.1	3.1	1.9	1.6	2.1	3.6	3.2	3.8	3.8	3.6	2.4	2	1.5	0.7	1.7	1.2	0.5	1.1	0.9
	10	10.6	0.3	0	0.2	0.6	1.8	3.5	8	4.6	5.5	4.1	2.5	1.8	2.8	3	1.6	1.1	1.5	2.7	5.6	2.5	3.7	3.5	2.6	2.7	5.1	6.1	5.7	6.3	3.8	2	1.1	0.6	1.2	0.8	0.7	0.7	0.3
	11	9.2	0.6	0.4	0.2	0.5	0.7	1.1	1.2	3.5	5.1	4.8	3.7	3.5	3.5	5.6	4	4	4.4	8.6	8	3.9	4.2	3.3	2.3	2.2	3.8	5.1	2.7	3.3	2.4	1.2	0.4	0.1	0.2	0.5	0.2	0.4	0.6
	12	15.9	0.3	0	0.2	0.6	1	1.7	1.4	3.7	3.2	5.6	3	1.9	2.4	2.9	1.3	4.1	6.7	11	13.2	2.7	3.8	0.8	1.4	2.9	2.2	5.1	3.8	3	1.9	1.7	1.9	1.6	1.4	1.3	0.2	0.2	0.3
FREQUENCY OF SPEED                                                              																																							
	Month	0	1	2	3	4	5	6	7	8	9	10	11	12	13	14	15	16	17	18	19	20	21	22	23	24	25												
	ALL	9.8	7.1	20.2	14.8	13.1	12.4	7.8	7.3	1.9	1.7	1.7	0.5	0.6	0.1	0.3	0.2	0.1	0	0.2	0.1	0.1	0	0	0	0	0												
	1	18.3	4.6	14.7	15.1	10.1	12.6	9.2	5.2	1.8	0.5	1.4	1.6	1.1	0.4	0.5	0.4	0.2	0	0.9	0.4	0.7	0	0	0	0	0.4												
	2	14.2	11.8	20.8	15.3	11.2	6.3	6.9	7.2	2.8	1.7	0.6	0.1	0	0.1	0.6	0.3	0.1	0	0.1	0	0	0	0	0	0	0												
	3	14	9.6	19.9	17.2	12.7	9.1	5.9	4.4	0.7	1.4	1.8	0.5	0.9	0.1	0	0.3	0.1	0	0.6	0.1	0.4	0.1	0	0.1	0	0												
	4	10.7	7.2	23.2	19.1	16.8	10.4	5	3.4	0.9	1.3	0.7	0.3	0.2	0	0.5	0.3	0	0	0.1	0	0	0	0	0	0	0												
	5	5.4	7	17.9	11.4	11	9.6	9.2	10.8	2.8	3.8	3.4	1.3	2.5	0.3	1.2	0.8	0.5	0	0.8	0.3	0	0	0	0	0	0												
	6	4.3	4.5	15.7	14.3	13.8	16.9	11.8	10.2	3.7	1.2	1.8	0.6	0.7	0	0.2	0.3	0	0	0	0	0	0	0	0	0	0												
	7	5.7	3.3	18	13.5	14.3	16.1	9.6	11.8	1.9	2.4	1.8	0.6	0.9	0	0.2	0	0	0	0	0	0	0	0	0	0	0												
	8	7.5	5.6	23	16.9	14.9	16.6	6.6	5.8	0.2	0.8	1.4	0.1	0.2	0	0	0.1	0	0	0	0	0	0	0	0	0.1	0												
	9	10.6	3.4	18.5	13.7	15.1	20	8.9	6.4	1.4	1.2	0.8	0	0	0	0	0	0	0	0	0	0	0	0	0	0	0												
	10	10.6	5.1	20.7	11.1	14	12.8	8.7	9.4	3.2	2.6	1.6	0.2	0	0	0	0	0	0	0	0	0	0	0	0	0	0
	11	9.2	9.1	24.2	18.1	12.3	9.1	6.4	5.9	1.7	1	1.7	0.6	0.2	0.1	0.2	0.1	0	0	0	0	0	0	0	0	0	0
	12	15.9	17.4	27.1	12.6	7.9	7.9	3.6	3.7	0.1	0.8	2.5	0	0.3	0.1	0	0	0	0	0	0	0	0	0	0	0	0
PERCENT OF POWER BY SPEED                                                       																											
	Month	0	1	2	3	4	5	6	7	8	9	10	11	12	13	14	15	16	17	18	19	20	21	22	23	24	25
	ALL	0	0.1	1.3	2.7	4.9	8.6	9.6	15.4	5.5	6.5	9	3.7	6.3	1.2	4.6	4.3	1.8	0	6	2.3	3.1	0.4	0	0.6	0.6	1.5
	1	0	0	0.5	1.3	2	4.7	5.7	5.5	2.8	1.1	4	5.9	5.2	2.3	4.1	3.3	2.2	0	13.2	6.5	14.9	0	0	0	0	15
	2	0	0.2	1.5	3.4	5.3	6	11.2	19.3	11.2	8.3	4	1.3	0	2.4	10.4	6.4	3.9	0	5.1	0	0	0	0	0	0	0
	3	0	0.1	1	2.4	3.9	5.1	5.6	7.6	1.9	4.4	8.1	3.3	7.1	1.2	0	4.3	1.9	0	15	3.2	14.8	3.8	0	5.3	0	0
	4	0	0.2	2.3	5.6	10	11.5	9.9	11.5	4.2	7.7	5.8	3.9	2.6	0	12.2	9.2	0	0	3.4	0	0	0	0	0	0	0
	5	0	0.1	0.5	1	2	3.2	5.5	11.2	4	7.1	8.6	4.5	12.2	2	8.7	7.1	5.3	0	11.2	5.7	0	0	0	0	0	0
	6	0	0.1	1	2.5	5.2	11.8	14.2	20.9	10.6	4.6	9.8	4.4	6.3	0	2.6	6.1	0	0	0	0	0	0	0	0	0	0
	7	0	0.1	1.1	2.5	5.5	11.5	12.3	25.6	5.9	9.5	9.4	4.1	9.7	0	2.8	0	0	0	0	0	0	0	0	0	0	0
	8	0	0.1	2.3	4.8	8.6	17.4	12.1	19.3	0.9	5.1	11.1	1.2	3.4	0	0	2.9	0	0	0	0	0	0	0	0	10.9	0
	9	0	0.1	2	4.3	9.1	22.5	18	22.5	6.8	7.6	7.3	0	0	0	0	0	0	0	0	0	0	0	0	0	0	0
	10	0	0.1	1.6	2.6	6.7	11.4	13.7	25.2	12.4	13.1	11.2	1.8	0	0	0	0	0	0	0	0	0	0	0	0	0	0
	11	0	0.2	2.3	5.1	6.7	9.3	11.8	18.8	7.6	5.9	13	6.1	3.3	2.1	4.7	2.9	0	0	0	0	0	0	0	0	0	0
	12	0	0.5	3.5	4.6	6.3	11.5	9.3	16.9	0.8	6.8	30	0	6.2	3.4	0	0	0	0	0	0	0	0	0	0	0	0
PREVAILING DIRECTION BY HOUR                                                    																											
	Month	0	1	2	3	4	5	6	7	8	9	10	11	12	13	14	15	16	17	18	19	20	21	22	23		
	ALL	60	70	70	80	70	70	70	70	70	70	70	70	70	70	70	70	70	70	70	70	70	70	70	80		
	1	250	80	80	80	80	90	70	80	60	70	70	70	70	70	70	70	70	70	70	60	70	70	80	70		
	2	60	70	60	70	70	70	180	90	80	70	70	70	70	70	180	70	70	70	190	70	60	70	70	160		
	3	130	160	170	130	170	160	140	140	150	70	100	70	90	70	70	80	90	90	90	70	60	120	70	60		
	4	170	160	150	80	130	120	170	120	170	170	90	120	90	90	90	80	80	90	70	80	90	70	250	90		
	5	70	70	70	60	50	70	70	70	70	80	70	70	60	70	70	70	70	70	60	60	60	70	60	60		
	6	60	70	70	70	90	70	70	80	70	70	80	70	70	70	60	60	70	70	70	70	70	70	70	80		
	7	70	70	60	60	60	70	60	60	70	70	70	80	60	70	60	60	60	70	60	60	70	60	50	80		
	8	80	80	80	180	190	210	80	90	80	80	80	80	70	60	80	70	70	70	80	70	80	80	80	80		
	9	80	70	70	190	40	250	60	80	60	50	60	60	60	50	60	80	50	80	30	60	70	80	70	100		
	10	40	60	260	90	290	60	250	70	80	60	80	240	60	60	60	60	60	60	70	60	240	80	60	70		
	11	90	190	140	140	130	100	130	130	180	80	130	130	180	100	170	70	180	170	170	170	170	150	180	170		
	12	120	150	150	180	180	170	180	170	170	160	180	170	170	170	100	230	170	170	170	180	180	120	180	120
SPEED FOR PREVAILING DIRECTION BY HOUR                                          																									
	Month	0	1	2	3	4	5	6	7	8	9	10	11	12	13	14	15	16	17	18	19	20	21	22	23
	ALL	5.59	6.37	8.42	6.6	7.22	7.96	5.99	6.84	5.92	6.68	7.19	7.82	6.59	7.26	7.24	8.05	8	6.99	7.34	6.62	6.86	6.83	6.56	5.62
	1	3.73	4.73	5.1	5.77	3.73	4.07	7.15	3.96	3.53	11.06	9.32	10.58	6.88	8.26	8.06	10.4	12.23	7.68	9.1	6.1	8.2	3.05	5.52	3.55
	2	4.35	5.6	4.55	5.85	5.93	6.4	3	3.82	3.42	5.1	9.42	6.25	6.84	6.8	2	8.26	7.17	9.57	3.94	5.6	5.1	5.8	3.8	3.26
	3	2.92	3.78	3.15	3.37	2.87	3.78	3.14	2.74	2.78	9.88	3.2	7.15	2.12	8.7	5.87	4.85	4.5	5	6.02	9.98	5.32	3.56	9.45	5.77
	4	3.33	2.91	4.1	1.5	3.8	3.73	3.8	2.89	3.14	2.45	6.44	2.67	4.87	4.38	4.4	5.78	3.78	4.48	6.14	3.51	4.21	4.73	4.6	3.47
	5	7.05	8.92	13.94	9.07	6.02	10.77	7.16	8.7	6.12	6.53	8.18	8.66	6.76	8.67	8.41	9.09	8.93	7.95	5.57	6.36	7.12	7.64	7.29	6.75
	6	6.03	5.42	5.6	6.63	5.62	6.14	5	6.8	5.33	5.88	5.51	6.41	6.22	6.64	6.59	6.57	7.77	6.82	6.99	7.11	7.3	7.5	8.39	5.8
	7	6.12	3.8	4.27	4.4	3.82	7.65	3.82	5.26	6.4	5.34	6	5.1	6.99	7.56	7.76	8.55	7.21	7.79	7.57	6.32	6.49	5.97	5.78	5.53
	8	4.4	2.75	3.73	5.3	5.93	5.1	3.55	3.02	4.3	3.9	3.8	4.6	3.88	4.95	4.43	5.09	4.75	5.35	4.44	4.82	4.59	4.37	4.86	4.06
	9	4.85	5.9	3.8	3.3	5.1	5.9	3.4	3.14	5.45	6.38	4.77	5.22	3.54	6.02	6.28	4.18	5.35	5.52	4.47	7.85	5.2	5.78	4.82	3.56
	10	4.18	3.55	6.27	4.35	4.43	5.2	6.13	4.78	7.37	5.35	2.87	5.75	7.05	4.6	3.88	5.85	5.52	4.6	6.74	5.35	4.32	6.06	4.98	6
	11	5.75	2.92	3.23	2.25	3.05	3.8	2.5	2.33	2.52	8.6	2.88	2.94	3.86	3.95	2.78	5.6	3.13	3.24	3.34	3.7	2.52	3.03	3.28	3.68
	12	1.75	2.5	2.75	2	3.03	2.25	2.5	2.5	1.67	2.32	2.51	2.1	2.52	2.32	2.9	4.32	2.22	2.32	2.65	3.03	2.78	3.03	3.03	3.3
