FT RICHARDSON/BRYAN AK - 702736                                                 														
 61 deg    16' N  149 deg    39' W - Elev  115m   LST=GMT+99 hours   *NT=-10    														
 06/76-07/83                                                                    							Adjusted to Alaska Timezone (GMT-9)							
SPEED BY YEAR                                                                   														
	Year	ALL	JAN	FEB	MAR	APR	MAY	JUN	JUL	AUG	SEP	OCT	NOV	DEC
	ALL	1.26	0.99	1.2	1.13	1.57	2	1.65	1.28	0.95	1.18	0.92	0.98	0.93
	1976	1.2	-1	-1	-1	-1	-1	2	1.27	1.02	1.4	-1	-1	-1
	1977	1.31	1.35	0.63	1.3	1.87	2.66	1.78	1.99	1.1	1.62	0.77	0.33	0.26
	1978	1.16	0.42	2.12	0.68	1.06	1.7	1.86	1.19	0.69	0.82	1.27	1.08	1.13
	1979	1.36	0.96	1.14	1.34	1.28	2.18	1.63	0.89	0.89	1.35	1.4	2.6	0.76
	1980	1.17	1.78	1.56	1.15	1.85	2.15	1.35	0.98	0.85	0.72	0.88	0.34	0.21
	1981	1.08	1.1	1.13	1.33	1.22	1.94	1.47	1.04	0.98	0.6	0.66	0.71	0.6
	1982	1.47	0.36	1.23	1.71	1.46	2.24	2.25	1.61	1.08	1.72	0.69	0.84	1.96
	1983	1.18	0.97	0.51	0.63	1.99	1.54	1.21	1.2	-1	-1	-1	-1	-1
POWER BY YEAR                                                                   														
	Year	ALL	JAN	FEB	MAR	APR	MAY	JUN	JUL	AUG	SEP	OCT	NOV	DEC
	ALL	21	24	30	18	23	32	21	9	7	16	11	30	41
	1976	11	-1	-1	-1	-1	-1	5	11	7	17	-1	-1	-1
	1977	19	36	6	17	24	84	18	18	8	41	6	1	1
	1978	17	3	78	4	13	14	29	8	5	5	12	34	11
	1979	29	14	57	38	13	32	18	4	5	16	34	114	18
	1980	20	83	31	14	26	28	10	13	5	6	14	2	1
	1981	10	15	22	17	7	26	7	6	9	2	4	6	4
	1982	33	1	20	48	13	44	48	11	7	28	2	21	140
	1983	15	11	2	1	50	20	8	5	-1	-1	-1	-1	-1
NUMBER OF SPEED OBSERVATIONS BY YEAR                                            														
	Year	ALL	JAN	FEB	MAR	APR	MAY	JUN	JUL	AUG	SEP	OCT	NOV	DEC
	ALL	38198	2783	2586	3534	3613	3557	3766	3617	3215	2956	2932	2795	2844
	1976	317	0	0	0	0	0	1	98	135	83	0	0	0
	1977	3802	76	74	401	387	248	403	391	388	332	312	392	398
	1978	4615	314	289	426	387	408	419	394	434	398	395	369	382
	1979	5498	553	408	413	392	426	483	499	454	471	481	453	465
	1980	6024	521	493	527	501	510	510	510	527	493	523	461	448
	1981	5527	367	353	527	510	476	510	476	533	459	477	400	439
	1982	7933	441	432	496	716	744	720	744	744	720	744	720	712
	1983	4482	511	537	744	720	745	720	505	0	0	0	0	0
NUMBER OF SPEED OBSERVATIONS BY HOUR                                            														
	Hour	ALL	JAN	FEB	MAR	APR	MAY	JUN	JUL	AUG	SEP	OCT	NOV	DEC
	0	474	31	24	32	59	62	60	52	32	30	31	32	29
	1	474	32	24	31	60	62	60	52	32	30	31	31	29
	2	476	32	25	31	61	62	60	52	32	30	31	30	30
	3	476	32	25	31	61	62	60	52	32	30	31	30	30
	4	481	34	26	31	61	62	60	53	32	30	31	31	30
	5	1299	56	54	94	122	148	162	151	132	125	117	70	68
	6	1938	132	128	188	162	178	189	185	171	151	153	148	153
	7	2069	133	139	196	185	189	199	200	182	165	167	155	159
	8	2097	145	148	200	192	186	201	196	179	167	167	154	162
	9	2123	164	151	204	192	190	200	195	181	164	165	157	160
	10	2121	165	154	203	194	189	197	195	178	166	165	153	162
	11	2122	169	156	200	191	184	200	199	174	165	164	157	163
	12	2135	169	157	204	193	191	200	198	177	167	163	156	160
	13	2122	167	154	200	191	190	199	194	183	164	164	156	160
	14	2136	168	157	201	193	191	198	199	187	163	165	157	157
	15	2114	163	153	201	193	188	195	196	178	169	161	154	163
	16	2112	160	154	200	193	186	202	197	181	166	162	153	158
	17	2111	163	154	200	195	187	201	193	178	163	165	154	158
	18	2021	162	140	194	187	173	193	184	171	158	155	151	153
	19	1960	135	126	190	182	175	192	180	167	159	153	151	150
	20	1938	129	121	188	179	174	194	179	171	152	155	146	150
	21	1947	133	121	191	177	176	194	181	170	155	150	149	150
	22	957	77	71	93	115	90	90	82	63	57	55	83	81
	23	495	32	24	31	75	62	60	52	32	30	31	37	29

SPEED BY HOUR                                                                   														
	Hour	ALL	JAN	FEB	MAR	APR	MAY	JUN	JUL	AUG	SEP	OCT	NOV	DEC
	0	1.18	0.86	0.23	0.33	1.44	1.63	1.51	1.2	0.69	1.61	0.63	0.96	2
	1	1.07	0.79	0.19	0.27	1.49	1.29	1.33	1.06	0.85	1.51	0.55	0.83	1.66
	2	1.05	0.93	0.24	0.55	1.41	0.88	1.2	1.09	1.01	1.52	0.34	0.89	2.06
	3	0.93	0.88	0.36	0.47	1.29	0.7	1.07	0.89	0.72	1.42	0.34	0.91	1.86
	4	0.9	0.68	0.33	0.31	1.19	0.64	0.88	0.74	0.58	1.81	0.63	0.95	2.12
	5	0.69	0.71	0.53	0.76	0.78	0.6	0.61	0.57	0.34	0.94	0.83	0.72	1.22
	6	0.76	1.07	0.99	0.86	0.89	0.66	0.65	0.58	0.34	0.78	0.86	0.87	0.78
	7	0.83	1.02	1.07	0.87	0.73	0.94	0.91	0.71	0.33	0.71	0.79	1.14	0.88
	8	0.93	1.17	1.19	0.86	0.87	1.16	1.19	0.93	0.46	0.68	0.89	0.98	0.77
	9	1.01	1	1.16	0.86	0.96	1.39	1.23	1.04	0.66	0.97	0.88	1.07	0.94
	10	1.11	0.98	1.24	1.07	1.33	1.64	1.38	1.11	0.75	1.05	0.86	1.08	0.75
	11	1.21	0.87	1.33	1.14	1.58	1.75	1.58	1.29	0.77	1.23	0.9	1.13	0.83
	12	1.36	0.84	1.31	1.39	1.84	2.09	1.58	1.39	1.05	1.39	1.1	1.22	0.91
	13	1.42	0.95	1.6	1.44	1.89	2.13	1.72	1.41	1.21	1.51	1.11	0.98	0.86
	14	1.52	1.04	1.55	1.52	2.24	2.42	1.93	1.39	1.16	1.46	1.11	1.25	0.9
	15	1.61	1.09	1.42	1.69	2.19	2.8	2.16	1.57	1.33	1.57	1.12	1	0.94
	16	1.64	0.96	1.45	1.6	2.28	3.09	2.11	1.76	1.45	1.59	0.96	0.93	1
	17	1.7	1.09	1.44	1.43	2.31	3.36	2.48	1.9	1.68	1.3	1.04	0.88	0.95
	18	1.61	1.15	1.3	1.26	2.2	3.29	2.5	1.91	1.34	1.2	1.04	0.82	0.82
	19	1.49	0.97	1.2	1.15	1.93	2.97	2.45	1.74	1.21	1.16	0.86	0.92	0.76
	20	1.35	0.85	1.05	0.94	1.6	2.84	2.15	1.61	1.04	0.99	0.93	0.78	0.85
	21	1.24	0.92	1.11	0.99	1.24	2.52	1.97	1.22	0.9	1.06	0.96	0.88	0.71
	22	1.14	1.23	0.74	0.79	1.15	2.03	1.66	1.08	1.02	1.01	0.63	1.11	0.81
	23	1.18	1.01	0.23	0.31	1.34	1.69	1.56	1.15	1.02	1.46	0.69	0.64	1.88

POWER BY HOUR                                                                   														
	Hour	ALL	JAN	FEB	MAR	APR	MAY	JUN	JUL	AUG	SEP	OCT	NOV	DEC
	0	25	24	0	0	51	22	27	8	3	25	2	24	98
	1	21	5	0	1	43	10	24	13	10	24	1	18	104
	2	17	7	0	1	29	6	16	7	15	17	1	15	103
	3	19	4	0	1	37	8	19	14	4	18	1	32	87
	4	20	1	0	0	45	6	20	4	5	34	1	27	102
	5	11	3	11	22	21	4	6	6	4	15	8	11	36
	6	14	30	19	17	16	6	11	6	2	10	21	18	17
	7	15	35	25	23	10	5	11	6	2	10	12	30	26
	8	17	50	32	24	14	7	12	6	2	10	11	22	23
	9	18	19	30	21	10	10	10	6	3	18	10	42	41
	10	22	18	37	25	21	61	12	4	5	16	15	32	25
	11	20	15	34	18	17	23	18	7	3	15	12	59	31
	12	20	17	38	19	18	23	11	10	4	17	14	39	41
	13	22	38	41	18	16	24	16	9	7	22	8	35	35
	14	25	29	37	24	22	35	19	8	6	20	8	41	62
	15	25	24	37	24	25	44	25	10	7	18	8	32	51
	16	25	18	33	21	27	59	23	13	10	20	8	21	56
	17	31	30	40	15	25	71	35	16	17	18	8	23	80
	18	29	31	40	12	27	63	49	17	8	16	12	20	50
	19	24	16	40	15	27	48	32	15	7	17	10	27	33
	20	20	11	23	14	25	50	27	16	11	11	14	21	17																									
	21	22	16	25	21	24	47	29	10	11	18	18	27	13																									
	22	25	39	11	13	30	42	25	7	14	15	41	34	25																									
	23	20	17	0	2	33	32	27	5	15	13	2	9	51																									

SPEED BY DIRECTION                                                              																																							
	Month	calm	0	10	20	30	40	50	60	70	80	90	100	110	120	130	140	150	160	170	180	190	200	210	220	230	240	250	260	270	280	290	300	310	320	330	340	350	360
	ALL	0	1.75	1.77	1.82	2.03	2.25	1.98	1.81	1.96	1.91	2.34	3.44	3.76	4.53	5.4	5.35	4.15	3.06	2.57	2.26	2.04	2.09	2.34	2.66	2.21	2.09	2.07	2.08	2.07	2.09	2	1.78	1.62	1.88	1.79	1.84	1.98	1.75
	1	0	2.4	2.3	2.1	2.3	3.2	1.8	1.7	1.8	1.6	2.1	3.9	3	3.7	5.6	4.3	2.9	2.5	1.7	1.6	2	1.9	2.9	4.5	2.6	2.6	3.2	1.8	1.9	2.8	2.4	2	1.6	2	1.9	2.9	2	2.4
	2	0	2	1.9	2.4	3.5	3.1	3	2.1	2	1.6	2.4	4.1	6.2	4.1	5.2	5.9	3.5	1.7	2	2.6	2.2	2.1	2.2	3.7	2.1	2.3	1.8	1.3	1.7	1.4	1.2	1.8	2	1.7	1.9	1.5	2	2
	3	0	1.6	1.6	1.6	1.6	1.5	1.6	1.6	1.6	2	2.9	3.4	2.9	3.7	4.7	6.1	4.9	3.5	1.6	2.6	2.2	2.4	3	2.9	2.5	1.8	1.8	1.6	1.6	1.7	1.1	1.4	1.3	1.5	1.8	1.9	1.8	1.6
	4	0	1.9	2.1	2.3	2.4	2.1	2.2	2	2	3.2	2.5	3.5	3.6	4.4	4.8	5.4	5	4.2	3	2.1	2	1.9	2.3	2.6	2.2	2.2	1.9	2.1	1.9	1.8	2	2	1.6	2	2.1	2.3	2.4	1.9
	5	0	1.8	1.9	2.1	1.8	1.9	1.8	1.8	2	1.8	2.3	2.7	4	4.7	5.4	5.5	4.8	4.2	4.1	2.8	1.7	2.4	1.9	2.1	2.2	2.2	2.3	2.5	2.4	2.3	2.3	1.8	2	2.1	1.8	2	2.2	1.8
	6	0	1.6	1.5	1.4	1.8	1.9	2.1	1.6	1.9	1.8	2.4	3.4	3.5	5.2	5.4	4.8	4.2	2.9	2.7	2.2	1.9	2.1	2.2	2.4	2.2	2.1	2.1	2.2	2.3	2.4	1.9	1.7	1.4	1.6	1.7	1.7	1.8	1.6
	7	0	1.6	1.7	1.5	1.8	1.7	1.8	1.7	1.5	1.7	2.4	2.8	3.2	4.6	4.3	4.3	3.4	2	2.2	2.3	1.7	2	2	2.1	2	2.1	2.2	2.3	2.1	2	2.1	1.8	1.8	2	1.7	1.4	1.8	1.6
	8	0	1.6	1.5	1.4	1.6	1.6	1.6	1.7	1.5	1.3	2.4	3	3.4	3.7	4.2	4.4	3	2.7	1.8	1.7	2	2.2	1.8	2.3	2	1.9	1.8	1.5	2.1	1.7	1.8	1.4	1.4	1.7	1.5	1.6	1.8	1.6
	9	0	1.8	1.6	1.8	1.7	1.9	2.5	2.1	3.6	2.2	3.3	3.2	4.2	5.1	5.2	4.7	3.7	2.8	2.7	2.2	1.7	1.7	2.3	2.8	2	1.9	1.8	1.8	1.4	1.7	2	1.7	1.6	1.8	1.9	1.6	1.9	1.8
	10	0	1.5	1.7	1.4	1.5	1.9	1.8	1.9	2.4	1.5	1.9	3.2	3.9	4.1	4.6	3.6	3.2	2.2	2.1	2.2	2.1	2.1	2.8	3.1	2	1.7	1.7	1.4	1.6	2.2	1.4	2.5	1.6	1.9	1.8	1.4	2.1	1.5
	11	0	1.6	1.8	1.8	1.8	2.7	1.9	1.6	1.7	1.5	1.9	3.8	3.3	3.9	8.3	7.2	4.8	3.2	3.1	2.4	3.4	2.6	2.9	3.1	3	2.6	1.8	2.3	1.5	2.5	2	2	3	2.2	1.5	2.3	1.7	1.6
	12	0	2.1	1.8	2	2.3	1.9	1.6	1.8	2	2.4	1.7	3.1	3.8	5.3	8.5	8.4	4.4	4.1	2.3	2.3	2	1.8	2.8	2.9	3.3	3	3.1	2.3	2.3	2.4	2.7	1.5	1.4	3.3	1.9	3.5	1.2	2.1
FREQUENCY BY DIRECTION                                                          																																							
	Month	calm	0	10	20	30	40	50	60	70	80	90	100	110	120	130	140	150	160	170	180	190	200	210	220	230	240	250	260	270	280	290	300	310	320	330	340	350	360
	ALL	52.31	4.41	2.67	3.04	6.92	3.52	3.35	2.92	1.52	1.14	1.85	1.13	1.15	3.75	3.83	3.53	4.33	1.36	1.22	2.35	1.48	1.61	4.44	2.66	2.71	4.61	3.21	2.8	5.32	2.45	1.42	2.66	1.05	1.21	2.93	2.19	3.25	4.41
	1	63.9	3	3	3.4	12	10.1	7.9	6.4	3.9	2.5	4.6	2.6	1.4	2.6	3.1	2.4	4.9	1.1	1.2	2.5	1.7	1.8	2.8	2.3	0.9	2.3	0.7	0.6	1.3	0.8	0.5	0.7	0.7	0.5	1.5	0.7	1.5	3
	2	59.9	3.8	2.9	4.3	11.9	7	6.7	6.1	2	1.9	2.5	2	1.5	4	3.4	3	3.8	1.9	2.1	2.5	2.4	1.4	3.9	1.4	1.3	3	1.3	2.1	2	0.5	0.7	1.4	0.4	0.5	1.4	1.1	2.1	3.8
	3	53.7	7.5	4.6	4.7	7.9	3.8	4.2	2.8	2	1.2	1.3	2.1	1.4	2.8	3.3	3.2	3.2	1.3	0.8	2.2	0.6	1.3	3.7	2.2	2.4	2.6	2.4	2.6	3.5	2.2	0.6	1.4	0.7	1	4.4	3.8	4.6	7.5
	4	42.7	5.4	3.1	3.2	4.7	2.3	2	1.6	0.9	0.7	1.7	0.6	0.9	3.5	3	3.4	6	1.5	1.3	1.3	1.6	1.7	3.4	2.6	2.7	3.3	3	3.6	6.6	2.2	2	3.4	1.3	2.1	4.6	3.1	5.5	5.4
	5	32.8	3.3	2.2	1.9	4.5	1.9	1.8	1.7	0.9	0.7	1.1	0.7	1.2	5.1	6.5	6.4	5.4	1.3	1.1	1.7	0.5	0.9	2.7	2.2	2.6	4.3	4.2	3.5	7.8	4.4	2.5	4.2	1.3	1.3	3.1	2.4	2.8	3.3
	6	36.3	4.4	2	1.7	3.4	1.3	1.8	1.8	1	0.6	1	0.3	0.8	3.8	4.4	3.4	3.8	1.1	0.8	1.8	1.2	1.3	4.6	3.2	3.5	7.1	4.8	4.4	9.6	3.9	2.2	3.8	1.4	1.5	3.5	2.2	2.3	4.4
	7	44.1	3.6	2.1	2.2	4.8	2.2	2.1	1.7	0.6	0.5	1	0.2	0.5	3.1	2.2	2.8	3.2	1.3	1.1	2.9	2.1	1.3	5.3	3.4	3.4	7.7	5.3	5	7.9	4.1	1.7	3.8	1.4	1.8	2.7	1.8	3.3	3.6
	8	55.6	4.5	2.8	3.6	5.2	2.5	1.7	1.8	0.9	0.5	1.2	0.5	0.3	2.5	2.7	3.5	3.2	1.2	1.1	2.4	1.8	1.9	5.8	2.8	4.2	7.6	4.7	2.5	6	2.5	1.4	3.4	1.2	1.5	3.3	3.2	4.2	4.5
	9	57	4.3	2.6	2.8	6.7	2.6	1.9	2.5	1	1.3	2.8	1.9	1.7	6.5	4.6	3.5	4.9	1.8	1.3	2.5	1.4	2.5	4.9	3.5	3	4.6	3.1	1.5	3	1.3	0.7	1.8	1.3	0.8	2.9	2.7	3.7	4.3
	10	60.4	4.7	2.9	3.6	11.7	4	5.2	3.3	2.1	1.4	2.5	1.7	0.8	3.1	3.6	2	4.3	1.5	1.2	3.9	2.2	3.4	7.4	2.4	2.7	3.6	1.7	0.7	2	1	0.7	1.1	0.9	0.8	1.6	1.6	2.6	4.7
	11	67.1	3.1	2.1	3.9	10.9	6	4.7	5.2	2.2	2	2.7	1.9	2.5	3.7	4.5	3.1	4.3	1.2	2.3	4.5	2.1	2	5.8	3.2	2.1	3	0.9	0.8	1.7	0.6	0.3	1.6	0.1	0.3	1	0.5	3.1	3.1
	12	69.2	4.3	2	4.2	11.7	7.1	7.8	7.2	4.1	2.9	3.8	1.7	2.6	3.5	3.6	3.6	4.8	1.5	1.7	2.3	1.3	0.9	4.6	2.2	1.6	1.2	0.7	0.9	0.9	0.3	0.9	0.4	0.5	0.2	1.4	0.3	1.2	4.3
FREQUENCY OF SPEED                                                              																																							
	Month	0	1	2	3	4	5	6	7	8	9	10	11	12	13	14	15	16	17	18	19	20	21	22	23	24	25												
	ALL	52.3	20.6	12.6	5.1	3.2	2.7	1.3	0.8	0.4	0.3	0.3	0.1	0.1	0.1	0	0	0	0	0	0	0	0	0	0	0	0												
	1	63.9	17.5	8	2.7	2.2	1.9	1.1	0.8	0.7	0.6	0.2	0	0.1	0.1	0.1	0	0.1	0	0	0	0	0	0	0	0	0												
	2	59.9	18.7	7.7	3.4	2.6	1.9	1.8	1.1	0.7	0.8	0.8	0.2	0.3	0.1	0	0	0	0	0	0	0	0	0	0	0	0												
	3	53.7	23.5	11.7	3.9	2.3	1.7	1.2	0.5	0.4	0.1	0.5	0.2	0.1	0.1	0	0	0	0	0	0	0	0	0	0	0	0												
	4	42.7	21.5	15.4	7.8	4.4	4	1.8	1	0.4	0.2	0.3	0.1	0.1	0.1	0	0	0	0	0	0	0	0	0	0	0	0												
	5	32.8	21.9	17.7	10	5.9	5.9	2.2	1.7	0.6	0.5	0.3	0.1	0.2	0	0	0	0	0	0	0	0	0	0	0	0	0												
	6	36.3	25.8	19	7.4	3.7	3.9	1.8	0.9	0.5	0.3	0.4	0.1	0.1	0	0	0	0	0	0	0	0	0	0	0	0	0												
	7	44.1	23.4	18.6	7	3.3	2.3	1	0.2	0.2	0.1	0.1	0	0	0	0	0	0	0	0	0	0	0	0	0	0	0												
	8	55.6	22.6	12.6	4.1	2.7	1.3	0.7	0.2	0.1	0.1	0	0	0	0	0	0	0	0	0	0	0	0	0	0	0	0												
	9	57	17.9	10.3	4.3	3.9	3.4	1.6	0.9	0.3	0.1	0.1	0	0.2	0	0	0	0	0	0	0	0	0	0	0	0	0												
	10	60.4	20	10.2	2.9	2.4	2.5	0.8	0.4	0	0.1	0.1	0.1	0	0	0	0.1	0	0	0	0	0	0	0	0	0	0												
	11	67.1	15.1	7.7	2.7	1.7	1.4	0.9	0.7	0.5	0.5	0.8	0.5	0.3	0.1	0	0	0	0	0	0	0	0	0	0	0	0
	12	69.2	14.7	6.9	2.5	1.7	1.5	0.8	0.9	0.2	0	0.3	0.1	0.4	0.1	0.2	0.2	0.1	0.1	0	0.1	0.1	0	0	0	0	0
PERCENT OF POWER BY SPEED                                                       																											
	Month	0	1	2	3	4	5	6	7	8	9	10	11	12	13	14	15	16	17	18	19	20	21	22	23	24	25
	ALL	0	1.1	4	5.1	6.9	10.8	9.2	9.2	6.5	6.5	10	5.1	7.6	3.7	2.8	3	1.7	1.6	1.3	1.1	1.9	0	0	1	0	0
	1	0	0.8	2.2	2.3	4.4	6.9	7.1	9.4	11.2	13.9	5.3	1.4	4	7	5.5	0	8.2	5	5.4	0	0	0	0	0	0	0
	2	0	0.7	1.8	2.4	4	5.4	9.1	9.1	9	13.5	17.7	6.1	11.7	4.2	2.4	2.9	0	0	0	0	0	0	0	0	0	0
	3	0	1.5	4.3	4.5	6.1	8.4	9.5	7.4	8	3.7	18.3	11.6	7.1	6.7	2.9	0	0	0	0	0	0	0	0	0	0	0
	4	0	1.2	4.7	7.3	9.1	15.2	12.1	11.4	6.8	4.2	10	2.2	4.4	9.2	2.3	0	0	0	0	0	0	0	0	0	0	0
	5	0	0.9	3.8	6.6	8.6	15.6	10.2	13	7.3	7.6	6.2	4	6.1	1.3	0	2	0	0	0	0	0	0	0	6.8	0	0
	6	0	1.5	6.1	7.8	8	15.5	12.4	10.9	7.8	6.2	13.3	2.4	4.9	0	0	2.9	0	0	0	0	0	0	0	0	0	0
	7	0	2.9	13	15.2	15.7	19.5	15	4.2	6.2	4.6	3.7	0	0	0	0	0	0	0	0	0	0	0	0	0	0	0
	8	0	3.9	12.2	12.5	18.8	15.6	13.8	6.7	4.6	9	2.9	0	0	0	0	0	0	0	0	0	0	0	0	0	0	0
	9	0	1.3	4.1	5.8	11	17.4	15.2	14.2	6.3	2.9	2.6	1.8	17.2	0	0	0	0	0	0	0	0	0	0	0	0	0
	10	0	2	5.9	5.7	10.1	18.1	10.5	9.5	0	5.7	7.7	7.9	3.8	0	0	13.2	0	0	0	0	0	0	0	0	0	0
	11	0	0.6	1.8	2	2.7	4	4.3	5.9	6.1	7.7	18.9	15.9	11.7	5.1	2.4	2.6	0	3.9	4.2	0	0	0	0	0	0	0
	12	0	0.4	1.1	1.4	2	3.2	3.2	5.6	1.9	0.5	4.7	3.2	10.5	4.2	9.8	10	7.3	5.8	3.4	7.7	13.8	0	0	0	0	0
PREVAILING DIRECTION BY HOUR                                                    																											
	Month	0	1	2	3	4	5	6	7	8	9	10	11	12	13	14	15	16	17	18	19	20	21	22	23		
	ALL	150	150	210	30	60	210	30	30	30	30	270	240	30	30	30	30	270	270	270	270	150	120	140	130		
	1	30	60	30	30	40	40	30	40	40	30	50	30	40	40	30	30	30	150	30	30	30	40	30	40		
	2	60	30	30	20	30	60	50	60	30	60	40	40	30	30	30	30	30	30	30	30	20	90	140	50		
	3	40	30	40	30	20	50	30	30	60	30	20	30	30	360	360	10	350	360	30	40	30	210	140	30		
	4	140	150	140	30	140	40	150	140	40	30	270	270	360	350	350	330	360	150	150	260	150	150	140	150		
	5	150	230	210	30	50	60	50	220	30	250	270	270	270	270	270	270	280	270	140	270	140	120	140	130		
	6	150	140	150	60	70	210	50	240	250	240	270	350	270	270	270	270	270	270	270	270	130	130	140	130		
	7	220	220	210	160	230	50	210	30	30	230	270	240	270	300	240	270	270	270	270	270	250	240	150	200		
	8	60	60	100	40	130	210	60	180	210	220	30	240	360	270	30	30	240	240	240	240	240	130	120	120		
	9	210	140	140	40	120	120	30	120	120	120	30	150	30	240	350	240	360	30	30	100	120	130	120	30		
	10	90	150	170	150	30	150	150	30	30	210	30	240	210	30	30	30	30	30	30	30	30	50	30	190		
	11	30	60	60	210	110	30	30	30	40	50	30	30	30	30	30	30	60	30	180	60	30	110	30	50		
	12	20	30	70	360	60	60	40	30	30	30	50	40	30	30	30	20	50	30	30	30	30	30	50	30		
SPEED FOR PREVAILING DIRECTION BY HOUR                                          																									
	Month	0	1	2	3	4	5	6	7	8	9	10	11	12	13	14	15	16	17	18	19	20	21	22	23
	ALL	4.52	3.86	1.98	1.65	1.38	2.22	1.5	1.99	1.82	1.88	1.6	2.13	1.95	2.02	2.02	2.02	2.37	2.66	2.34	2.34	3.94	4.55	5.24	5.3
	1	2.8	1.5	1.5	2.7	1	1.75	1.89	2.42	4.85	2.13	1.87	1.67	3.33	3.83	2.71	1.65	3.04	3.56	1.91	2.87	2.3	2.62	2.01	1.5
	2	1	1.5	1	1.25	1.25	1.75	2.32	1.69	3.1	1.8	4	1.97	3.6	3.56	3.37	2.9	3.85	3.44	5.77	5.03	4.83	3.42	4.85	1
	3	1	2	0.83	1.25	1	1.88	1.46	1.45	1.2	1.38	1.69	1.4	1.94	1.67	1.62	1.84	1.73	1.36	1.65	2.01	1.25	3.3	4.04	1
	4	8.32	7.4	6.33	1.5	5.1	1.83	5.46	4.52	1.25	2.12	1.47	1.5	1.85	2.39	2.67	1.9	2.01	4.12	5.18	1.83	4.99	4.97	7	2.54
	5	5.82	2	1.6	1.5	2.55	1.75	1.9	2.11	1.61	2.15	1.59	2.07	2.29	2.31	2.41	2.53	2.52	3.19	6.38	2.58	5.74	4.89	4.82	6.22
	6	4.51	5.42	2.92	1.38	2	2.12	1.25	1.84	1.78	2.05	1.74	1.35	1.61	2.61	2.08	2.25	2.6	3.28	2.41	2.45	4.73	4.76	4.07	4.8
	7	2.12	2.67	1.33	1.5	2.2	1.62	1.33	1.5	2.11	1.6	1.61	2.06	2.21	2.01	2.29	2.16	2.46	2.5	2.24	2.37	2.05	1.5	2.84	2.12
	8	1.5	1.75	1.75	1	3.8	1.38	1	1.12	2.17	2.09	1.62	1.57	1.58	2.38	1.5	1.4	2.05	1.86	2.2	1.77	1.91	3.27	5.1	4.35
	9	1.7	3.05	3.23	4.6	6.15	4.52	1.4	4.18	4.6	6.11	2.1	4.01	1.76	1.64	1.73	2.31	1.25	1.9	1.92	2.94	3.8	4.58	3.07	1.75
	10	1.75	1	1.5	1	1.5	3.24	1.66	1	1.38	3.19	1.68	1.75	2.57	1.81	1.5	1.55	1.55	1.87	1.55	1.3	1.87	2.01	1.5	1.83
	11	2.25	1.5	1.5	1.25	5.65	1.25	1.12	2.72	3.17	1.08	1.21	3.36	1.84	1.64	1.12	2	2.02	1.14	1.92	1.5	1.82	2.15	2.87	1.25
	12	2	2.37	1.33	2.7	1.9	1.3	2.17	1.33	1.31	2.52	1.25	1.66	2.31	1.87	1.59	3.3	1.43	2.64	3.28	2.3	3.05	1.73	1.17	1.3
