GAMBELL (AWOS)      AK - 702040                                                 														
 63 deg    46' N  171 deg    44' W - Elev    8m   LST=GMT+99 hours   *NT=-11    														
 06/87-09/02                                                                    					Adjusted to Alaska Timezone (GMT-9)									
SPEED BY YEAR                                                                   														
	Year	ALL	JAN	FEB	MAR	APR	MAY	JUN	JUL	AUG	SEP	OCT	NOV	DEC
	ALL	8.17	10.1	10.36	8.95	8.31	6.69	5.84	5.88	6.87	7.87	8.31	10.16	10.41
	1987	8.19	-1	-1	-1	-1	-1	6.44	5.15	5.75	8.64	9.57	11.27	10.34
	1988	8.01	9.76	10.08	8.24	8.72	8.48	6.07	5.17	7.73	6.56	7.06	10.82	-1
	1989	6.27	-1	-1	4.39	10.46	7.54	4.76	5.42	6.41	-1	-1	-1	-1
	1990	9.62	-1	-1	-1	-1	-1	-1	-1	-1	6.15	10.4	10.25	10.62
	1991	8.2	9.69	10.9	9.42	9.15	6.77	5.33	5.49	6.11	9.08	8.12	10.17	9.97
	1992	7.76	11.13	9.73	8.58	6.65	6.15	6.25	5.13	6.77	7.51	7.66	10.11	9.05
	1993	8.04	6.6	10.02	8.88	11.37	6.77	5.82	5.86	6.21	9.05	7.76	9.44	11.58
	1994	8.05	10.24	8.49	9.81	9.06	7.15	5.13	5.24	7.63	8.23	7.31	8.42	10.02
	1995	7.65	8.81	9.09	5.69	8.66	5.57	5.64	6	4.92	8.15	7.7	7.95	13.47
	1996	8.48	8.43	10.22	8.72	9.02	6.82	6.81	6.6	6.98	9.33	8.93	10.74	8.64
	1997	7.64	10.8	10.98	6.79	6.53	7.38	5.66	5.83	6.46	7.49	6.54	10.56	9.25
	1998	7.7	11.47	-1	9.02	8.15	7.19	5.91	5.55	8.06	6.93	7.67	10.3	16.27
	1999	8.09	9.37	9.2	11.6	8.77	5.5	5.9	6.25	7.56	7.66	9.26	10.21	8.74
	2000	9.27	10.94	13	11.34	8.45	6.68	6.49	5.85	6.99	6.13	9.87	12.68	13.39
	2001	9.6	13.04	12.79	10.36	9.66	7.31	7.28	6.77	8.27	8.6	9.69	10.8	9.52
	2002	7.25	11.86	9.67	9.36	6.03	6.26	4.52	6.55	6.75	5.39	-1	-1	-1
POWER BY YEAR                                                                   														
	Year	ALL	JAN	FEB	MAR	APR	MAY	JUN	JUL	AUG	SEP	OCT	NOV	DEC
	ALL	704	1196	1223	955	676	351	246	229	365	587	653	1144	1229
	1987	630	-1	-1	-1	-1	-1	264	121	215	636	868	1252	1037
	1988	558	716	940	555	685	492	219	169	610	467	400	1008	-1
	1989	285	-1	-1	122	883	429	113	162	276	-1	-1	-1	-1
	1990	1013	-1	-1	-1	-1	-1	-1	-1	-1	246	1029	1203	1304
	1991	664	1063	1148	1078	686	313	175	202	292	773	583	1027	1110
	1992	626	1414	999	895	427	223	268	152	340	537	570	1184	872
	1993	657	445	1008	848	1067	390	229	186	265	838	567	1030	1376
	1994	718	1085	858	1327	720	397	237	210	467	903	542	800	1137
	1995	629	917	820	363	833	287	177	220	156	521	492	521	2210
	1996	735	747	1255	903	854	330	375	308	343	814	783	1209	793
	1997	586	1214	1234	426	364	461	179	220	339	513	306	1330	969
	1998	563	1353	-1	868	560	480	207	213	521	426	661	655	3636
	1999	677	1119	1079	1529	740	214	264	315	416	463	740	1147	782
	2000	972	1615	1853	1315	718	309	266	214	350	281	932	1890	2073
	2001	991	1924	1893	1456	1088	426	383	284	543	580	922	1247	874
	2002	604	1800	1274	1069	462	338	237	298	348	183	-1	-1	-1
NUMBER OF SPEED OBSERVATIONS BY YEAR                                            														
	Year	ALL	JAN	FEB	MAR	APR	MAY	JUN	JUL	AUG	SEP	OCT	NOV	DEC
	ALL	94840	7594	6509	6886	7260	8660	8577	8653	10143	7612	7988	7524	7434
	1987	1600	0	0	0	0	0	218	237	210	238	254	211	232
	1988	2356	233	236	254	231	250	247	149	221	234	203	98	0
	1989	459	0	0	15	33	120	124	101	66	0	0	0	0
	1990	1337	0	0	0	0	0	0	0	0	258	304	320	455
	1991	6786	392	381	444	649	743	567	580	582	563	691	644	550
	1992	7647	467	439	511	684	707	519	683	742	706	738	715	736
	1993	7751	733	646	691	152	569	708	736	733	654	732	674	723
	1994	8288	724	621	655	702	736	691	688	675	705	733	692	666
	1995	8236	678	651	684	656	677	685	708	678	697	727	683	712
	1996	8224	717	692	700	680	715	679	497	735	657	718	722	712
	1997	7549	505	328	497	674	717	690	741	719	620	713	689	656
	1998	5327	532	0	535	700	722	550	702	716	603	263	1	3
	1999	7817	608	668	219	703	746	721	738	644	673	654	710	733
	2000	8524	729	678	689	709	726	712	724	736	720	717	683	701
	2001	6674	680	662	473	330	567	564	673	686	261	541	682	555
	2002	6265	596	507	519	357	665	902	696	2000	23	0	0	0
NUMBER OF SPEED OBSERVATIONS BY HOUR                                            														
	Hour	ALL	JAN	FEB	MAR	APR	MAY	JUN	JUL	AUG	SEP	OCT	NOV	DEC
	0	3748	283	233	260	293	353	349	363	409	300	300	303	302
	1	3803	330	278	279	295	344	327	326	403	306	318	298	299
	2	3697	312	261	269	283	335	316	326	385	286	324	305	295
	3	3744	287	235	265	288	353	356	355	426	299	301	294	285
	4	3829	331	284	281	291	328	324	346	414	301	320	306	303
	5	3676	313	261	275	283	335	303	315	392	284	316	293	306
	6	3877	287	242	264	290	378	384	382	444	314	311	293	288
	7	4149	324	282	288	336	380	410	387	430	343	351	307	311
	8	4077	323	283	288	299	373	370	378	422	335	362	324	320
	9	4189	299	255	295	318	401	409	404	461	360	363	317	307
	10	4315	353	310	318	335	371	394	387	462	356	380	330	319
	11	4221	343	296	303	319	383	383	389	433	341	366	337	328
	12	3975	306	275	309	290	374	361	353	431	297	316	333	330
	13	4196	333	281	295	348	386	390	404	451	351	356	305	296
	14	3877	336	293	305	290	335	327	319	387	281	335	338	331
	15	4170	302	243	277	317	414	418	411	477	356	346	306	303
	16	4022	346	310	318	308	342	336	353	403	307	328	338	333
	17	4031	301	274	284	326	365	372	353	444	341	357	306	308
	18	3948	308	263	291	278	369	355	373	415	327	316	333	320
	19	4156	332	286	295	340	366	375	384	471	342	366	301	298
	20	3826	328	287	303	264	324	316	331	381	291	328	342	331
	21	3777	280	237	269	287	374	347	354	421	310	297	298	303
	22	3860	321	276	282	303	340	342	343	400	316	318	311	308
	23	3677	316	264	273	279	337	313	317	381	268	313	306	310

SPEED BY HOUR                                                                   														
	Hour	ALL	JAN	FEB	MAR	APR	MAY	JUN	JUL	AUG	SEP	OCT	NOV	DEC
	0	7.96	10.03	10.56	8.86	7.8	6.25	5.5	5.72	6.66	7.74	8.15	10.23	10.47
	1	8.06	10.13	10.23	8.99	8.09	6.35	5.38	5.7	6.68	7.69	8.2	10.15	10.3
	2	8.03	10.02	10.11	8.69	7.78	6.6	5.56	5.69	6.69	7.86	8.08	10.07	10.31
	3	7.98	10.33	10.3	8.69	8.03	6.32	5.61	5.81	6.89	7.89	8.12	9.92	10.31
	4	8.08	9.88	10.16	8.9	8.15	6.36	5.62	5.65	6.92	7.78	8.03	10.23	10.37
	5	8.16	10.2	10.4	8.97	8.16	6.36	5.85	5.78	6.78	7.95	8.12	10.12	10.3
	6	7.98	10.26	10.2	9	8.23	6.39	5.62	5.65	6.85	7.88	8.4	10.06	10.2
	7	8.06	10.07	10.21	8.92	8.14	6.68	5.75	5.63	6.75	7.94	8.14	10.25	10.59
	8	8.15	9.92	10.34	8.96	8.27	6.77	5.79	5.82	6.82	7.81	8.27	10.14	10.69
	9	8.1	9.97	10.43	8.92	8.09	6.72	5.93	5.84	6.99	7.94	8.44	10.25	10.5
	10	8.22	9.82	10.38	8.97	8.53	6.87	5.95	5.79	6.98	7.92	8.29	10.37	10.47
	11	8.25	10.16	10.45	8.83	8.49	7.12	5.97	5.83	6.86	8	8.36	10.14	10.4
	12	8.29	10.17	10.48	8.92	8.41	6.93	6.15	6.07	7.01	8.08	8.31	10.07	10.34
	13	8.26	10.01	10.31	9.15	8.73	7.03	6.11	6.07	7.06	7.96	8.42	9.98	10.52
	14	8.39	10.21	10.14	8.9	8.55	7.15	6.28	6.19	6.88	7.98	8.31	10.07	10.29
	15	8.22	10.21	10.2	8.96	8.59	7.09	6.24	6.13	7.12	7.97	8.64	10.14	10.23
	16	8.44	10.11	10.44	9.12	8.79	7.09	6.29	6.15	7.02	7.91	8.54	10.06	10.26
	17	8.28	10.26	10.44	9.01	8.64	6.88	6.24	6.06	6.94	7.93	8.46	10.19	10.29
	18	8.28	10.42	10.39	8.84	8.57	6.73	6.03	6.14	7.13	7.93	8.29	10.12	10.4
	19	8.18	10.24	10.51	8.94	8.68	6.82	5.71	5.94	6.89	7.7	8.35	10.21	10.28
	20	8.31	10.09	10.61	8.94	8.43	6.55	5.76	5.88	6.86	7.84	8.41	10.29	10.42
	21	8.09	10.15	10.68	9.15	8.07	6.39	5.65	5.91	6.7	7.6	8.3	10.09	10.91
	22	8.08	9.78	10.53	9.02	7.94	6.32	5.63	5.76	6.57	7.65	8.45	10.29	10.44
	23	8.17	10.07	10.26	9.05	8.11	6.56	5.42	5.82	6.71	7.83	8.33	10.34	10.44

POWER BY HOUR                                                                   														
	Hour	ALL	JAN	FEB	MAR	APR	MAY	JUN	JUL	AUG	SEP	OCT	NOV	DEC
	0	683	1185	1239	967	582	305	226	221	344	587	630	1167	1286
	1	709	1242	1212	1025	603	327	203	211	342	567	648	1163	1247
	2	701	1232	1185	922	585	351	230	215	354	605	615	1169	1214
	3	680	1257	1197	956	635	317	224	229	370	603	628	1119	1187
	4	702	1143	1205	946	634	307	234	212	368	575	606	1204	1252
	5	720	1243	1261	996	657	308	276	210	378	624	599	1105	1231
	6	678	1243	1209	988	649	326	242	215	372	599	684	1120	1167
	7	696	1181	1192	974	658	363	243	202	368	624	610	1180	1291
	8	701	1112	1196	940	669	354	252	217	375	573	657	1111	1350
	9	681	1176	1190	910	649	345	260	236	378	591	671	1174	1243
	10	701	1072	1213	946	740	388	249	223	380	608	637	1151	1189
	11	708	1185	1238	897	707	401	256	215	363	620	664	1117	1201
	12	713	1159	1248	915	750	377	282	248	364	611	662	1101	1189																									
	13	700	1127	1225	989	754	370	264	244	390	579	657	1104	1244																									
	14	722	1184	1129	894	703	394	287	264	361	591	650	1125	1152																									
	15	692	1253	1173	969	735	385	271	251	396	561	728	1148	1164																									
	16	734	1198	1231	962	745	393	271	249	371	577	688	1084	1165																									
	17	705	1255	1253	956	696	364	266	226	351	574	680	1151	1189																									
	18	706	1315	1187	882	707	359	251	246	373	568	646	1118	1204																									
	19	705	1251	1297	975	736	365	217	231	348	542	660	1151	1218																									
	20	741	1174	1320	945	716	346	237	224	348	618	654	1172	1232																									
	21	702	1229	1297	1003	646	312	219	239	342	554	641	1147	1390																									
	22	704	1138	1279	992	600	315	223	244	336	547	666	1196	1231																									
	23	720	1198	1183	989	641	325	212	220	368	595	668	1180	1263																									

SPEED BY DIRECTION                                                              																																							
	Month	calm	0	10	20	30	40	50	60	70	80	90	100	110	120	130	140	150	160	170	180	190	200	210	220	230	240	250	260	270	280	290	300	310	320	330	340	350	360
	ALL	0	9.7	9.59	9.53	9.92	10.02	9.78	10.23	8.38	8.46	8.28	7.39	7.34	10.26	9.48	8.47	7.37	6.08	5.34	6.02	6.7	6.57	6.5	6.48	6.42	6.35	6.12	5.78	5.75	5.6	5.44	5.21	4.75	4.64	5.53	7.43	9.41	9.7
	1	0	11.6	11.2	10.7	11.4	11.1	11.4	12.6	11.5	9.3	8.7	7.7	9	11.1	11.4	9.6	9	7.3	5.7	6.9	8.2	8.1	7.1	7	6.4	6.5	6.4	6.2	6	6	5.5	4.7	4	3.7	8.6	7.9	10.7	11.6
	2	0	11.7	10.2	10.2	11	12	11.1	12.1	10.1	9.6	9.7	9.4	9.3	12.9	11.4	10.5	9.2	7	4.9	7.6	8.6	10.7	10.1	10.4	11.8	9.8	8.7	7	6.9	7.7	5.1	4.6	3.7	3.6	5	7.4	11.4	11.7
	3	0	9.9	9.3	10.5	11	11	10.1	8.9	9	9.1	9.6	8	7.2	10.7	12	10.6	8.5	5.9	4.4	5.3	6.1	6	5.4	5.3	4.9	4.9	5.6	6.1	6.7	5.4	5.6	6.1	4.5	3.5	4.3	6.8	11.4	9.9
	4	0	9	9.7	9.5	10.2	9.5	9.2	9.8	8.5	8.1	7.9	7.4	7.5	8.7	8.5	8.5	6.8	4.6	3.7	5.5	6.5	7.1	6.2	6.4	6.3	6	4.9	6.6	6.8	5.1	3.7	5.1	3.6	3.6	3.9	4.5	6.7	9
	5	0	6.4	7.1	7.6	8	8.3	8.3	8.2	7.1	7.8	7.5	6.7	7.2	8.8	8.5	8.3	7.8	6.6	6.1	5.8	6.1	5.6	5.6	5.3	5.5	5.7	6	6.3	5.6	4.4	3.6	3.4	2.9	3.2	3.2	4	6	6.4
	6	0	5.3	5.4	6.3	7.1	8.1	8.4	8.5	6.8	7.2	7.2	6.6	6.6	7.7	7.6	7.7	7	6.1	4.7	5	6.2	6.3	5.8	6.2	5.9	6	5.4	4.6	3.3	4.1	2.5	2.6	3.1	3.1	3.1	3.9	5.1	5.3
	7	0	5.1	5.2	5.4	6.3	8	8.8	8.8	7.3	7.1	6.7	5.3	5.8	6.3	7.8	7.1	6.7	6.2	5.3	5.5	6	6.1	6.3	6.3	6.1	5.4	5.1	4.2	4.2	3.6	3.3	2.9	3	3.8	3.9	4.6	4.9	5.1
	8	0	7.8	8.3	8.4	7.6	7.5	7.7	8.1	7.1	7.5	6.5	5.4	5.5	8.1	9.7	8.4	6.8	6.1	6.2	5.9	6.9	6.7	6.7	6.9	6.7	7.2	6.7	5.5	5	4.9	4.2	3.8	3.1	2.6	4.4	5.9	7.4	7.8
	9	0	9.8	10.1	11	9.5	8.4	7.9	8.6	7.3	7.4	6.4	6	5.8	7.8	7.6	7.5	6.5	5.3	5.8	5.7	6.7	6.3	5.9	5.5	6.4	5.9	6.1	5.8	5.7	5.2	5.8	5.4	4.5	5.4	6.2	9.4	10.2	9.8
	10	0	9.8	9.7	9.6	9.7	9.2	8.7	9.5	7.2	8.5	8.4	6.5	6	8.9	8.1	6.8	6.4	5.8	6	8.1	9.2	8.6	9.5	8.7	7.5	6.4	7.2	6.6	6.7	6.9	7.3	6.7	6.3	6.1	7	7.6	9.6	9.8
	11	0	10.8	11	11.1	12.1	11.7	11.7	11.6	8.9	9.7	10.1	8.8	7.9	12.6	10.5	9.2	7.6	6.4	6	10	8.1	8.3	8.9	9.1	9.5	9.6	7.4	7.2	7.1	7.9	7.6	7.2	6.9	7.1	6.7	9.2	10.5	10.8
	12	0	10.4	10.8	11.4	12.6	12.3	10.7	11.1	8.4	8.9	8.8	9.1	7.9	10.4	9.5	8.3	6.7	5.2	5.6	6.7	9.1	9.3	8.6	7.9	8	6.2	8	6.3	7.1	7.2	5	5.1	5.2	5.1	5.3	7.5	9.6	10.4
FREQUENCY BY DIRECTION                                                          																																							
	Month	calm	0	10	20	30	40	50	60	70	80	90	100	110	120	130	140	150	160	170	180	190	200	210	220	230	240	250	260	270	280	290	300	310	320	330	340	350	360
	ALL	3.74	4.73	6.85	9.24	11.44	9.25	5.5	3.76	1.81	2.19	2.01	1.63	1.47	2.26	1.8	1.86	2.18	2.15	1.58	1.66	2.94	3.12	2.92	2.64	2.41	1.99	1.54	1.29	1.02	0.93	0.79	0.64	0.48	0.38	0.44	0.89	2.23	4.73
	1	2.7	4.9	10.2	13.9	16	12.9	8.1	3.9	2.1	2.1	1.8	1.7	1.5	1.7	1	1.2	1.4	2	1.4	1	1.4	0.8	0.9	0.9	0.7	0.5	0.6	0.6	0.6	0.9	0.8	0.4	0.2	0.1	0.1	0.3	1.2	4.9
	2	3.1	4.4	6.5	12	15.4	13.5	8.5	5.7	2.3	2.6	2.3	2.2	2	3.7	3	2.7	2.3	1.6	1.2	0.6	0.6	1	0.6	0.5	0.7	0.7	0.3	0.3	0.4	0.4	0.2	0.1	0.1	0	0.1	0.3	1.4	4.4
	3	5.1	4	5.4	9.9	16.9	14.2	7.8	3.5	1.9	2.7	3.1	2	1.9	2.5	1.7	1.7	2.4	2.4	2.4	1.2	1.1	1	0.9	0.7	0.9	0.7	0.8	0.9	0.9	0.9	0.6	0.4	0.1	0.1	0.2	0.3	1.9	4
	4	4.6	3.8	9.1	13.1	19.5	12.1	6	3.3	1.6	1.8	2	1.7	1.5	2	1.1	0.8	1.2	1.5	1.4	1.1	1.1	1.6	1.8	2.2	1.8	1.2	0.7	1.3	1.1	0.7	0.3	0.2	0.2	0.2	0.1	0.3	0.8	3.8
	5	5.6	2.3	4.9	10.2	13.9	10.3	3.5	2.2	1.7	2.3	2.2	1.8	1.5	2.1	2	2.5	3.1	3	1.8	1.3	3.4	3.8	2.9	2.7	3	2.4	1.9	1.5	1.1	0.7	0.5	0.5	0.6	0.2	0.4	0.5	1.1	2.3
	6	7.9	1.8	3	6.5	9.5	8.5	3.3	1.5	1	1.3	1.7	1.7	1.3	1.3	1.7	2.2	2.4	2.3	2.2	2.5	5.8	7.1	6.1	5.9	5	4.2	3.1	1.7	1.1	0.8	0.6	0.7	0.5	0.5	0.3	0.4	0.7	1.8
	7	4	1.6	3.3	5.3	6.5	5.2	3.4	1.7	1.2	1.8	1.5	1.1	0.7	0.8	1.2	2.1	2.3	1.8	1.9	4.1	6.7	8.3	9.1	8.1	6.5	4.1	2.5	1.6	1	0.9	0.8	0.6	0.4	0.4	0.4	0.5	0.7	1.6
	8	2.6	2.6	4.6	5.8	7.1	6.8	4.5	2.7	1.7	1.7	1.3	1.1	0.8	1.4	2.1	2.3	2.5	1.9	1.9	2.9	6.4	6.1	5.4	4.7	4	4.6	3.2	2.3	1.6	1.3	0.9	0.5	0.3	0.5	0.4	0.7	1.3	2.6
	9	3.2	6.6	8.3	11	8.3	6.1	4.4	4.5	1.6	2	1.9	1.3	1.1	1.4	1.7	2.1	2.7	2.5	1.7	1.9	3.4	2.9	2.1	1.7	2.1	1.7	1.5	1.6	0.8	1	0.7	0.9	0.8	0.7	1	2.1	3.6	6.6
	10	2.4	10.5	8.9	7.4	6.5	4.2	4.1	3.9	1.9	2.3	2	1.3	1.4	2.8	1.7	1.5	2.4	2.6	1.1	0.9	1.3	0.9	1.4	1	1.2	1	1.3	1.5	1.9	1.8	2.2	2.1	1.5	1	1.4	3.4	7.7	10.5
	11	1.5	7.8	8.5	7.3	7.9	6.7	5.7	6.1	2.4	3.3	3.1	2.1	2.2	6	3.5	2.3	2.2	2.2	0.8	0.9	0.7	0.8	0.9	0.8	1.1	0.9	1.1	1.2	1.3	1.2	1.2	1	0.8	0.5	0.6	1.3	3.7	7.8
	12	1.6	7.5	11	11.1	13.6	13.4	8.4	7.4	2.8	2.5	1.8	1.8	2.1	2	0.9	0.8	1.2	1.7	1.2	0.7	0.9	0.6	0.5	0.3	0.3	0.2	0.4	0.2	0.2	0.2	0.3	0.2	0.1	0.1	0.2	0.6	2.8	7.5
FREQUENCY OF SPEED                                                              																																							
	Month	0	1	2	3	4	5	6	7	8	9	10	11	12	13	14	15	16	17	18	19	20	21	22	23	24	25												
	ALL	3.7	1.8	5.1	6.6	7.6	8.5	9	9.3	8.5	7.7	6.8	5.7	4.8	4	3.2	2.2	1.3	1.2	1.1	0.7	0.4	0.2	0.1	0.1	0	0												
	1	2.7	1.3	3.2	4.5	4.5	5.2	6.6	6.3	6.9	7.4	8.2	7.7	7.4	6.8	5.2	4.4	2.9	2.6	2.4	1.7	1.1	0.7	0.2	0.1	0.1	0.1												
	2	3.1	0.8	2.4	3.6	4.3	4.6	5.5	6.9	7.4	8.2	8	7.7	8.3	7.1	6.2	4.4	2.5	2.8	2.6	1.8	1.1	0.6	0.3	0	0	0												
	3	5.1	1.8	4.5	6.7	7.2	6.9	6.6	6.6	6	6.2	6.5	6.4	6.1	5.7	5	3.9	2.4	2.4	2	1.1	0.6	0.1	0.1	0.1	0	0
	4	4.6	1.7	4.1	5.2	6.9	7.3	8.1	9.4	8.3	9.5	8.3	7.1	6.2	4.7	3.6	2.3	0.9	1	0.4	0.3	0.2	0	0	0	0	0
	5	5.6	2.2	5.6	7.2	9.4	11.3	11.5	11.5	10.6	8.5	6.4	3.7	2.6	1.6	1.1	0.6	0.2	0.1	0.1	0	0	0	0	0	0	0
	6	7.9	3	7.9	9.1	10.9	11.6	11.4	12	9.8	6.8	4.4	2.3	1.4	0.8	0.4	0.2	0.1	0	0	0	0	0	0	0	0	0
	7	4	3	9	11.1	11.4	12.2	13.5	11.5	9.6	6.2	3.7	2.3	1.4	0.7	0.2	0.1	0	0	0	0	0	0	0	0	0	0
	8	2.6	2.6	7.2	8.2	9	11	11.9	11.8	9.9	7.6	6.1	4.9	2.9	1.8	1.1	0.7	0.2	0.2	0.2	0.1	0	0	0	0	0	0
	9	3.2	1.7	5.7	7.6	8.6	9	8.9	9.4	8	7.6	6.9	6	4.8	4.1	3.4	1.9	1.1	0.6	0.5	0.4	0.1	0.1	0.1	0.1	0	0
	10	2.4	1.5	4.6	6.7	7.4	8.5	8.4	9.5	8.6	8.7	7.6	6.8	5.6	4.8	3.6	2	1.1	0.9	0.8	0.4	0.2	0	0	0	0	0
	11	1.5	0.9	2.6	3.5	4.6	6.1	7.4	8.2	8.4	8.2	8.4	7.2	6.3	6.4	5	3.6	2.2	2.3	2.4	1.7	1.2	0.9	0.5	0.2	0.2	0.1
	12	1.6	0.8	2.8	4	5	5.2	5.6	6.4	7.5	8.2	8.3	8.4	7.3	6	5.6	4.4	3.1	2.8	2.7	1.8	1.2	0.6	0.3	0.2	0	0
PERCENT OF POWER BY SPEED                                                       																											
	Month	0	1	2	3	4	5	6	7	8	9	10	11	12	13	14	15	16	17	18	19	20	21	22	23	24	25
	ALL	0	0	0.1	0.2	0.6	1.2	2.2	3.5	4.7	6.1	7.3	8.2	8.9	9.4	9.2	7.9	5.4	5.8	6.1	4.8	3.5	2.1	1.3	0.7	0.4	0.2
	1	0	0	0	0.1	0.2	0.5	1	1.5	2.4	3.6	5.3	6.7	8.3	9.7	9.2	9.4	7.2	7.5	8.2	6.9	5.1	3.7	1.2	0.9	0.7	0.6
	2	0	0	0	0.1	0.2	0.4	0.8	1.6	2.5	3.8	5.1	6.5	9	9.7	10.6	9.2	6.1	8	8.7	6.8	5.2	2.9	1.9	0.3	0.3	0.3
	3	0	0	0	0.2	0.4	0.8	1.2	1.9	2.6	3.7	5.4	6.9	8.5	10.1	11	10.5	7.8	8.6	8.4	5.7	3.4	0.9	0.8	0.7	0.3	0.2
	4	0	0	0.1	0.2	0.6	1.1	2.1	3.8	4.9	8	9.5	10.8	12.2	11.6	10.9	8.5	4	4.7	2.6	1.8	1.7	0.3	0.3	0.3	0	0
	5	0	0	0.1	0.5	1.5	3.3	5.7	8.8	11.9	13.4	13.6	10.4	9.6	7.4	6.3	4	1.3	1.1	1	0.1	0	0	0	0	0	0
	6	0	0	0.3	0.9	2.4	4.7	7.8	12.9	15.2	14.9	13	9	7.1	5.2	3.3	2	0.8	0.2	0.2	0	0	0	0	0	0	0
	7	0	0	0.3	1.2	2.6	5.3	9.9	13	15.8	14.4	11.9	9.8	7.7	4.5	1.9	0.7	0.1	0.5	0.2	0.2	0	0	0	0	0	0
	8	0	0	0.2	0.5	1.3	2.9	5.5	8.3	10.2	11.2	12.1	12.8	9.7	7.8	5.6	4.9	1.3	1.9	1.7	1.1	0.3	0.2	0.2	0.2	0	0
	9	0	0	0.1	0.3	0.8	1.5	2.5	4.2	5.2	7	8.5	9.9	10.3	11.2	11.4	7.8	5.2	3.4	3.5	3.3	1.2	0.7	1.3	0.9	0	0
	10	0	0	0.1	0.2	0.6	1.3	2.2	3.9	5.1	7.3	8.7	10.2	10.9	11.9	10.8	7.6	5	4.7	4.4	2.8	1.6	0.2	0.1	0.2	0	0
	11	0	0	0	0.1	0.2	0.6	1.1	2	2.9	4	5.6	6.3	7.2	9.1	8.9	7.6	5.7	6.5	8	6.9	5.9	4.7	3.3	1.3	1.5	0.7
	12	0	0	0	0.1	0.2	0.5	0.8	1.5	2.5	3.9	5.3	7.1	8	8.3	9.5	9.1	7.7	7.7	8.9	6.8	5.5	3.2	1.9	1.3	0.2	0.1
PREVAILING DIRECTION BY HOUR                                                    																											
	Month	0	1	2	3	4	5	6	7	8	9	10	11	12	13	14	15	16	17	18	19	20	21	22	23		
	ALL	30	30	30	30	30	30	30	30	30	30	30	30	30	30	30	30	30	30	30	30	30	30	30	30		
	1	30	30	30	30	30	30	30	30	30	30	30	30	30	30	20	20	30	20	20	30	20	30	30	20		
	2	30	30	40	30	30	40	30	30	30	20	40	30	20	20	30	30	30	30	30	20	40	30	40	30		
	3	30	30	30	30	40	30	30	30	30	30	30	30	30	30	30	30	30	30	30	30	30	30	40	30		
	4	30	30	30	30	30	20	30	30	30	30	30	30	30	30	30	30	30	30	30	30	30	30	30	30		
	5	40	30	20	30	30	30	30	30	30	30	30	30	30	30	30	30	30	30	30	30	30	30	30	40
	6	30	220	30	30	30	30	30	30	30	40	30	40	30	30	40	40	30	30	200	40	210	40	30	30
	7	210	190	200	210	30	210	220	30	190	200	200	210	210	210	210	210	210	220	220	220	210	210	210	210
	8	200	190	190	190	40	40	40	30	30	190	40	200	210	30	40	40	30	30	30	30	30	30	30	40
	9	20	20	20	20	20	20	20	20	20	20	20	20	20	20	10	20	10	30	20	20	20	20	20	20
	10	360	360	360	360	360	360	360	10	360	10	360	10	360	360	360	20	20	10	360	10	360	10	360	360
	11	20	10	30	20	360	20	40	360	20	10	30	30	30	10	360	10	10	30	30	10	10	10	10	30
	12	30	30	30	40	40	40	40	30	30	40	30	40	40	30	30	30	40	30	40	30	40	30	30	30
SPEED FOR PREVAILING DIRECTION BY HOUR                                          																									
	Month	0	1	2	3	4	5	6	7	8	9	10	11	12	13	14	15	16	17	18	19	20	21	22	23
	ALL	9.82	9.73	9.71	9.82	9.88	9.9	9.76	10.07	10	9.8	10.05	10.02	9.8	9.95	10.16	9.79	9.86	10.02	9.95	10.01	9.92	9.85	10.2	9.88
	1	11.08	11.09	11.4	11.62	12.31	11.76	11.37	12.52	11.59	10.12	11.27	11.36	10.18	10.17	10.42	10.62	11.12	10.28	11.2	11.61	11.11	11.47	12.12	10.98
	2	10.91	10.72	12.15	11.62	10.65	12.46	11.95	11.29	10.81	10.2	11.95	10.95	10.19	9.59	10.82	11.37	10.35	11.21	10.78	8.93	12.83	10.91	12.61	11.44
	3	10.05	10.45	10.06	10.28	10.48	11.21	11.06	12.03	11.48	11	11.16	11.21	10.83	11.85	10.63	10.9	11	11.28	10.93	11	10.49	11.34	11.18	11.3
	4	9.08	9.82	10.13	10.17	10.13	9.56	9.71	9.83	9.85	10.06	10.62	10.43	10.16	11.12	11.02	10.49	10.75	10.83	11.22	10.62	10.45	9.83	9.57	8.93
	5	7.96	7.72	7.38	8.1	7.32	7.38	7.22	8.14	8.33	8.44	8.72	8.09	8.37	7.65	8.11	7.87	8.75	8.33	8.12	7.96	7.46	7.94	7.34	8.55
	6	5.91	5.9	6.04	6.57	6.52	6.94	6.39	6.92	7.77	8.37	8.17	7.72	7.93	7.56	8.75	8.56	7.21	7.41	6.35	7.75	5.66	8.26	7.01	5.85
	7	6.57	5.91	5.67	6.44	5.74	6.22	7.15	6.01	5.52	5.92	5.69	5.64	5.64	6.13	7.14	6.27	6.3	5.59	6.54	5.69	6.73	5.82	6.59	6.5
	8	6.93	6.61	6.14	7.22	6.55	7.52	8.57	8.32	7.97	7.2	7.63	5.78	6.66	7.25	6.3	7.28	7.53	8	7.58	8.18	8.2	7.03	7.9	7.19
	9	10.95	10.91	12.02	11.01	12.38	11.03	11.99	10.85	10.98	10.84	10.51	10.64	11.67	11.46	9.7	10.84	9.94	9.11	10.69	10.43	10.87	10.67	10.12	10.93
	10	8.74	9.26	10.15	9.61	10.37	10.22	10.36	8.97	9.86	9.77	10.08	9.91	8.67	10	9.29	9.48	10.03	9.41	10.07	10.46	10.05	9.4	10	9.58
	11	11.23	11.27	11.76	11.66	11.27	10.14	10.22	10.05	10.4	10.35	11.82	11.47	12.56	10.98	9.79	9.54	10.04	12.02	12.24	10.53	11.22	9.64	12.42	10.98
	12	13.03	12.16	13.19	11.75	12.43	10.88	12.68	13	12.97	12.34	11.99	12.6	13.21	12.03	11.07	11.64	12	12	12.66	11.86	11.92	13.61	13.09	12.16
