GUSTAVUS            AK - 703670                                                 														
 58 deg    25' N  135 deg    44' W - Elev    9m   LST=GMT+99 hours   *NT= -9    														
 08/76-09/83 07/87-09/02                                                        														
SPEED BY YEAR                                                                   														
	Year	ALL	JAN	FEB	MAR	APR	MAY	JUN	JUL	AUG	SEP	OCT	NOV	DEC
	ALL	2.24	2.1	2.18	2.58	2.38	2.38	2.02	1.79	1.93	2.2	2.63	2.37	2.45
	1976	3.65	-1	-1	-1	-1	-1	-1	-1	3.39	3.46	3.86	3.98	3.61
	1977	2.6	2.6	3.2	-1	-1	-1	3.55	2.5	-1	1.5	1.5	-1	-1
	1978	3.13	-1	-1	-1	3.3	-1	2	4.1	-1	-1	2	4.1	-1
	1979	7.7	-1	-1	7.7	-1	-1	-1	-1	-1	-1	-1	-1	-1
	1980	2.86	-1	-1	-1	-1	-1	-1	2.62	3.33	2	2.5	5.1	1.5
	1981	2.21	1.62	1.57	-1	-1	4.1	3.03	3.23	-1	1.5	-1	-1	-1
	1982	3.09	-1	-1	-1	5.55	3.4	2.72	2.72	2.69	2.63	-1	2.5	-1
	1983	3.3	-1	-1	-1	-1	-1	-1	-1	4.1	2.5	-1	-1	-1
	1987	3.2	-1	-1	-1	-1	-1	-1	3.06	2.57	3.44	3.42	3.24	3.42
	1988	2.96	2.65	3.13	2.99	3.8	2.98	2.97	2.66	2.42	2.53	2.75	3.18	3.58
	1989	2.87	3.71	1.91	2.72	2.74	3.13	3.01	2.75	2.71	2.86	3.16	3.1	2.58
	1990	3.22	2.64	3.58	3.01	3.32	3.14	3.12	3.04	2.95	3.49	3.62	3.28	3.2
	1991	3.16	2.43	3.32	3.36	3.5	3.44	3.35	2.9	3.14	2.82	3.15	3.1	3.56
	1992	2.58	3.68	3.4	3.51	3.51	3.89	3.12	1.41	1.35	1.97	1.91	1.89	1.95
	1993	1.54	1.79	1.53	1.73	1.48	1.58	0.9	1.17	1.14	1.41	1.44	2.24	1.95
	1994	1.76	0.93	1.99	2.32	1.7	1.91	1.6	1.32	1.12	1.64	2.14	2.38	2.19
	1995	1.49	0.85	1.7	2.38	1.84	1.46	1.45	1.09	1.08	1	1.67	2.07	1.3
	1996	1.62	0.97	2.03	2	1.95	1.51	1.5	1.33	1.16	1.5	1.8	1.34	2.33
	1997	1.78	1.31	1.23	2.19	1.7	1.74	1.84	1.54	1.59	1.9	2.42	1.58	2.2
	1998	2.07	0.84	2.32	1.73	2.58	2.25	1.93	1.56	1.99	2.14	2.83	1.74	3.3
	1999	2.73	3.77	2.24	3.29	3.25	2.45	1.87	1.99	2.01	2.52	3.62	2.83	3.63
	2000	2.33	2.78	1.52	3.18	2.53	2.21	1.84	1.65	1.94	2.31	3.27	2.9	1.77
	2001	3.2	3.85	2.2	3.29	2.57	3.94	3.07	3.01	2.84	4.01	3.67	3.11	1.98
	2002	2.41	3.38	3.42	2.89	2.79	2.75	2.14	1.74	2.29	2.12	-1	-1	-1
POWER BY YEAR                                                                   														
	Year	ALL	JAN	FEB	MAR	APR	MAY	JUN	JUL	AUG	SEP	OCT	NOV	DEC
	ALL	31	37	37	41	31	29	20	14	19	29	42	37	43
	1976	51	-1	-1	-1	-1	-1	-1	-1	34	38	64	68	53
	1977	22	22	41	-1	-1	-1	30	9	-1	2	2	-1	-1
	1978	23	-1	-1	-1	22	-1	5	43	-1	-1	5	43	-1
	1979	290	-1	-1	290	-1	-1	-1	-1	-1	-1	-1	-1	-1
	1980	23	-1	-1	-1	-1	-1	-1	19	29	5	10	83	2
	1981	14	3	6	-1	-1	43	31	25	-1	2	-1	-1	-1
	1982	33	-1	-1	-1	129	28	16	16	16	19	-1	10	-1
	1983	26	-1	-1	-1	-1	-1	-1	-1	42	10	-1	-1	-1
	1987	49	-1	-1	-1	-1	-1	-1	29	20	76	48	50	66
	1988	38	36	47	32	60	27	29	20	20	22	54	45	67
	1989	41	74	21	31	27	40	34	27	23	77	59	50	34
	1990	45	24	75	36	47	35	27	51	29	48	64	49	47
	1991	43	21	49	48	44	41	33	23	36	28	40	78	78
	1992	35	67	46	55	56	64	29	5	8	17	16	22	29
	1993	15	27	20	19	8	11	5	7	7	10	16	28	25
	1994	18	6	32	22	13	14	10	8	5	11	20	33	47
	1995	13	6	26	32	16	9	9	5	6	4	11	20	11
	1996	16	7	30	23	16	11	9	8	5	11	12	13	43
	1997	21	12	9	25	17	13	13	10	12	22	41	20	49
	1998	26	6	32	17	31	21	17	11	16	19	62	24	77
	1999	49	105	33	80	72	26	14	16	27	39	72	67	71
	2000	38	65	26	68	40	23	14	11	20	36	76	53	25
	2001	61	107	56	81	44	97	27	32	21	90	55	49	6
	2002	36	51	90	47	43	39	35	11	32	18	-1	-1	-1
NUMBER OF SPEED OBSERVATIONS BY YEAR                                            														
	Year	ALL	JAN	FEB	MAR	APR	MAY	JUN	JUL	AUG	SEP	OCT	NOV	DEC
	ALL	100490	7383	7737	8327	7803	9643	8896	9574	10171	7693	8076	7709	7478
	1976	710	0	0	0	0	0	0	0	172	154	150	138	96
	1977	46	36	3	0	0	0	2	2	0	2	1	0	0
	1978	6	0	0	0	2	0	1	1	0	0	1	1	0
	1979	1	0	0	1	0	0	0	0	0	0	0	0	0
	1980	35	0	0	0	0	0	0	20	11	1	1	1	1
	1981	19	4	7	0	0	1	3	3	0	1	0	0	0
	1982	61	0	0	0	8	4	5	5	9	29	0	1	0
	1983	2	0	0	0	0	0	0	0	1	1	0	0	0
	1987	1544	0	0	0	0	0	0	201	265	270	296	250	262
	1988	2920	266	257	244	171	225	265	248	261	191	281	222	289
	1989	3097	280	260	276	263	269	253	256	253	188	269	243	287
	1990	3025	114	198	267	278	282	268	278	282	261	281	239	277
	1991	3160	275	233	230	256	237	268	271	258	288	297	273	274
	1992	3335	285	239	271	260	262	153	168	233	212	249	390	613
	1993	8388	717	589	738	717	723	565	736	739	708	727	693	736
	1994	8223	711	626	732	670	735	653	711	741	699	734	692	519
	1995	8275	656	656	674	682	728	697	714	676	671	733	682	706
	1996	8401	714	692	728	712	740	683	569	735	657	733	706	732
	1997	8322	613	691	712	724	730	700	604	694	710	719	701	724
	1998	7923	604	654	717	699	689	626	719	726	684	698	702	405
	1999	8054	372	663	730	530	763	671	741	759	706	666	718	735
	2000	8307	721	662	712	600	726	631	719	736	705	715	692	688
	2001	6010	601	640	580	682	586	447	487	432	531	525	365	134
	2002	10626	414	667	715	549	1943	2005	2121	2188	24	0	0	0
NUMBER OF SPEED OBSERVATIONS BY HOUR                                            														
	Hour	ALL	JAN	FEB	MAR	APR	MAY	JUN	JUL	AUG	SEP	OCT	NOV	DEC
	0	3443	251	241	276	264	349	319	353	366	261	260	254	249
	1	3465	236	289	315	280	346	311	316	337	259	259	268	249
	2	3397	246	286	300	275	335	282	325	329	234	268	261	256
	3	3449	257	254	256	268	358	327	349	366	262	260	254	238
	4	3464	251	300	314	278	330	303	318	336	253	255	260	266
	5	3393	251	261	292	280	343	308	306	341	240	263	252	256
	6	4217	246	262	270	372	473	432	454	481	371	381	246	229
	7	5241	365	397	440	402	475	464	516	528	422	450	395	387
	8	5196	375	396	414	394	473	455	489	509	424	450	425	392
	9	5232	382	377	416	392	481	458	503	531	442	442	409	399
	10	5053	387	412	437	395	446	426	459	490	383	400	411	407
	11	4677	357	357	397	377	454	416	435	438	338	390	354	364
	12	4856	333	350	372	393	490	448	493	530	380	416	339	312
	13	4901	354	370	398	341	433	424	473	502	395	427	400	384
	14	4964	378	387	394	359	446	417	461	506	417	434	400	365
	15	5175	390	385	410	383	488	474	493	538	442	438	376	358
	16	4873	384	387	418	368	424	382	441	480	356	383	436	414
	17	4235	319	360	375	348	408	346	377	416	281	337	337	331
	18	3897	310	313	344	268	359	344	360	402	278	274	313	332
	19	3558	267	281	314	276	345	323	337	359	261	254	276	265
	20	3455	263	271	294	280	343	304	310	343	245	276	266	260
	21	3469	251	247	274	267	349	325	352	370	269	253	254	258
	22	3479	263	285	310	269	354	306	335	334	246	254	267	256
	23	3401	267	269	297	274	341	302	319	339	234	252	256	251
	24	3443	251	241	276	264	349	319	353	366	261	260	254	249
SPEED BY HOUR                                                                   														
	Hour	ALL	JAN	FEB	MAR	APR	MAY	JUN	JUL	AUG	SEP	OCT	NOV	DEC
	0	1.54	1.84	1.85	2.08	1.22	1.24	0.82	0.69	1.22	1.8	2.33	1.93	2.17
	1	1.53	1.87	1.64	2.1	1.34	1.17	0.66	0.7	1.27	1.63	2.31	1.94	2.26
	2	1.56	1.96	1.88	2.01	1.48	1.12	0.72	0.75	1.17	1.53	2.23	2.16	2.16
	3	1.5	1.92	1.91	1.92	1.17	1.16	0.71	0.85	1.08	1.71	2.25	2.11	2.07
	4	1.53	1.98	1.8	2	1.26	1.11	0.66	0.73	1.13	1.7	2.34	1.97	2.21
	5	1.55	1.9	1.96	1.96	1.34	1.14	0.78	0.79	1.24	1.58	2.3	2.09	2.08
	6	1.71	1.79	1.83	2.08	1.58	1.65	1.14	1.16	1.27	1.97	2.49	2.05	2.37
	7	1.96	2.3	2.19	2.22	1.83	1.94	1.4	1.3	1.5	2.04	2.46	2.34	2.46
	8	2.15	2.28	2.16	2.45	2.18	2.24	1.89	1.49	1.65	2.11	2.64	2.45	2.48
	9	2.41	2.26	2.27	2.59	2.6	2.74	2.3	2.02	1.97	2.36	2.75	2.52	2.63
	10	2.65	2.3	2.27	2.83	3.05	3.13	2.73	2.27	2.4	2.47	2.92	2.73	2.72
	11	2.8	2.23	2.4	3.06	3.26	3.39	2.93	2.48	2.56	2.73	3.02	2.72	2.68
	12	2.99	2.25	2.76	3.38	3.6	3.59	3.24	2.69	2.77	2.9	3.19	2.73	2.44
	13	3	2.31	2.8	3.46	3.54	3.58	3.18	2.85	2.9	2.89	3.06	2.74	2.66
	14	3.04	2.38	2.58	3.38	3.55	3.73	3.22	2.94	2.99	3.06	3.14	2.71	2.68
	15	3.03	2.15	2.65	3.37	3.62	3.66	3.36	3.07	3.01	2.92	3.06	2.49	2.79
	16	2.86	2.24	2.52	3.14	3.39	3.49	3.21	2.97	2.67	2.65	2.7	2.61	2.77
	17	2.66	2.14	2.2	2.9	3.2	3.37	2.98	2.62	2.58	2.28	2.45	2.41	2.51
	18	2.38	2.03	2.26	2.47	2.7	2.97	2.73	2.24	2.06	1.96	2.41	2.31	2.46
	19	2.05	2.01	1.89	2.21	2.29	2.34	2.15	1.85	1.58	1.44	2.36	2.25	2.36
	20	1.88	1.99	2.02	2.19	2	1.76	1.67	1.36	1.4	1.68	2.25	2.09	2.32
	21	1.71	1.96	1.75	2.33	1.57	1.54	1.24	1.04	1.23	1.64	2.42	2.17	2.19
	22	1.66	1.76	1.81	2.19	1.56	1.36	1.15	0.87	1.27	1.79	2.26	2.15	2.22
	23	1.55	1.74	1.7	2.1	1.37	1.22	0.92	0.79	1.14	1.67	2.18	1.97	2.27
	24	1.54	1.84	1.85	2.08	1.22	1.24	0.82	0.69	1.22	1.8	2.33	1.93	2.17
POWER BY HOUR                                                                   														
	Hour	ALL	JAN	FEB	MAR	APR	MAY	JUN	JUL	AUG	SEP	OCT	NOV	DEC
	0	22	34	45	35	12	12	4	3	16	26	34	31	32
	1	22	38	28	39	14	12	3	3	15	20	35	29	38
	2	22	39	40	30	15	11	3	4	14	20	31	32	36
	3	21	40	37	32	11	13	3	4	9	27	33	35	33
	4	23	43	35	33	15	11	3	4	11	24	36	29	39
	5	22	42	34	25	16	10	4	5	14	24	34	34	37
	6	24	33	28	33	16	16	5	6	12	28	56	35	49
	7	26	46	35	31	19	20	6	7	13	27	36	38	41
	8	28	46	32	43	25	22	11	7	16	29	39	37	45
	9	31	40	33	36	37	32	16	12	20	28	41	38	52
	10	36	40	35	47	51	35	22	15	26	32	46	46	48
	11	38	34	40	46	49	44	27	19	24	34	53	42	46
	12	48	44	53	57	57	51	71	22	26	35	62	65	42
	13	45	37	48	58	52	53	60	40	28	36	46	36	44
	14	45	37	37	54	56	54	34	29	33	70	48	39	55
	15	42	34	43	53	54	54	40	30	30	37	44	33	52
	16	39	33	41	47	48	51	36	29	23	28	40	39	51
	17	35	40	36	39	41	45	29	21	24	21	39	35	45
	18	30	35	42	34	31	36	24	15	14	22	38	32	42
	19	25	33	34	31	22	25	15	10	12	14	38	36	42
	20	24	32	37	40	21	17	9	7	13	16	36	30	39																									
	21	22	31	29	44	12	15	7	5	14	21	39	34	31																									
	22	22	26	31	37	17	12	6	4	13	23	37	37	31																									
	23	20	31	28	36	12	12	5	4	11	19	30	32	36																									
	24	22	34	45	35	12	12	4	3	16	26	34	31	32																									
SPEED BY DIRECTION                                                              																																							
	Month	calm	0	10	20	30	40	50	60	70	80	90	100	110	120	130	140	150	160	170	180	190	200	210	220	230	240	250	260	270	280	290	300	310	320	330	340	350	360
	ALL	0	2.98	2.78	2.94	2.83	2.57	2.33	2.3	2.48	2.98	3.53	2.88	2.62	3.1	4.18	4.56	3.88	3.5	3.34	3.34	2.83	2.82	2.95	3.08	3.19	3.2	3.33	3	2.66	2.44	2.45	2.48	2.71	2.85	2.84	2.71	2.68	2.98
	1	0	2.3	2	2.2	2.3	2	2	2.1	2.4	3.2	4.2	3	2.7	3.4	4.9	5.4	4.5	4.2	4.2	4.3	4.1	3.7	3.4	3.3	3.6	4	3.6	2.3	2.5	3.2	2.4	2.6	2.8	2.6	2.6	2.5	2.2	2.3
	2	0	3	2.7	3.2	2.7	2.5	2.4	2.1	2.1	2.9	3.4	2.7	2.3	3.2	4.6	5.2	4.3	3.8	4.2	3.8	3.1	3	3.3	3	3.7	3.9	4	3.2	2.3	2.1	2.1	2.1	2.4	2.9	2.9	2.7	2.8	3
	3	0	3.7	3.7	3.8	3.4	3.1	2.7	2.5	2.4	2.9	3.2	2.7	2.8	3.3	4.3	4.8	4	3.5	3.7	3.3	2.8	2.7	3.4	3.3	3.1	3.3	2.9	2.8	2.7	2.4	2.2	2.7	3	3	3	2.9	3.2	3.7
	4	0	3.2	2.9	2.7	3.4	3	2.6	2.3	2.7	2.5	3.4	2.9	2.7	3.4	4.3	4.2	3.6	3.4	3.3	3.7	2.9	3.1	2.9	3	3.3	3	3.4	3	3	2.6	2.7	2.9	3	3.1	3	2.7	2.8	3.2
	5	0	2.9	3.4	3.6	3.6	3.6	3.1	2.8	2.7	2.8	3	3	2.6	3.1	4.2	4.2	3.4	3.3	3.3	3.2	2.8	2.9	3	3.1	3.3	3.3	3.4	3.2	2.9	2.7	2.7	2.6	3	3.5	3.3	3.2	2.7	2.9
	6	0	2.4	2.2	2.5	2.4	1.9	2.2	2.3	2.3	2.2	2.7	2.4	2.3	2.7	2.9	3.1	2.8	2.5	2.5	3.2	2.7	2.8	3	3.2	3.3	3.2	3.3	3.1	2.8	2.6	2.5	2.5	3.2	3.2	3.1	3	2.4	2.4
	7	0	2	2	2.3	2	1.9	2	2.3	1.9	2.2	2.2	2.1	2.1	2.7	3.2	3.3	2.8	2.6	2.4	3	2.5	2.7	2.8	3	3	3	3.2	2.9	2.5	2.3	2.1	2.3	2.5	2.4	2.4	2.4	2.3	2
	8	0	2.2	2.1	2.2	1.9	2.4	2.2	2.2	2.5	2.3	2.5	2.5	2.4	2.8	3.5	4.3	3.9	2.8	2.9	3.1	2.5	2.6	2.7	2.9	3	2.9	3	2.8	2.4	2.2	2.2	2.1	2.4	2.4	2.7	2.5	2.3	2.2
	9	0	2.5	2.1	2.4	2	2	2.3	2.3	3	2.6	3.8	2.5	2.5	2.8	4	4.2	3.3	3.7	2.9	3.5	2.6	2.8	2.7	3.1	2.9	3	3	2.9	2.3	2.4	2.5	2.4	2.3	2.6	2.8	2.6	2.4	2.5
	10	0	2.9	2.6	2.8	2.8	2.3	2.2	2.4	2.5	3.4	3.9	3.2	2.8	3.3	4.3	4.8	4.2	3.9	3.8	3.2	2.9	2.9	3.2	3.8	3.8	3.1	3.3	3.5	2.6	2.4	2.8	2.4	2.4	2.7	2.9	2.9	2.9	2.9
	11	0	2.9	2.5	2.7	2.7	2.4	2.2	2.2	2.4	3.2	3.9	3.4	3.1	3.2	4.4	4.6	4.1	3.9	3.6	3.6	4	3.8	3.7	3.6	4.4	4.6	4.3	3.3	2.6	2.3	3	2.3	2.5	2.8	2.8	2.5	2.7	2.9
	12	0	3.8	3.2	3.2	2.8	2.4	2	2.1	2.6	4.1	4.5	3.5	2.9	3.5	4.6	4.8	4.3	4	4.3	4.1	3.7	3.4	4	3.2	3.8	3.6	4.5	2.9	2	2	2.2	2.4	2.5	2.4	2.5	2.5	2.8	3.8
FREQUENCY BY DIRECTION                                                          																																							
	Month	calm	0	10	20	30	40	50	60	70	80	90	100	110	120	130	140	150	160	170	180	190	200	210	220	230	240	250	260	270	280	290	300	310	320	330	340	350	360
	ALL	30.35	2.43	1.92	1.46	1.06	1.07	1.08	1.03	1	1.23	1.84	1.88	2.84	5.07	8.64	9.07	3.86	2.46	1.9	2.58	1.74	2.59	3.05	3.31	2.88	2.35	2.15	1.33	1.11	0.9	1.08	1.67	2.37	5	7.07	5.39	3.6	2.43
	1	37.2	4.4	3	1.5	1.2	1.6	2	1.7	1.1	1.3	1.8	1.6	1.9	3.8	9.3	11.5	5.3	2.6	1.9	1.6	0.7	0.5	0.5	0.7	0.4	0.5	0.5	0.3	0.4	0.2	0.6	1.4	2.2	5.5	10.7	9	6.8	4.4
	2	35.5	4.8	3.3	2.1	1.3	1.1	1.4	1.1	1.1	1.3	1.6	1.6	1.5	3.5	7.7	11	5.2	2.3	1.7	1.7	1	0.9	0.8	0.9	0.8	1.2	0.7	0.4	0.5	0.5	0.5	1.2	2	6.2	11	9.2	6.6	4.8
	3	25.1	4.1	2.9	2.1	1.8	1.8	1.4	1.1	0.9	1.3	1.5	1.6	2.6	5.2	8.9	10.9	4.2	2.4	1.8	1.4	1.1	1.3	1.2	1.7	1.5	1.6	1	0.9	0.9	0.7	0.8	1.6	2.3	5.8	8.2	6.5	5	4.1
	4	27.3	2.2	1.7	1.2	1.1	1.2	1.2	1	1.1	1.4	1.6	1.8	2.6	5.7	8.7	8.8	4	2.3	2.2	2.4	1.6	2.3	2.4	2.4	2.2	1.8	2.4	1.5	1.2	1.3	1.4	1.9	3.6	6.7	7.4	4.8	3	2.2
	5	26.9	1.6	1.2	1.2	1.1	0.9	0.8	0.9	1	0.9	1.1	1.4	2.3	4.3	6.2	6.7	2.7	2	1.8	2.9	2.3	4.1	4.6	5.6	4.8	3.8	3.7	2.3	1.9	1.4	1.5	2.2	2.7	5.3	5.9	4.1	2.8	1.6
	6	31.5	1	0.8	0.6	0.7	0.5	0.5	0.6	0.7	0.7	1.2	1.2	2.2	3	3.9	3.1	1.8	1.8	1.5	3.2	3.1	4.8	6.8	7.7	6.7	5.7	6.2	3.5	2.2	1.6	1.6	1.9	2.7	5.3	5.6	3.9	1.9	1
	7	34	0.7	0.5	0.6	0.3	0.4	0.5	0.5	0.5	0.7	1.2	1.5	2.2	4.3	5.1	3.8	2.1	2.1	2.4	5.2	3.2	6.2	7.9	8.2	7.1	4.4	3.8	2.2	2	1.4	1.7	2.2	2.3	3.6	4.2	3.5	1.5	0.7
	8	33.4	1.1	0.8	0.7	0.4	0.4	0.6	0.6	0.9	0.9	1.5	1.7	3.7	5.8	8.1	8.4	3.2	2.2	2.2	4.3	3	4.9	5.6	5.3	4.7	3.4	2.4	1.7	1.6	1.1	1.3	1.9	2.3	3.9	4.3	3.1	1.7	1.1
	9	29.1	1.6	1	1.3	1	0.6	1	1.2	0.8	1.3	2.9	2.5	4.4	8.2	12.5	11.2	3.9	2.9	1.6	2.3	1.5	1.9	2.3	2.5	2.1	2.3	1.6	1.1	0.6	1	1	1.7	2.2	4.5	5.6	3.6	2.5	1.6
	10	23.7	2	2	1.4	1.1	1.3	1.3	1	1.4	1.4	2.7	2.9	4.1	6.7	13.4	11.4	4.9	3	1.7	1.6	0.7	1	0.9	1.1	0.7	0.6	0.7	0.5	0.5	0.4	0.7	1.3	2.1	5.1	8.6	6.1	3.6	2
	11	29.2	3.6	3.3	2.7	1.8	1.7	1.2	1.2	1.1	1.7	2.3	2.4	3.1	5	10.6	11.5	5.1	2.9	1.5	1.6	1	0.5	0.5	0.5	0.5	0.7	0.6	0.4	0.5	0.5	0.7	1.3	2	5	9	7.1	5	3.6
	12	31.3	3.3	3.6	2.5	1.3	1.6	1.6	1.8	1.6	2.3	3.3	2.4	3.3	5.3	10.8	13.2	5	3.3	2.1	1.7	0.9	0.7	0.6	0.6	0.7	0.6	0.8	0.4	0.4	0.3	0.7	1.1	1.8	3.4	6.7	5.9	4.6	3.3
FREQUENCY OF SPEED                                                              																																							
	Month	0	1	2	3	4	5	6	7	8	9	10	11	12	13	14	15	16	17	18	19	20	21	22	23	24	25												
	ALL	30.3	14.4	21.5	14.6	8.8	5	2.5	1.5	0.7	0.4	0.2	0.1	0	0	0	0	0	0	0	0	0	0	0	0	0	0												
	1	37.2	15.2	18.4	10.6	6.6	4.5	2.9	1.9	1.1	0.7	0.3	0.2	0.1	0.1	0	0	0	0	0	0	0	0	0	0	0	0												
	2	35.5	15.2	17.7	11.1	8	5	3.1	2.3	1	0.5	0.3	0.1	0.1	0.1	0	0	0	0	0	0	0	0	0	0	0	0												
	3	25.1	13.9	21.6	14.4	9.8	6.6	4	2.3	1.3	0.5	0.3	0.1	0	0	0	0	0	0	0	0	0	0	0	0	0	0												
	4	27.3	13.3	21	18.4	9.4	5.6	2.3	1.4	0.7	0.5	0.2	0	0	0	0	0	0	0	0	0	0	0	0	0	0	0												
	5	26.9	12.9	21.1	18.1	11.1	5.4	2.5	1.1	0.5	0.2	0.1	0.1	0	0.1	0	0	0	0	0	0	0	0	0	0	0	0												
	6	31.5	14.1	22.2	17.2	9.7	4.2	0.9	0.2	0	0	0	0	0	0	0	0	0	0	0	0	0	0.1	0	0	0	0												
	7	34	16.6	24.2	14.5	7.2	2.6	0.6	0.2	0.1	0	0	0	0	0	0	0	0	0	0	0	0	0	0	0	0	0												
	8	33.4	15.3	23.8	14.1	7.9	3	1.1	0.7	0.2	0.3	0.1	0	0	0	0	0	0	0	0	0	0	0	0	0	0	0												
	9	29.1	14.6	25	14.2	7.6	4.8	2.2	1.2	0.6	0.3	0.2	0.1	0	0	0	0	0	0	0	0	0	0	0	0	0	0												
	10	23.7	12.6	22.9	16.4	10.3	6.3	3.5	2	1.1	0.5	0.3	0.2	0.1	0	0	0	0	0	0	0	0	0	0	0	0	0												
	11	29.2	14.4	20.5	13.7	9.1	6.3	3.2	2	0.8	0.4	0.1	0.1	0.1	0.1	0	0	0	0	0	0	0	0	0	0	0	0
	12	31.3	14.2	18.2	11.5	8.1	6.7	4.7	3	1.4	0.7	0.2	0.1	0.1	0	0	0	0	0	0	0	0	0	0	0	0	0
PERCENT OF POWER BY SPEED                                                       																											
	Month	0	1	2	3	4	5	6	7	8	9	10	11	12	13	14	15	16	17	18	19	20	21	22	23	24	25
	ALL	0	1	5.6	11.1	14.4	15.5	13.4	12.2	8.3	6.4	4	2.4	1.4	1.4	0.3	0.1	0	0.1	0.1	0.1	0	1.2	0	0.5	0.3	0.3
	1	0	0.8	4	6.8	9.3	11.6	13.5	13.4	10.9	10.1	6.1	6.2	3.1	3.3	0.7	0	0	0	0	0	0	0	0	0	0	0
	2	0	0.8	3.9	7.1	11.2	13.2	14.2	16	9.9	7.9	6.1	3.7	3.1	2.3	0.6	0	0	0	0	0	0	0	0	0	0	0
	3	0	0.7	4.2	8.4	12.5	15.8	16.2	15	12	6.9	4.5	1.4	0.7	0.9	0	0.7	0	0	0	0	0	0	0	0	0	0
	4	0	0.9	5.4	13.8	15.5	17.3	12.1	11.4	8.5	8.6	3.8	1.2	0	0	0	0	0	0	1.5	0	0	0	0	0	0	0
	5	0	0.9	5.8	14.8	19	17.8	14	9.8	5.8	3.7	2.6	1.7	1.3	2.8	0	0	0	0	0	0	0	0	0	0	0	0
	6	0	1.4	8.7	19.7	23.5	19.1	7.1	2.6	0.2	0.3	0	0	0	0	0	0	0	0	0	0	0	17.2	0	0	0	0
	7	0	2.5	13.9	24	24.8	17	7.4	3	1.3	0.4	0	0	0	0	0	0	0	0	0	0	0	0	0	5.7	0	0
	8	0	1.6	9.9	17	20.6	14.9	9.6	9.4	3.7	7.6	4.7	1	0	0	0	0	0	0	0	0	0	0	0	0	0	0
	9	0	1	6.6	11.1	13	15.3	12.1	10.6	7.5	5	6.1	3.3	1	0.7	0	0	0	0	0	0	0	2.7	0	0	4	0
	10	0	0.6	4.4	9.1	12.5	14.6	13.6	11.9	9.5	7	5.9	4.1	2.2	0.9	0	0	0	0	0	1.2	0	0	0	2.4	0	0
	11	0	0.8	4.4	8.7	12.7	16.4	14.4	13.6	8.4	5.3	2	1.7	2.3	3.8	2.1	0	0	0	0	0	0	0	0	0	0	3.4
	12	0	0.7	3.4	6.5	9.8	15.4	18.2	18.5	12	8.7	2.6	1.8	1.5	0	0	0	0	0.9	0	0	0	0	0	0	0	0
PREVAILING DIRECTION BY HOUR                                                    																											
	Month	0	1	2	3	4	5	6	7	8	9	10	11	12	13	14	15	16	17	18	19	20	21	22	23	24	
	ALL	140	140	140	130	130	140	130	140	140	140	130	130	140	140	140	140	140	140	320	330	330	330	330	140	140	
	1	140	140	130	130	330	330	130	130	140	140	140	330	140	140	140	140	140	340	340	330	330	340	330	330	140	
	2	140	330	140	140	140	140	140	340	340	340	340	140	140	330	140	130	320	330	330	340	140	140	340	330	140	
	3	340	330	140	140	140	130	140	140	140	140	140	130	140	140	130	140	130	140	140	330	330	330	330	140	340	
	4	140	140	140	340	140	140	130	140	130	130	130	130	130	130	140	220	140	320	320	320	330	330	330	140	140	
	5	330	140	140	340	330	140	130	140	130	130	220	130	140	210	210	230	220	220	320	320	320	330	140	330	330	
	6	220	350	140	330	340	340	330	120	250	250	220	250	210	220	230	220	220	230	220	210	320	320	330	330	220	
	7	130	340	330	340	330	120	130	130	180	180	210	210	220	220	220	220	220	220	220	210	220	210	330	330	130	
	8	140	140	120	130	130	140	140	130	140	140	200	130	210	130	220	220	220	230	210	140	140	140	140	120	140	
	9	140	130	130	130	130	130	140	120	130	120	130	130	130	140	130	140	130	130	140	140	130	130	130	130	140	
	10	130	130	130	130	130	130	130	140	140	130	140	130	130	130	140	130	130	130	130	330	130	130	130	130	130	
	11	130	140	130	140	130	130	140	140	130	130	140	130	330	330	140	130	140	330	140	140	140	140	130	130	130	
	12	140	130	130	140	130	130	130	140	130	140	140	140	140	140	140	140	140	140	140	140	140	140	140	140	140	
SPEED FOR PREVAILING DIRECTION BY HOUR                                          																										
	Month	0	1	2	3	4	5	6	7	8	9	10	11	12	13	14	15	16	17	18	19	20	21	22	23	24
	ALL	4.63	4.43	4.42	4.25	4.53	4.71	4	4.52	4.26	4.41	4.11	4.19	4.69	4.52	4.64	4.57	4.75	4.44	2.93	2.86	2.83	2.73	2.68	4.68	4.63
	1	4.65	5.07	4.09	5.3	2.91	2.5	4.75	4.8	4.85	5.52	4.97	2.58	5.8	4.58	5.93	5.49	5.53	2.48	2.74	2.68	2.81	2.63	2.49	2.38	4.65
	2	5.97	2.64	5.51	5.43	5.18	5.18	5.15	2.44	2.46	2.64	2.42	5.44	5.56	3.01	4.57	3.84	2.58	3.03	3.17	2.54	5.03	5.19	2.89	2.85	5.97
	3	2.77	3.33	4.87	4.48	4.85	3.92	4.86	4.9	5.26	4.34	4.76	4.29	4.79	4.94	4.26	5.09	3.76	4.51	4.89	2.64	2.83	2.91	2.93	4.52	2.77
	4	3.82	4.08	3.83	2.21	4.46	4.15	4.42	4.44	4.29	4.28	4.55	4.9	4.84	4.88	4.57	3.67	4.82	3.7	3.25	2.87	2.81	2.63	2.43	3.75	3.82
	5	2.64	3.86	3.74	3	2.69	3.68	3.33	4.01	3.65	4.03	3.36	3.94	4.53	3.48	3.64	4.06	3.53	3.12	3.56	3.34	3.08	2.92	4.32	3.11	2.64
	6	2.26	2.44	2.15	2.46	2.39	2.46	2.38	2.12	2.76	2.88	2.88	3.48	3.65	3.42	3.96	3.85	3.97	3.63	2.97	2.36	3.25	3.16	3.08	2.71	2.26
	7	2.41	2.15	2.06	2.24	2.15	2.51	2.88	3.35	2.4	2.9	2.66	3.14	3.19	3.61	3.11	3.34	3.05	3.09	2.91	2.39	2.53	2.77	2.55	2.07	2.41
	8	4.49	4.56	3.22	3.74	3.95	4.42	4.73	2.58	4.04	4.84	2.21	3.48	3	3.57	3.37	3.28	3.03	2.78	2.53	3.54	3.93	4.14	4.56	2.54	4.49
	9	4.75	3.93	3.33	4.07	4.18	4.17	4.2	2.67	4.3	2.86	4.1	4.01	4.02	3.66	3.86	4.18	3.85	3.85	4.5	3.56	3.62	3.71	4.11	4.18	4.75
	10	4.65	4.2	4.47	4.31	4.82	4.08	4.44	4.79	4.54	4.12	4.85	4.44	4.23	4.18	4.65	4.4	4.15	4.19	5.1	2.66	4.15	3.95	4.51	4.07	4.65
	11	5.2	3.92	5.18	4.85	4.94	5.23	5.4	4.54	4.45	4.18	5.16	4.11	2.69	2.37	4.28	3.89	4.58	2.72	4.9	4.57	4.61	4.39	5.07	4.02	5.2
	12	4.34	4.19	4.38	4.3	5.41	4.39	4.9	4.85	4.89	5.23	4.84	4.85	4.72	5.19	5.19	4.81	5.28	4.26	4.79	4.71	4.82	4.24	4.16	5.2	4.34
