HAINES              AK - 703626                                                 														
 59 deg    15' N  135 deg    31' W - Elev    5m   LST=GMT+99 hours   *NT= -9    														
 06/96-09/02                                                                    														
SPEED BY YEAR                                                                   														
	Year	ALL	JAN	FEB	MAR	APR	MAY	JUN	JUL	AUG	SEP	OCT	NOV	DEC
	ALL	4.49	5.55	5.34	4.92	4.54	4.22	3.56	3.39	3.64	4.21	4.88	4.97	5.44
	1996	3.97	-1	-1	-1	-1	-1	3.52	3.1	3.19	4.03	4.17	4.92	5.53
	1997	3.74	5.51	3.42	4.47	3.97	4.05	2.84	2.83	1.83	2.71	4.75	4.01	4.68
	1998	4.29	5.62	3.43	5.08	4.39	4.25	3.55	3.28	4.15	4.22	4.84	4.92	5.04
	1999	4.65	6.21	6.49	4.53	4.75	4.02	3.67	3.48	3.5	4.4	5.17	4.75	5.46
	2000	4.43	5.75	4.95	5.01	4.56	4.16	3.37	2.99	3.31	4.03	4.78	5.01	5.31
	2001	4.76	5.22	5.3	5.12	4.18	4.85	3.68	3.78	3.68	4.75	4.98	5.43	5.98
	2002	4.48	5.35	5.44	5.09	4.77	3.97	3.69	3.65	4.09	2.93	-1	-1	-1
POWER BY YEAR                                                                   														
	Year	ALL	JAN	FEB	MAR	APR	MAY	JUN	JUL	AUG	SEP	OCT	NOV	DEC
	ALL	102	156	154	126	107	105	50	44	58	85	112	122	150
	1996	102	-1	-1	-1	-1	-1	95	50	53	89	97	174	213
	1997	107	207	58	122	146	164	48	52	47	55	106	140	157
	1998	99	179	75	185	152	504	45	40	72	72	118	107	120
	1999	112	196	231	117	121	71	54	45	53	91	129	125	146
	2000	97	171	125	118	100	75	47	34	43	90	108	112	140
	2001	104	138	147	133	80	101	46	46	41	99	100	132	169
	2002	96	123	151	127	115	79	51	50	82	31	-1	-1	-1
NUMBER OF SPEED OBSERVATIONS BY YEAR                                            														
	Year	ALL	JAN	FEB	MAR	APR	MAY	JUN	JUL	AUG	SEP	OCT	NOV	DEC
	ALL	36295	2704	2896	2747	2903	3126	3312	3608	3613	2969	2958	2812	2647
	1996	1022	0	0	0	0	0	106	179	177	177	149	100	134
	1997	1788	148	154	148	101	165	127	164	150	178	155	149	149
	1998	4839	150	129	123	93	144	562	665	643	681	707	564	378
	1999	7541	381	660	591	686	716	641	614	691	627	575	673	686
	2000	8054	634	665	673	656	654	667	682	681	673	710	690	669
	2001	7584	717	656	562	678	657	569	622	582	612	662	636	631
	2002	5467	674	632	650	689	790	640	682	689	21	0	0	0
NUMBER OF SPEED OBSERVATIONS BY HOUR                                            														
	Hour	ALL	JAN	FEB	MAR	APR	MAY	JUN	JUL	AUG	SEP	OCT	NOV	DEC
	0	1357	104	106	99	111	117	129	137	132	107	113	105	97
	1	1351	97	111	107	111	119	119	133	129	109	107	110	99
	2	1343	101	107	103	111	117	116	135	127	109	107	111	99
	3	1345	97	108	100	115	117	121	132	135	110	111	102	97
	4	1355	100	106	104	117	120	127	130	134	112	104	107	94
	5	1517	100	110	100	130	150	142	163	162	132	124	107	97
	6	1716	120	131	127	135	155	162	169	184	162	134	121	116
	7	1649	142	142	129	132	132	158	153	152	133	140	116	120
	8	1614	125	122	136	123	147	146	153	154	128	135	129	116
	9	1753	110	127	115	144	160	166	190	189	160	155	123	114
	10	1714	141	140	151	134	138	152	153	159	136	134	140	136
	11	1581	115	127	119	122	149	150	163	147	123	128	123	115
	12	1678	122	130	114	128	148	159	164	184	152	143	116	118
	13	1763	125	147	129	135	153	163	183	175	148	149	136	120
	14	1636	125	147	132	125	132	146	150	157	126	127	136	133
	15	1437	114	118	112	113	112	120	140	143	109	114	125	117
	16	1382	100	111	107	117	116	125	140	137	108	107	112	102
	17	1486	104	106	106	121	133	142	161	157	125	129	101	101
	18	1508	116	128	118	117	117	131	146	151	123	121	123	117
	19	1409	111	121	118	117	111	122	137	142	99	112	111	108
	20	1459	104	105	99	114	130	133	155	155	124	127	108	105
	21	1494	119	119	114	115	121	131	149	148	116	118	125	119
	22	1391	111	116	107	110	116	125	132	130	107	112	117	108
	23	1357	101	111	101	106	116	127	140	130	111	107	108	99
	24	1357	104	106	99	111	117	129	137	132	107	113	105	97
SPEED BY HOUR                                                                   														
	Hour	ALL	JAN	FEB	MAR	APR	MAY	JUN	JUL	AUG	SEP	OCT	NOV	DEC
	0	4.16	5.37	5.21	5.04	3.93	3.36	2.85	2.76	3.22	4.1	4.86	4.96	5.42
	1	4.26	5.37	5.28	4.97	4	3.83	2.87	2.65	3.18	4.28	5.22	5.05	5.43
	2	4.34	5.5	5.62	4.93	3.98	3.72	2.93	2.78	3.57	4.49	4.81	5.19	5.42
	3	4.33	5.49	5.61	4.71	4.18	3.77	3.07	2.75	3.52	4.36	4.74	5.18	5.6
	4	4.44	5.59	5.72	4.69	4.41	3.94	3.12	2.83	3.79	4.52	5.09	5.11	5.58
	5	4.3	5.56	5.64	4.57	4.44	3.98	3.27	2.89	3.31	4.23	4.87	5.24	5.41
	6	4.4	5.39	5.19	4.75	4.66	4.14	3.57	3.04	3.41	4.27	5.21	5.09	5.34
	7	4.56	5.44	5.46	4.91	4.88	4.41	3.68	3.11	3.64	4.55	4.67	4.99	5.47
	8	4.77	5.98	5.48	5.2	5.21	4.51	4.04	3.48	3.9	4.37	5.18	5.16	5.43
	9	4.67	5.87	5.64	5.5	5.3	4.82	3.82	3.48	3.76	4.29	4.99	5.02	5.08
	10	4.93	5.8	5.67	5.21	5.52	4.89	4.13	3.93	4.21	4.74	5.29	4.74	5.26
	11	5.06	6.22	5.8	5.6	5.6	5.14	4.27	3.95	4.27	4.77	5.18	5.2	5.44
	12	4.88	5.69	5.67	5.26	5.44	4.98	4.15	4.18	3.92	4.43	5.25	5.08	5.48
	13	4.8	5.44	5.15	5.25	5.32	5.22	4.15	4.09	4.03	4.43	4.82	4.9	5.43
	14	4.84	5.46	4.98	5.52	5.07	5.07	4.29	4.16	4.33	4.46	4.88	4.75	5.38
	15	4.8	5.8	5.06	5.24	5.17	4.86	4.35	4.19	4.08	4.44	4.61	4.54	5.6
	16	4.54	5.25	5.09	4.91	4.81	4.79	4.07	3.92	3.92	3.95	4.38	4.6	5.25
	17	4.36	5.43	5.13	4.32	4.49	4.42	3.92	3.7	3.7	3.59	4.4	4.63	5.58
	18	4.2	5.66	4.95	4.11	3.88	3.91	3.51	3.48	3.35	3.54	4.31	4.6	5.57
	19	4.08	5.52	4.89	4.29	3.67	3.4	2.89	3.08	3.11	3.53	4.59	5	5.56
	20	4.05	5.46	5.42	4.35	3.36	3.09	2.93	3.18	3	3.69	4.91	5.05	5.54
	21	4.09	5.37	5.01	4.71	3.47	3.08	2.85	2.99	3.28	3.5	4.67	5.22	5.48
	22	4.2	5.13	5.23	4.85	3.54	3.45	2.84	3.11	3.2	4	5.01	5.08	5.52
	23	4.18	5.3	5.28	4.75	3.67	3.47	2.92	2.99	3.22	4.14	5.05	4.98	5.46
	24	4.16	5.37	5.21	5.04	3.93	3.36	2.85	2.76	3.22	4.1	4.86	4.96	5.42
POWER BY HOUR                                                                   														
	Hour	ALL	JAN	FEB	MAR	APR	MAY	JUN	JUL	AUG	SEP	OCT	NOV	DEC
	0	88	141	148	122	81	57	33	29	48	77	119	118	137
	1	92	135	149	118	78	67	35	30	46	87	127	126	143
	2	94	149	169	121	78	66	38	31	56	90	99	123	148
	3	94	143	170	109	83	73	40	35	54	94	103	122	149
	4	99	162	179	113	92	73	40	34	69	94	115	123	148
	5	102	159	174	103	97	141	45	36	59	91	111	133	148
	6	99	147	151	119	111	80	53	37	62	84	108	139	159
	7	101	164	155	101	117	95	53	36	57	103	94	122	144
	8	123	220	159	151	143	101	60	44	68	93	124	207	153
	9	115	178	177	148	154	176	57	44	67	98	111	122	125
	10	120	181	169	156	154	120	67	54	73	96	132	106	153
	11	126	179	187	163	156	182	63	54	71	99	118	137	148
	12	121	169	177	147	160	173	65	62	61	97	136	122	143
	13	129	156	150	147	155	296	66	62	67	97	113	124	162
	14	113	156	129	168	128	113	65	70	75	93	113	106	155
	15	106	155	137	131	127	96	70	63	60	87	107	96	167
	16	91	135	131	114	108	93	58	53	54	67	90	91	134
	17	88	139	132	90	96	83	59	46	55	68	102	94	149
	18	88	144	132	107	77	61	51	40	44	64	90	109	161
	19	85	153	129	98	68	57	26	33	41	64	105	116	158
	20	83	149	154	99	58	43	39	40	39	68	107	116	153
	21	89	151	144	116	67	41	33	32	52	64	102	138	160
	22	92	127	149	139	70	55	29	33	48	75	128	122	156
	23	87	128	149	113	72	58	32	33	45	77	129	114	138																									
	24	88	141	148	122	81	57	33	29	48	77	119	118	137																									
SPEED BY DIRECTION                                                              																																							
	Month	calm	0	10	20	30	40	50	60	70	80	90	100	110	120	130	140	150	160	170	180	190	200	210	220	230	240	250	260	270	280	290	300	310	320	330	340	350	360
	ALL	0	5.23	6.09	5.22	5.36	5.3	3.63	4.62	4.91	4.75	4.53	4.86	5.26	4.34	3.8	3.75	3.8	4.28	4.42	5.92	5.89	4.59	3.41	4.28	3.66	3.54	3.24	3.53	3.57	4.36	5.32	5.38	5.28	4.98	4.24	3.72	5.29	5.23
	1	0	5.4	7.3	8.4	6.5	4.6	5.6	5.9	6.1	5.9	5.6	5.9	6.9	5.8	4.7	5.2	8.2	6.3	4.1	7.4	8.2	7.1	7.7	2.3	3.6	3.5	4.5	3.8	3.1	5	5.4	5.8	5.9	6.1	4.6	4.2	8.1	5.4
	2	0	3.6	3.2	5.1	3	5.2	3.6	4.8	5.5	5.6	5.5	6.1	6.7	6.1	4.1	5.1	6.3	5.1	6.3	5.8	6.4	6.3	2.6	2.1	2.6	2.9	3.4	2.8	3	4.2	5.9	5.8	5.8	5.2	4.4	3.3	3.4	3.6
	3	0	6.3	8.2	5.3	6.7	5.2	4.8	4.8	5.4	5.3	5.1	5.4	6	5.1	4	3.8	3.2	6.6	4.8	8.1	6.2	4.3	1.8	12.7	2.9	4.5	3.4	4.1	4.3	5	5.4	5.5	5.3	4.9	4.8	3.6	4.7	6.3
	4	0	-1	1.9	2.8	2.1	-1	2.7	4.4	4.7	4.9	4.7	5.4	5.7	5.1	4.4	4.1	3.7	5.2	5.5	5.3	8.7	5.4	2.8	3.4	4	3.6	3.6	4.6	4.8	5.2	5.5	5.2	4.9	4.6	3.6	4.3	1.5	-1
	5	0	4.1	3.6	2.3	2.3	5.8	3	5.2	4.7	4.3	4.3	4.5	5.3	5.1	4.2	4.1	4.2	3.4	3.2	5.3	4.2	3	4.1	3.7	3.4	2.7	3.7	4	4.4	5	5.6	5.4	5.1	4.2	3.4	3.7	-1	4.1
	6	0	-1	2	2.6	2.6	2.2	2.8	3.3	3.6	3.7	3.6	4	4.4	3.9	3.6	3.4	3.3	2.9	3.6	5.3	4.4	4.4	5.6	2.8	1.6	2.5	2.2	2.6	2.8	3.7	4.8	5.1	4.9	4.1	3.9	5.7	2.6	-1
	7	0	3.6	3.7	3.8	4.6	3.3	2.6	3.5	4	4	3.8	4	3.9	3.6	3.6	3.5	3.2	3	3.2	4.3	5.1	5	3.2	3	5.3	2.7	1.9	2.6	2.6	2.6	3.7	4.7	4.7	3.5	-1	5.1	4.1	3.6
	8	0	2	4.9	2.9	2	3.5	2.9	4.3	4.4	4.3	4.4	4.4	4.1	3.5	3.3	3.1	3.1	3.6	3.6	5.6	4.7	4	3.5	2.6	3.3	3.2	2.6	2.3	3.3	3.1	4.3	4.7	4.4	4.1	2.9	2.6	3	2
	9	0	3.6	4.2	3.5	6.8	4.1	3.1	4.5	4.8	4.9	4.7	5	5.5	3.8	3.5	3.9	3.7	4.1	4.7	6.4	11.3	3.8	2.6	1.5	3.1	3.1	2.7	2.4	2.8	3.4	4.7	4.9	4.7	3.2	3	2.7	21.6	3.6
	10	0	2.2	4.9	4.5	5.4	1.5	3.8	5.3	5.7	5.4	5.1	5.6	6.3	5.1	4.2	4.9	5	5.8	6.8	7	5.2	5.9	3.8	7.5	7	2.3	3	3.8	3.3	4.1	4.7	5.1	4.7	4.4	4.3	3.8	2.2	2.2
	11	0	-1	6.4	5.2	7.2	-1	4.3	5.2	5.5	5.5	4.8	5.6	7.1	5.5	4.8	5.2	4.3	6.1	5.4	7.7	7.7	4.4	-1	2.3	2.5	7	3	2.7	3.3	3.7	5.1	5.2	5.5	5.2	5	4.5	4.7	-1
	12	0	7	7.5	7.3	7.3	7.6	5.9	5.4	5.8	5.8	5.6	6	6.2	5.5	4.3	5.1	6.2	5.5	7.3	7.2	4.5	3.6	3.1	2.9	3.4	-1	3.5	3.6	3	4.4	5.6	5.7	5.9	5.4	4.9	2.8	2.3	7
FREQUENCY BY DIRECTION                                                          																																							
	Month	calm	0	10	20	30	40	50	60	70	80	90	100	110	120	130	140	150	160	170	180	190	200	210	220	230	240	250	260	270	280	290	300	310	320	330	340	350	360
	ALL	8.09	0.13	0.35	0.22	0.15	0.16	0.47	1.35	5.56	8.07	8.83	10.19	8.69	4.48	2.75	2.34	1.29	0.78	0.38	0.65	0.32	0.37	0.12	0.16	0.18	0.19	0.44	0.45	0.89	3.17	13.96	13.29	6.48	2.33	0.48	0.2	0.13	0.13
	1	2.8	0.5	1	0.4	0.4	0.2	0.2	1.2	4.5	6.3	5.6	5.6	4.8	1.3	0.6	0.3	0.1	0.2	0.1	0.2	0	0.2	0	0.1	0.1	0.3	0.3	0.9	0.6	4.5	25.1	18	9.6	5.4	0.7	0.3	0.4	0.5
	2	5.7	0	0.1	0.1	0.2	0.1	0.4	0.8	2.3	3.5	5	5.2	4.8	1	0.5	0.5	0.2	0.2	0.1	0.5	0.1	0.2	0.1	0	0	0.2	1	0.4	1	4.5	30.8	22.7	8.9	3.2	0.7	0.2	0.1	0
	3	7.3	0.2	0.9	0.4	0.3	0.2	0.5	1.1	5	5.7	6.4	8.7	7.7	2.6	1.1	0.8	0.4	0.5	0.3	0.4	0	0.7	0.2	0.2	0.4	0.1	0.7	0.3	1.2	4.4	15.5	18	9.4	4.1	1.1	0.5	0.2	0.2
	4	10	0	0.1	0.2	0	0	0.5	1.2	4.8	7.3	6.9	9.9	9.8	4.4	2.2	2.1	1.8	1	0.5	1	0.5	0.2	0.2	0.2	0.2	0.3	0.7	0.9	1.6	5.7	10.9	12.9	9.1	2.5	0.3	0.1	0	0
	5	10.1	0.1	0.1	0.1	0.1	0.3	0.6	1.3	6.2	7.6	9.1	10.8	11.1	8.3	5.5	5.3	2.6	1.6	0.7	1	0.8	0.3	0.1	0.3	0.3	0.2	0.3	0.5	1	2.7	6.1	8.5	4.9	1.2	0.2	0.2	0	0.1
	6	10.3	0	0.2	0.1	0.1	0.1	0.4	1.4	5.5	8.5	10.8	13.7	13.4	9	5.3	5.5	3.2	1.3	0.6	1	0.4	0.4	0.1	0.3	0.1	0.1	0.2	0.3	0.5	1.3	4.5	6.8	3.5	1.1	0.3	0	0	0
	7	11.4	0.1	0.2	0.1	0.1	0.1	0.4	1.7	5.6	10.8	14.3	16.2	12.9	8.6	6.9	5.2	2.1	0.9	0.7	0.7	0.7	0.6	0.2	0.2	0.2	0.2	0.3	0.2	0.5	1	2.6	4.2	1.3	0.4	0	0	0	0.1
	8	12.4	0.1	0.1	0.2	0.1	0.1	0.6	2	8.2	12.5	13.3	13.1	10.2	6.6	4.1	3.1	1.5	0.6	0.3	0.7	0.3	0.8	0.2	0	0.1	0.1	0.2	0.2	0.4	1.6	5.5	7.9	4.1	0.8	0.2	0	0.3	0.1
	9	10	0.1	0.4	0.4	0.1	0.1	0.6	1.2	8.1	14	13.1	14.1	9.5	4.1	2.8	2.2	1.1	0.8	0.4	0.6	0.3	0.3	0.1	0.1	0.3	0.3	0.5	0.3	0.7	2.2	6.9	8.7	3.8	1	0.6	0.1	0.1	0.1
	10	5.3	0.1	0.1	0.2	0.2	0.1	0.4	1.4	6.9	8.5	8.7	11.8	9.3	2.5	1	0.7	0.6	0.9	0.1	0.7	0.1	0.4	0.1	0.2	0.2	0.1	0.4	0.5	1.2	3.1	11.8	14.4	7.8	3.2	1.1	0.6	0.2	0.1
	11	4.7	0	0.4	0.3	0.1	0	0.4	1.3	4.5	5.3	5	4.5	4.1	1.9	0.7	0.3	0.5	0.5	0.1	0.3	0.1	0.2	0	0.1	0.2	0.3	0.3	0.5	1.3	4.6	27.2	21.1	9.7	3.3	0.5	0.1	0.2	0
	12	3.7	0.4	0.7	0.5	0.2	0.5	0.6	1.3	4.5	5.4	5.4	6.2	4.8	1.6	0.6	0.7	0.8	0.8	0.4	0.7	0.2	0.2	0.2	0.2	0.1	0	0.4	0.5	0.9	3.5	26.4	20.2	7.7	2.7	0.3	0.2	0.1	0.4
FREQUENCY OF SPEED                                                              																											
	Month	0	1	2	3	4	5	6	7	8	9	10	11	12	13	14	15	16	17	18	19	20	21	22	23	24	25
	ALL	8.1	3	11	15.8	18.6	17.7	13.1	7.5	2.9	1.2	0.7	0.2	0.1	0	0	0	0	0	0	0	0	0	0	0	0	0
	1	2.8	1.2	5.7	8.8	16.5	22.3	20.2	12.3	5.6	2.4	1.4	0.6	0	0	0	0	0	0	0	0	0	0	0	0	0	0
	2	5.7	1.9	7.6	9.5	14.5	18	17.1	13.5	7.8	2.9	1	0.4	0.1	0	0	0	0	0	0	0	0	0	0	0	0	0
	3	7.3	2.1	7.9	13.2	17.1	17.7	16.6	11.6	3.3	1.6	1	0.2	0.3	0	0	0	0	0	0	0	0	0	0	0	0	0
	4	10	3	8.6	14.2	17.8	18.3	13.2	9	3.6	1.6	0.4	0.2	0.1	0	0	0.1	0	0	0	0	0	0	0	0	0	0
	5	10.1	3.3	12.6	17.4	18.4	17.1	11.1	6.4	2.2	0.6	0.4	0.1	0	0	0	0	0	0	0	0	0	0	0	0	0	0.2
	6	10.3	4.9	17	24.4	21.2	12.6	6.4	2.4	0.4	0.2	0.1	0	0	0	0	0	0	0	0	0	0	0	0	0	0	0
	7	11.4	4.9	17.7	25.4	22.1	12.1	4.4	1.5	0.3	0.1	0.2	0.1	0	0	0	0	0	0	0	0	0	0	0	0	0	0
	8	12.4	4.6	16	20.6	19.2	14.6	7.8	3.2	0.8	0.3	0.3	0	0	0	0	0	0	0	0	0	0	0	0	0	0	0
	9	10	4	12.5	15.9	19.8	16.3	10.6	6.6	2.3	1.1	0.6	0.1	0.1	0	0	0	0	0	0	0	0	0	0	0	0	0
	10	5.3	2.3	7.1	13.9	20.5	20.8	16.6	7.8	2.9	1.6	0.8	0.2	0.1	0	0	0	0	0	0	0	0	0	0	0	0	0
	11	4.7	1.7	8.1	11.4	19.4	22.9	18.7	7.9	2.8	0.9	0.7	0.3	0.2	0.1	0	0	0	0	0	0	0	0	0	0	0	0
	12	3.7	0.9	5.9	9.4	15	22.9	20.9	12	5.2	2.2	1.4	0.5	0.1	0	0	0	0	0	0	0	0	0	0	0	0	0
PERCENT OF POWER BY SPEED                                                       																											
	Month	0	1	2	3	4	5	6	7	8	9	10	11	12	13	14	15	16	17	18	19	20	21	22	23	24	25
	ALL	0	0.1	1	3.8	9.5	17.2	21.8	19.2	10.9	6.4	4.6	1.8	1	0.2	0.1	0.1	0	0.1	0	0	0	0	0	0	0	2.2
	1	0	0	0.3	1.4	5.8	14.6	22.8	21.2	13.9	8.5	6.6	3.6	0.3	0	0	0	0	0.9	0	0	0	0	0	0	0	0
	2	0	0	0.4	1.6	5.1	12	19.2	23.6	19.6	10.6	4.8	2.4	0.5	0	0	0	0	0	0	0	0	0	0	0	0	0
	3	0	0	0.6	2.7	7.2	14.4	22.8	24.4	10.1	6.9	5.6	1.4	3.4	0	0.6	0	0	0	0	0	0	0	0	0	0	0
	4	0	0.1	0.7	3.3	8.8	17	21	21.6	12.6	7.8	3	1.8	0.9	0	0	1.5	0	0	0	0	0	0	0	0	0	0
	5	0	0.1	1.1	4	9.2	16	17.8	15.9	7.7	2.8	2.5	0.9	0	0	0	0	0	0	0	0	0	0	0	0	0	22.1
	6	0	0.2	3	11.9	21.5	23.9	20.5	12.1	2.7	2.4	1.2	0.5	0	0	0	0	0	0	0	0	0	0	0	0	0	0
	7	0	0.2	3.6	14	25.1	26	16	8.3	2.2	0.6	2.9	1.1	0	0	0	0	0	0	0	0	0	0	0	0	0	0
	8	0	0.2	2.4	8.7	16.8	24.2	21.9	13.8	5	2.7	4	0.4	0	0	0	0	0	0	0	0	0	0	0	0	0	0
	9	0	0.1	1.3	4.5	11.9	18.5	20.4	19.8	9.8	6.6	5	0.7	1.4	0	0	0	0	0	0	0	0	0	0	0	0	0
	10	0	0	0.5	3.1	9.7	18.2	24.5	18	9.7	7.9	4.9	1.4	1.6	0.5	0	0	0	0	0	0	0	0	0	0	0	0
	11	0	0	0.6	2.4	8.6	19.4	26.1	16.8	8.8	4.1	4.3	2.2	2.4	0.9	0.6	0	0	0	0	0	0	0	0	0	0	3
	12	0	0	0.4	1.5	5.4	15.6	24	21.2	13.3	7.7	6.9	2.8	0.7	0.4	0	0	0	0	0	0	0	0	0	0	0	0
PREVAILING DIRECTION BY HOUR                                                    																											
	Month	0	1	2	3	4	5	6	7	8	9	10	11	12	13	14	15	16	17	18	19	20	21	22	23	24	
	ALL	300	290	290	290	290	290	290	290	290	290	290	290	110	110	110	110	110	100	90	300	300	300	300	300	300
	1	290	290	290	290	290	290	290	290	290	290	290	290	290	290	290	290	290	290	290	290	300	300	290	290	290
	2	290	290	290	290	290	290	290	290	290	290	290	290	290	290	300	290	300	300	300	300	290	300	290	290	290
	3	290	290	290	290	300	290	290	290	290	290	300	300	300	290	300	300	300	300	310	300	300	300	310	300	290
	4	300	300	300	300	310	300	290	300	300	290	290	120	110	110	110	110	100	300	70	80	90	80	90	300	300
	5	80	90	80	80	300	300	300	300	110	110	120	120	110	110	120	110	120	110	110	90	100	70	70	90	80
	6	90	80	70	80	290	290	100	300	110	140	110	140	110	120	110	110	110	110	110	90	80	80	90	100	90
	7	90	90	90	90	80	80	100	100	100	140	130	130	100	100	110	110	110	100	90	80	90	80	90	80	90
	8	80	90	80	90	300	290	290	290	290	110	140	100	100	110	110	90	90	100	90	90	80	90	80	100	80
	9	90	80	80	90	80	80	290	80	100	100	100	90	100	100	110	100	90	80	100	70	80	80	90	80	90
	10	300	290	290	300	290	300	290	290	290	290	300	300	110	100	100	110	80	100	300	110	300	310	300	300	300
	11	290	290	290	290	290	290	290	290	290	290	290	290	290	290	290	300	300	290	290	290	300	290	300	300	290
	12	290	290	300	290	290	290	290	300	290	290	290	290	290	290	290	290	300	300	290	300	290	290	300	290	290
SPEED FOR PREVAILING DIRECTION BY HOUR                                          																										
	Month	0	1	2	3	4	5	6	7	8	9	10	11	12	13	14	15	16	17	18	19	20	21	22	23	24
	ALL	5.22	5.41	5.23	5.33	5.17	5.25	5.2	5.3	5.53	5.52	5.5	5.7	5.68	5.51	5.47	5.25	5.12	4.54	4.32	5.13	5.28	5.25	5.25	5.28	5.22
	1	5.63	5.77	5.21	5.44	5.11	5.75	5.49	5.19	5.75	5.94	5.72	5.71	5.42	5.7	4.86	5.24	5.39	4.84	5.21	5.04	5.31	5.29	5.31	5.18	5.63
	2	6.31	6.06	6.22	6.27	6.01	6.54	5.76	6.17	6.13	6.04	6.19	5.99	5.86	5.55	5.65	5.09	5.42	5.33	5.22	5.28	5.56	5.59	6.04	6.19	6.31
	3	5.44	5.09	4.81	5.34	5.06	4.9	5.44	4.66	5.38	5.49	6.16	6.17	6.06	6.53	4.95	5.93	5.41	4.94	4.39	4.74	4.83	5.53	5.62	5.54	5.44
	4	5.05	4.73	4.55	4.74	5.42	4.9	5.02	6.24	6.28	6.46	6.51	5.63	5.57	5.66	5.88	5.71	4.62	5.17	4.74	4.42	4.04	4.15	4.5	4.93	5.05
	5	4.11	4.55	4.52	4.15	5.49	7.12	5.13	5.21	5.96	6.93	6	6.58	6.05	5.49	5.53	5.68	4.62	5.5	4.3	3.79	3.27	4.25	4.44	3.88	4.11
	6	2.92	3.21	3.63	3.67	4.89	4.76	4.28	5.2	4.61	3.55	4.67	3.81	4.96	4.26	5.27	4.7	4.48	4.33	3.44	3.3	3.21	3.62	3.53	3.44	2.92
	7	3.5	3.47	3.15	3.57	4.19	3.89	3.3	3.54	4.16	3.14	3.58	3.67	4.89	4.37	4.51	4.34	4.11	4.13	3.68	3.37	3.8	3.5	3.25	3.95	3.5
	8	4.06	3.58	4.34	4.19	4.61	4.21	3.84	4.38	4.82	5.03	2.96	5.47	4.84	4.61	4.18	5.08	4.69	3.67	4.16	4.11	3.53	3.71	4.2	3.98	4.06
	9	4.55	4.99	4.95	4.76	4.93	4.82	4.63	5.02	5.13	5.66	5.44	4.59	4.95	5.45	5.71	5.34	4.45	4.52	4.12	3.85	4.83	5.01	5.12	4.47	4.55
	10	4.85	4.91	4.45	5.01	4.68	5.04	5.04	5.2	5.07	4.88	6.18	5.45	6.43	5.6	5.67	6.32	5.26	5.64	4.15	7.01	4.82	4.13	5.05	4.77	4.85
	11	5.35	5.59	5.52	5.47	5.31	5.33	5.12	5.14	5.45	5	5.11	4.85	5.15	4.86	4.7	4.58	4.51	5.01	4.81	5.29	5.47	5.22	5.32	5.02	5.35
	12	5.9	5.81	5.56	6.03	5.59	5.84	6.13	5.51	5.79	5.41	5.16	5.83	5.38	5.33	5.27	5.75	5.73	5.46	5.27	5.96	5.49	5.54	5.76	5.5	5.9
