HAYES RIVER         AK - 702495                                                 														
 61 deg    59' N  152 deg    05' W - Elev  305m   LST=GMT+99 hours   *NT=-10    														
 01/73-05/84 06/87-09/02                                                        						Adjusted to Alaska Timezone (GMT-9)								
SPEED BY YEAR                                                                   														
	Year	ALL	JAN	FEB	MAR	APR	MAY	JUN	JUL	AUG	SEP	OCT	NOV	DEC
	ALL	1.81	1.45	1.54	1.8	1.86	1.97	2.17	1.86	1.91	2.03	2.04	1.58	1.39
	1973	1.49	1.53	0.75	2.01	1.86	1.46	1.45	1.42	1.74	2.02	2.23	1.65	0.2
	1974	1.67	0.84	1.92	1	0.61	1.33	2.47	1.81	2.11	1.76	1.72	1.95	1.69
	1975	2.25	2.22	1.87	2.25	2.81	2.21	2.23	2.16	2.22	2.11	2.85	2.2	1.68
	1976	2.29	1.66	2.48	2.32	2.73	2.67	2.67	2.47	1.7	2.13	1.23	1.2	1.15
	1977	1.54	0.77	1.11	1.79	0.5	0	1.99	1.34	1.41	2.64	2.25	-1	1.25
	1978	1.67	1.41	-1	4.6	2.7	1.58	2.69	0	5.1	2.07	1.81	1.25	1.09
	1979	1.72	0.81	1.21	1.34	1.32	1.21	1.64	2.56	1.87	2.06	1.51	2.71	1.69
	1980	1.71	1.83	1.81	1.62	1.2	1.54	1.24	1.59	1.42	1.35	1.99	2.09	-1
	1981	2.47	3	-1	-1	-1	-1	-1	-1	1.89	-1	2.81	1.5	-1
	1982	3.25	3.23	-1	1.33	2.3	10.6	-1	4.6	-1	1	0	0.67	-1
	1983	0.75	-1	0	-1	-1	-1	1.5	-1	-1	1.5	0	-1	-1
	1984	0.75	1.5	-1	-1	-1	0	-1	-1	-1	-1	-1	-1	-1
	1987	1.95	-1	-1	-1	-1	-1	2.38	1.88	1.99	2.38	1.9	1.83	1.33
	1988	1.85	0.98	1.85	1.91	2.68	1.96	2.38	1.87	1.96	2.14	1.54	1.67	1.2
	1989	1.98	2.84	0.75	1.65	1.87	2.75	2.77	2.47	1.88	1.69	2.07	1.45	1.21
	1990	2.06	1.18	2.2	2.01	1.64	2.18	2.24	2.15	1.83	2.55	2.8	2.44	1.3
	1991	1.93	1.27	1.92	1.8	2.28	2.47	2.5	2.09	2.04	1.99	1.93	1.32	1.51
	1992	2.12	1.61	2.08	2.18	2.67	2.61	2.54	2	2.04	3.09	1.69	1.74	1.56
	1993	2.01	1.65	1.74	2.01	2.08	2.28	2.84	2.42	2.62	2.27	1.84	1.32	1.11
	1994	2.18	0.98	1.86	2.91	2.3	2.59	2.74	2.18	2.24	1.9	2.4	2.65	1.29
	1995	1.88	1.15	1.52	3.05	2.12	1.76	2.2	1.83	2.36	1.8	2.24	1.75	0.81
	1996	1.52	0.92	1.88	1.33	1.24	3	1.82	1.78	1.94	2.02	1.79	0.38	1.89
	1997	1.96	1.34	0.58	1.8	1.91	1.83	1.72	1.37	2.03	2.18	3.4	1.77	2.69
	1998	1.44	1.51	1.33	2.27	1.9	1.61	1.7	1.4	1.37	1.03	1.2	0.74	1.57
	1999	1.39	1.51	2.17	0.79	1.29	1	1.8	1.85	1.36	1.57	1.43	1.32	1.24
	2000	1.3	1.62	0.62	0.91	1.52	1.77	1.45	1.05	2.18	2	1.28	0.73	0.5
	2001	1.68	1.01	0.5	0.5	0.49	1.82	2.77	3.06	2.77	3.13	4.77	3.01	4.97
	2002	0.8	4.52	0.77	1.05	0.87	0.77	0.53	0.51	0.45	0	-1	-1	-1
POWER BY YEAR                                                                   														
	Year	ALL	JAN	FEB	MAR	APR	MAY	JUN	JUL	AUG	SEP	OCT	NOV	DEC
	ALL	26	34	27	27	26	22	19	13	21	27	42	26	28
	1973	34	23	4	95	17	12	8	8	31	54	89	59	0
	1974	25	29	126	24	2	7	34	11	15	12	21	21	17
	1975	21	30	11	20	53	13	18	13	15	12	35	18	10
	1976	18	7	36	19	21	23	21	16	9	18	16	8	8
	1977	14	4	6	11	1	0	12	6	5	46	22	-1	6
	1978	14	6	-1	57	46	8	26	0	77	17	18	8	12
	1979	11	3	3	5	7	7	8	20	11	27	10	14	13
	1980	13	14	10	12	7	6	6	5	4	14	18	30	-1
	1981	31	16	-1	-1	-1	-1	-1	-1	7	-1	46	2	-1
	1982	421	68	-1	3	28	3120	-1	57	-1	2	0	2	-1
	1983	1	-1	0	-1	-1	-1	2	-1	-1	2	0	-1	-1
	1984	1	2	-1	-1	-1	0	-1	-1	-1	-1	-1	-1	-1
	1987	16	-1	-1	-1	-1	-1	18	11	16	25	16	16	12
	1988	14	7	21	15	22	11	16	9	11	15	12	18	8
	1989	25	122	6	30	11	30	29	17	11	9	21	15	8
	1990	25	13	36	18	10	15	14	13	12	44	63	39	14
	1991	19	6	23	19	19	23	19	17	25	23	23	12	17
	1992	22	15	24	16	26	29	23	13	17	62	19	15	22
	1993	36	26	15	19	22	23	30	32	45	30	26	66	78
	1994	41	11	22	67	54	27	32	18	73	47	39	65	25
	1995	26	7	14	77	89	11	15	9	19	11	26	24	12
	1996	24	20	39	9	9	16	23	9	23	27	38	6	63
	1997	63	33	4	44	39	23	17	11	33	50	266	70	98
	1998	23	96	14	51	21	13	13	12	11	7	10	8	18
	1999	28	92	131	15	37	17	14	17	11	15	13	13	21
	2000	17	64	16	7	11	12	10	5	27	28	14	6	4
	2001	24	8	6	3	3	17	20	33	23	33	112	22	233
	2002	14	158	14	9	7	34	3	5	4	0	-1	-1	-1
NUMBER OF SPEED OBSERVATIONS BY YEAR                                            														
	Year	ALL	JAN	FEB	MAR	APR	MAY	JUN	JUL	AUG	SEP	OCT	NOV	DEC
	ALL	51056	4122	3798	4023	4198	4061	4483	4370	4731	4338	4573	4418	3941
	1973	1275	79	71	82	81	79	56	143	133	126	111	151	163
	1974	2084	145	139	142	128	134	176	178	206	214	161	225	236
	1975	2294	232	182	178	212	216	184	182	204	180	170	221	133
	1976	1899	176	166	243	226	236	237	229	233	62	58	8	25
	1977	351	66	65	20	3	1	15	24	60	57	34	0	6
	1978	259	22	0	2	3	8	16	1	1	51	47	88	20
	1979	485	26	17	18	37	48	32	19	136	48	40	38	26
	1980	332	23	19	32	23	29	28	11	6	22	130	9	0
	1981	25	1	0	0	0	0	0	0	8	0	15	1	0
	1982	24	9	0	3	2	3	0	1	0	2	1	3	0
	1983	4	0	1	0	0	0	1	0	0	1	1	0	0
	1984	2	1	0	0	0	1	0	0	0	0	0	0	0
	1987	1880	0	0	0	0	0	234	262	268	280	300	282	254
	1988	3123	286	273	287	277	296	289	248	217	246	220	242	242
	1989	3150	231	204	214	221	289	276	297	284	275	294	280	285
	1990	2731	258	171	192	180	200	238	233	247	283	252	253	224
	1991	3064	248	246	275	269	286	242	251	232	226	267	257	265
	1992	2768	249	248	239	233	220	243	229	207	167	255	256	222
	1993	2587	209	197	202	177	201	215	235	243	214	211	245	238
	1994	2878	244	172	208	226	210	237	293	291	276	293	247	181
	1995	3143	262	247	262	266	275	289	271	214	272	278	251	256
	1996	2407	237	257	257	209	1	210	129	203	210	249	238	207
	1997	2872	157	166	142	201	281	275	278	283	238	290	282	279
	1998	2894	281	251	197	245	214	243	245	211	278	289	275	165
	1999	2608	170	143	234	245	251	232	71	253	253	258	268	230
	2000	2897	234	236	235	236	240	198	218	247	247	284	276	246
	2001	1333	233	170	136	235	90	84	67	90	103	65	22	38
	2002	1687	43	157	223	263	252	233	255	254	7	0	0	0
NUMBER OF SPEED OBSERVATIONS BY HOUR                                            														
	Hour	ALL	JAN	FEB	MAR	APR	MAY	JUN	JUL	AUG	SEP	OCT	NOV	DEC
	0	7	2	0	0	0	2	1	0	1	1	0	0	0
	1	1201	79	77	93	106	125	105	99	113	105	125	102	72
	2	7	0	0	0	1	0	1	1	2	2	0	0	0
	3	557	1	0	1	65	76	79	89	95	80	70	1	0
	4	364	74	59	63	3	0	1	0	0	1	9	78	76
	5	1880	58	45	54	176	196	226	223	254	235	245	109	59
	6	867	143	142	111	47	26	30	15	16	23	31	146	137
	7	3041	96	103	151	331	312	350	353	373	370	359	142	101
	8	1396	258	239	247	41	17	30	24	18	11	29	241	241
	9	3950	198	182	192	393	402	418	439	473	443	430	204	176
	10	1339	249	216	225	33	8	37	16	18	9	37	241	250
	11	4084	214	200	205	413	410	432	464	465	442	428	223	188
	12	1275	227	206	220	38	12	44	13	16	11	33	229	226
	13	3966	221	213	221	392	414	403	418	431	420	407	234	192
	14	1217	218	193	212	41	22	27	9	15	10	28	225	217
	15	4017	220	203	199	376	394	406	429	495	441	452	224	178
	16	1312	234	221	223	45	15	33	19	13	10	22	237	240
	17	3780	192	180	183	396	386	407	407	419	402	417	210	181
	18	1323	243	228	226	40	6	33	9	14	11	28	235	250
	19	3642	147	161	191	362	359	410	406	443	396	417	187	163
	20	4165	362	315	327	349	336	382	345	356	327	369	368	329
	21	5126	395	352	388	421	418	458	453	508	435	462	454	382
	22	1812	252	230	240	82	65	91	66	99	79	94	276	238
	23	728	39	33	51	47	60	79	73	94	74	81	52	45

SPEED BY HOUR                                                                   														
	Hour	ALL	JAN	FEB	MAR	APR	MAY	JUN	JUL	AUG	SEP	OCT	NOV	DEC
	0	0.29	0	-1	-1	-1	1	0	-1	0	0	-1	-1	-1
	1	1.48	1.64	1.75	1.42	1.35	1.2	1.42	1.19	1.24	1.72	1.93	1.82	1.02
	2	1.61	-1	-1	-1	0	-1	0	3.6	2.55	1.3	-1	-1	-1
	3	1.27	0	-1	0	1.39	1.27	1.01	0.93	1.25	1.52	1.57	4.6	-1
	4	1.19	1.58	1.12	0.87	0	-1	1.5	-1	-1	2.1	2.46	1.14	1.06
	5	1.19	1.88	0.68	1.17	0.87	0.92	0.91	0.86	1.2	1.58	1.78	1.01	1.28
	6	1.33	1.22	1.35	1.7	0.72	0.65	1.03	0.65	1.27	0.96	1.52	1.7	1.25
	7	1.33	1.45	0.39	1.11	1.27	1.2	1.42	1.09	1.45	1.55	1.71	1.02	1.42
	8	1.41	1.35	1.37	1.48	1.1	1.08	1.11	1	1.08	1.64	1.31	1.83	1.18
	9	1.72	1.66	1.03	1.05	1.81	2.02	2.04	1.8	1.84	1.77	1.78	1.11	1.53
	10	1.56	1.38	1.63	1.74	1.49	2.51	1.94	1.16	1.99	2.46	1.55	1.67	1.31
	11	2.15	1.53	1.28	1.47	2.36	2.56	2.57	2.31	2.32	2.48	2.24	1.33	1.46
	12	1.88	1.39	1.89	2.58	2.24	2.1	2.71	2.14	2.62	1.31	2.05	1.91	1.33
	13	2.31	1.31	1.45	1.98	2.55	2.71	2.7	2.37	2.49	2.75	2.56	1.44	1.58
	14	2.05	1.62	2.11	2.97	2.37	1.78	2.61	2.69	2.16	3.23	1.7	2.09	1.32
	15	2.38	1.51	1.57	2	2.56	2.77	2.85	2.4	2.6	2.75	2.61	1.5	1.47
	16	2.06	1.62	2.15	2.89	2.7	2.59	2.87	2.35	1.82	3.26	2.02	1.97	1.38
	17	2.27	1.68	1.59	1.78	2.37	2.66	2.96	2.32	2.42	2.39	2.43	1.37	1.34
	18	1.82	1.43	1.77	2.49	2.81	1.65	2.45	1.09	1.91	2.09	1.82	1.83	1.4
	19	1.88	1.66	1.09	1.23	1.78	2.05	2.58	2.13	1.94	1.82	1.96	1.19	1.66
	20	1.6	1.38	1.45	1.56	1.38	1.51	2.15	1.78	1.49	1.73	1.77	1.57	1.39
	21	1.47	1.15	1.48	1.56	1.29	1.21	1.62	1.47	1.52	1.5	1.8	1.52	1.41
	22	1.54	1.37	1.89	1.57	1.18	1.5	1.43	1.47	1.25	1.5	1.57	1.72	1.45
	23	1.67	2.54	2.05	1.84	1.99	1.67	1.37	1.46	1.12	1.77	1.53	1.84	2

POWER BY HOUR                                                                   														
	Hour	ALL	JAN	FEB	MAR	APR	MAY	JUN	JUL	AUG	SEP	OCT	NOV	DEC
	0	1	0	-1	-1	-1	2	0	-1	0	0	-1	-1	-1
	1	16	25	24	12	10	8	10	7	10	23	40	14	8
	2	17	-1	-1	-1	0	-1	0	28	39	5	-1	-1	-1
	3	9	0	-1	0	12	13	6	5	6	12	13	63	-1
	4	19	45	15	10	0	-1	2	-1	-1	6	25	11	12
	5	23	56	20	19	44	9	6	9	14	22	49	18	51
	6	29	21	17	30	6	6	15	4	10	8	40	75	23
	7	19	46	4	23	17	11	10	7	16	22	43	17	35
	8	26	30	15	20	12	9	6	4	15	16	11	51	23
	9	26	41	26	20	35	35	15	12	19	27	35	14	51
	10	21	16	23	23	30	22	22	8	17	83	29	26	14
	11	29	35	36	16	22	23	21	17	24	47	43	29	31
	12	25	24	35	30	25	16	33	10	27	7	23	21	17
	13	30	28	36	24	26	25	24	17	40	31	55	22	35
	14	29	31	38	44	25	13	41	22	18	83	16	24	13
	15	32	35	43	23	22	28	29	18	39	34	47	29	31
	16	29	35	24	37	34	25	50	21	13	65	18	28	16
	17	30	65	44	18	24	28	30	18	24	27	46	28	22
	18	31	41	25	30	26	6	27	4	10	34	20	22	42
	19	25	52	10	16	35	17	22	18	18	20	42	15	40
	20	25	54	23	40	15	12	16	12	13	19	45	26	27
	21	24	16	21	41	41	30	12	9	14	18	48	24	21
	22	23	21	31	15	8	10	13	8	8	10	18	25	56
	23	16	57	24	21	16	10	10	8	6	17	12	17	22

SPEED BY DIRECTION                                                              																																							
	Month	calm	0	10	20	30	40	50	60	70	80	90	100	110	120	130	140	150	160	170	180	190	200	210	220	230	240	250	260	270	280	290	300	310	320	330	340	350	360
	ALL	0	2.5	2.59	2.65	2.75	2.75	2.76	2.67	2.78	2.95	2.89	3.02	3	2.81	2.74	2.71	2.6	2.64	2.75	2.67	2.66	2.72	2.61	3.18	3.2	3.85	4.13	4.43	4.67	4.61	4.65	4.03	3.42	3	2.58	2.69	2.65	2.5
	1	0	2.3	2.6	2.4	2.3	2.4	2.7	2.7	2.6	2.9	2.5	2.4	2.3	1.9	2.9	2.3	2.5	2	2	2	1.9	2	2.3	2.6	2.8	4	4.9	4.6	5	5.5	4.3	3.3	2.2	2.4	2.7	2.9	3	2.3
	2	0	2.5	2.7	2.8	3	2.9	2.9	2.8	2.4	2.6	2.7	3.6	2.8	3	3	2.7	2.5	2.2	2.3	2.1	2.1	2.2	2.2	2.6	2.8	3.4	4.2	4.6	5.1	5	4.1	4.5	3.3	2.7	3.3	2.3	2.4	2.5
	3	0	2.4	3.4	2.7	2.9	3.2	3	2.9	2.9	3.2	3.3	2.9	2.9	2.5	2.6	2.2	2.5	2.3	2.4	2.3	2.3	2.6	2.6	2.9	3.2	3.6	4.1	4.5	4.6	4	4.5	4.7	5.3	2.2	2.3	2.9	2.4	2.4
	4	0	2.8	2.7	2.7	3.3	3.1	3.1	2.7	3.1	3	3.1	3.1	2.8	2.9	3.3	2.7	2.8	2.8	3.1	2.8	2.9	2.8	2.9	3	3.5	4.1	3.8	3.8	4.4	3.8	3.6	3.7	3.6	3.1	2.9	2.6	2.8	2.8
	5	0	2.9	2.4	3.1	2.7	2.7	2.9	2.9	3	3.2	3.1	3.2	3.6	2.8	2.7	2.9	2.5	2.7	3.1	3.1	2.9	3.1	2.8	3.7	3.5	3.3	3.6	4.3	4.2	3.5	3.4	3.7	3	3	2.6	2.3	2.7	2.9
	6	0	2.6	2.3	2.4	2.9	2.9	2.6	2.6	2.8	3	3	3	3.1	3.1	2.9	2.9	2.9	2.9	3.1	3.1	3.2	3.3	3.1	3.4	3.2	3.7	3.6	3.6	4.1	4.4	4.2	3.4	2.9	2.7	2.6	2.8	2.6	2.6
	7	0	2.3	2.5	2.3	2.6	2.5	2.6	2.4	2.7	2.8	2.8	3	2.7	2.9	2.8	2.8	2.6	2.4	2.6	2.5	3	3.3	2.5	3.4	3.1	3.8	3.5	3.5	3.7	3.8	5.3	3	3.6	2.9	2.2	2.2	2.3	2.3
	8	0	2.4	2.4	2.5	2.7	2.6	2.6	2.5	2.8	2.8	2.8	3	2.5	2.5	2.4	2.4	2.2	2.6	2.7	2.6	2.5	2.6	3.1	4.3	3.7	3.7	4.2	4.4	4.7	5.1	4.5	4.9	4.4	4.1	2.6	2.4	3.4	2.4
	9	0	2.6	2.2	2.6	2.7	2.7	2.6	2.8	2.9	3.2	2.8	3.1	3.2	3	2.7	2.4	2.6	2.4	2.7	2.4	2.8	2.6	2.8	4.2	3.9	4.5	4.6	4.4	4.4	5.8	5.4	4.2	4.6	3.6	2	2.9	2.9	2.6
	10	0	2.4	2.3	2.6	2.4	2.6	2.8	2.6	2.4	2.9	2.6	2.4	2.6	2.6	2.6	2.5	2.5	2.2	2.4	2.3	2.2	2.7	2.6	4	3.7	4.2	4.2	4.6	5.3	4.2	6.2	5.3	2.7	2.5	3.4	4.6	2.5	2.4
	11	0	2.2	2.6	2.5	2.5	2.6	2.7	2.5	2.3	2.6	4.1	3.1	5.4	2.3	1.7	2.2	2.2	3.7	2.2	1.9	2.2	2.2	2.3	2.4	2.9	3.7	3.9	4.5	4.4	4.6	4.4	3.5	2.8	2.6	2.5	2.1	2.6	2.2
	12	0	2.5	3.1	3	2.5	2.6	3	3.6	2.8	2.7	2.4	3.7	1.8	2.4	2.5	3.8	2.1	2.9	1.8	2.3	2.2	2.2	2.3	2.5	2.7	4	4	4.6	4.3	4.2	3.7	3	3.1	3.1	2.4	2.1	2.8	2.5
FREQUENCY BY DIRECTION                                                          																																							
	Month	calm	0	10	20	30	40	50	60	70	80	90	100	110	120	130	140	150	160	170	180	190	200	210	220	230	240	250	260	270	280	290	300	310	320	330	340	350	360
	ALL	42.9	2.8	1.42	1.84	2.4	3.77	4.02	4.86	3.48	3.6	6.81	2.23	1.66	2.22	1.05	1.28	1.28	1.93	2.12	5.43	3.03	2.6	4.36	2.96	4.92	5.79	4.09	3.83	5.31	2.04	1.86	1.08	0.79	0.91	0.45	0.81	0.97	2.8
	1	57.3	5	1.7	1.6	2	3	2.8	2.9	2.7	1.9	1.1	0.8	0.6	0.7	0.2	0.2	0.1	0.6	0.5	1.4	1.8	1.8	7	4.1	7.9	10.2	7.3	7.6	10.7	3.2	2.4	1.6	1.2	1	0.5	0.8	1.1	5
	2	52.9	1.7	1.9	1.4	2.7	3.2	2.4	2.9	1.5	1.6	2.2	0.7	0.8	0.6	0.4	0.3	0.4	1.3	1.7	3.3	3	3.2	6.9	4.8	8.8	10.7	6.8	5.9	6.9	3.4	1.6	2.8	0.7	1.3	0.3	1	0.9	1.7
	3	43.6	1.9	2	1.7	1.6	3.5	3.4	3.2	3.3	2.2	3.1	1.8	1.6	1.1	1	0.8	0.9	1.2	3.3	6.9	4.9	2.9	5.5	3.6	7.1	9.3	3.7	4.9	5.8	2.7	1.5	0.8	0.9	0.7	0.3	0.4	0.5	1.9
	4	41.2	3.4	1.3	2.5	3.3	4.1	4.3	4.1	2.4	3.2	4.7	1.6	2.1	2.6	1.3	1.2	1.9	3	4.1	9.1	4.4	2	4.3	3.6	3.8	4.7	3.1	2.6	4.5	1.2	1.3	0.6	1.2	0.6	0.6	0.8	0.5	3.4
	5	35.7	3.5	1.1	2.6	2.3	4.2	4.9	4.7	3.1	4.3	5.4	2.6	1.9	2.4	1.1	2	1.6	3.6	3.3	10.9	4.3	3.3	4.2	1.7	3.4	2.5	2.2	1.8	2	1.3	1.5	0.8	1	1.2	0.7	1.5	1.4	3.5
	6	28.7	2.3	1.4	1.1	2.3	3.8	3.9	6.4	3.9	4.3	8.9	3.2	2.7	3.9	1.7	2.3	2.7	4.1	3.5	8.3	4.2	4.1	4.1	1.8	2.1	2	1.6	1.3	1.5	1.1	1.3	0.5	0.4	0.9	0.6	0.7	1.1	2.3
	7	32.9	2.4	1.1	1.3	2.2	4.3	5.4	9.8	5.9	6.7	15.1	3.9	3.6	4.1	2.3	2.6	2.4	2.2	1.5	5.4	2.6	1.3	1.7	1.8	1.5	1.7	0.9	0.8	0.7	0.4	1.1	0.5	0.1	0.3	0.3	0.7	1.3	2.4
	8	36.2	3.1	1	2.4	3.3	6.3	5.9	7.2	5.6	5.4	14.4	4	1.7	3.3	1.2	1.9	1.1	1.8	1.2	3.5	1	1.3	2.4	2.2	2.1	2	2	2.3	4.6	1.2	0.9	0.8	0.5	1.1	0.3	0.6	0.5	3.1
	9	36.5	2.4	1.8	2.1	3.1	4.5	6.3	6	5.1	5.6	11.2	3.4	1.5	2.6	0.8	0.9	0.9	1.1	1.6	4.6	3.1	2.1	2.1	2	3.1	3.3	2.5	2.3	5.5	1.9	2.5	0.6	0.6	0.8	0.4	0.8	0.9	2.4
	10	43.2	2.2	1.4	1.5	1.5	2.1	2.3	2.2	2.5	2.1	3.4	0.9	0.4	1.5	0.8	0.7	1	1.2	1.8	4.6	2.3	3.7	5	3.4	7.4	10	8.3	7.1	8.7	2	3.2	1.6	0.4	0.8	0.2	0.8	1	2.2
	11	52.2	3.7	1.2	1.7	1.8	2	2.2	1.9	1.1	1	1.1	0.7	0.8	0.5	0.3	0.4	0.6	0.6	1.2	2.1	2.4	2.6	6.5	4.4	9.2	9.6	8.7	7.1	10.1	4.9	3	2	1.4	1.1	0.6	0.5	1.1	3.7
	12	58.1	2.5	1.6	2.3	2.1	2.2	1.9	2.8	1.8	1.3	1.4	0.3	0.3	0.4	0.5	0.5	0.3	0.5	0.7	1.1	1.7	2.9	6.7	4.6	8.9	11.7	7.3	7.5	8.5	3.7	3	1.8	1.7	1.5	0.9	1.5	1.6	2.5
FREQUENCY OF SPEED                                                              																																							
	Month	0	1	2	3	4	5	6	7	8	9	10	11	12	13	14	15	16	17	18	19	20	21	22	23	24	25
	ALL	42.9	8.1	24.9	8.9	6.7	4.9	1.3	1.5	0.1	0.2	0.3	0	0.1	0	0	0	0	0	0	0	0	0	0	0	0	0
	1	57.3	7.8	18.1	4.1	3.4	4	1.4	2.1	0.1	0.3	0.9	0	0.3	0	0	0.1	0	0	0	0	0	0	0	0	0	0
	2	52.9	7.8	19.8	5.9	4.8	4.6	1.1	2	0.1	0.1	0.3	0	0.2	0	0.1	0.1	0	0	0	0	0	0	0	0	0	0
	3	43.6	7.3	25.6	8.7	5.9	5.1	1.3	1.5	0.1	0.2	0.5	0	0	0	0	0	0	0	0	0	0	0	0	0	0	0
	4	41.2	5.8	27.1	11.1	7.7	5	0.9	0.7	0.1	0	0.3	0	0	0	0	0	0	0	0	0	0	0	0.1	0	0	0
	5	35.7	6.7	30	12.3	8.4	5	1.1	0.6	0	0.1	0	0	0	0	0	0	0	0	0	0	0	0	0	0	0	0
	6	28.7	9.4	30.7	13.4	10.4	5.1	1.3	0.8	0	0.1	0.1	0	0	0	0	0	0	0	0	0	0	0	0	0	0	0
	7	32.9	11	32.2	12.5	7.3	2.5	0.9	0.6	0.1	0	0	0	0	0	0	0	0	0	0	0	0	0	0	0	0	0
	8	36.2	9.1	29.3	11.1	7	4.3	1.3	1.1	0.1	0.3	0	0	0	0	0	0	0	0	0	0	0	0	0	0	0	0
	9	36.5	9.4	26.4	9.6	7.5	5.8	2	2.1	0	0.2	0.4	0	0	0	0	0	0	0	0	0	0	0	0	0	0	0
	10	43.2	6.9	21.7	7.4	7.5	7	1.9	2.6	0.2	0.3	0.5	0	0.3	0	0	0.2	0	0	0	0	0.1	0	0	0	0	0
	11	52.2	8.6	19	5	5.4	5.8	1.1	1.9	0.2	0.3	0.4	0	0.1	0	0	0	0	0	0	0	0	0	0	0	0	0
	12	58.1	7.2	17.9	4	4.5	4.6	0.8	1.8	0	0.1	0.6	0.1	0.2	0	0	0.1	0	0	0	0	0	0	0	0	0	0
PERCENT OF POWER BY SPEED                                                       																											
	Month	0	1	2	3	4	5	6	7	8	9	10	11	12	13	14	15	16	17	18	19	20	21	22	23	24	25
	ALL	0	0.6	7.7	7.3	11.7	15.5	7	15.7	1.2	3.3	8.6	0.4	5	0.1	0.7	4	0.2	0	0.6	0	2.1	0	4.1	2.7	0	1.4
	1	0	0.5	4	2.6	4.7	9.8	6.2	17.6	0.7	4.7	18.3	0	11.9	0	1.4	10.4	0	0	2.9	0	4.1	0	0	0	0	0
	2	0	0.6	6	4.8	8.3	14.6	6.3	21.5	1.9	2.6	8.4	0	7.7	0	3.5	11.3	2.6	0	0	0	0	0	0	0	0	0
	3	0	0.6	8	7	10.3	15.9	6.9	15.6	1.5	3.8	13.6	1.7	2.6	0	0	0	0	0	0	0	0	0	12.7	0	0	0
	4	0	0.5	9	9.3	13.5	15.6	5	7.6	1.3	0.9	6.7	0	1.2	0	0	0	0	0	0	0	4.6	0	24.6	0	0	0
	5	0	0.6	11.7	12.4	17.9	18.5	6.9	8	0	1.7	1.5	0	1.5	0	0	0	0	0	0	0	0	0	0	8.7	0	10.6
	6	0	1	13.2	15	24.6	21.3	9.5	10.6	0.8	1.7	2.3	0	0	0	0	0	0	0	0	0	0	0	0	0	0	0
	7	0	1.6	18.5	19.4	24	15.1	9	10.7	1.7	0	0	0	0	0	0	0	0	0	0	0	0	0	0	0	0	0
	8	0	0.9	10.4	10.6	14.2	15.9	8.4	13.7	2.1	7.3	1.3	0	1.3	0	0	0	0	0	0	0	0	0	0	14.2	0	0
	9	0	0.7	7.7	7.5	12.6	17.8	10.7	21.6	0.3	4.2	9.6	0	0	1.4	0	0	0	0	0	0	0	0	5.8	0	0	0
	10	0	0.3	4	3.8	8.2	13.6	6.7	16.7	1.7	3.6	7.6	0.5	10.2	0	2	10.5	0	0	1.9	0	8.6	0	0	0	0	0
	11	0	0.7	5.5	4.1	9.8	18.4	6.3	20	2.2	5.1	9.8	0	5.8	0	0	0	0	0	0	0	0	0	0	12.4	0	0
	12	0	0.5	5.1	3.3	7.5	13.8	4.2	18.5	0.4	1.8	14.4	1.7	7.4	0	0	6.4	0	0	0	0	0	0	6.1	0	0	9
PREVAILING DIRECTION BY HOUR                                                    																											
	Month	0	1	2	3	4	5	6	7	8	9	10	11	12	13	14	15	16	17	18	19	20	21	22	23		
	ALL	-1	210	-1	90	-1	270	240	90	260	90	240	90	210	90	230	90	240	90	240	90	240	240	230	230		
	1	-1	240	-1	-1	260	360	230	270	270	240	260	240	210	270	230	240	240	230	260	270	250	240	230	-1
	2	-1	210	-1	-1	30	50	280	240	230	240	220	240	240	240	240	240	240	60	230	240	230	240	230	-1
	3	-1	210	-1	-1	100	260	240	240	220	240	210	240	180	230	180	240	180	240	180	240	240	240	240	230
	4	-1	270	-1	60	-1	30	270	240	-1	230	-1	180	-1	180	-1	180	190	180	-1	180	50	50	270	60
	5	-1	50	-1	350	-1	50	-1	40	-1	180	-1	180	-1	180	-1	180	-1	180	-1	180	180	40	40	30
	6	-1	40	-1	60	-1	90	-1	90	-1	90	-1	60	-1	90	-1	180	-1	180	-1	180	180	90	40	40
	7	-1	50	-1	90	-1	90	-1	90	-1	90	-1	90	-1	90	-1	90	-1	90	-1	90	90	60	60	40
	8	-1	60	-1	90	-1	270	-1	90	-1	90	-1	90	-1	90	-1	90	-1	90	-1	90	90	40	20	70
	9	-1	70	-1	50	-1	270	-1	70	-1	90	-1	90	-1	90	-1	90	-1	90	-1	90	50	40	50	230
	10	-1	240	-1	350	-1	270	-1	240	-1	240	-1	240	-1	240	-1	240	-1	240	-1	250	250	240	240	210
	11	-1	240	-1	-1	230	240	250	240	270	240	250	210	210	230	240	240	230	270	230	270	230	250	270	200
	12	-1	220	-1	-1	210	240	240	270	240	270	230	240	240	270	230	230	230	270	240	250	240	240	230	230
SPEED FOR PREVAILING DIRECTION BY HOUR                                          																									
	Month	0	1	2	3	4	5	6	7	8	9	10	11	12	13	14	15	16	17	18	19	20	21	22	23
	ALL	-1	2.52	-1	2.43	-1	4.18	3.86	2.77	4.38	2.84	3.78	2.85	2.46	2.82	3.15	3.03	3.76	3.06	3.81	2.82	3.87	3.68	2.74	3.04
	1	-1	4.27	-1	-1	6.5	2.45	3.8	5.04	5.12	5.03	3.55	4.52	2.43	4.07	2.94	4.38	2.81	2.87	4.74	6.25	4.88	3.36	2.8	-1
	2	-1	2.51	-1	-1	2.3	2.6	5.33	2.68	2.97	2.16	2.54	3.56	3.35	3.12	3.05	4.43	3.71	2.34	2.88	3.07	2.82	3.27	2.83	-1
	3	-1	2.72	-1	-1	3.35	3.57	4.66	4	2.68	4.16	2.44	3.04	2.36	3.63	2.55	3.45	2.39	3.22	2.41	3.08	3.19	3.36	2.82	3.3
	4	-1	3.9	-1	2.68	-1	2.95	3.6	3.39	-1	3.33	-1	2.77	-1	3	-1	3.09	3.25	2.95	-1	2.63	2.95	4.15	4.9	2.5
	5	-1	2.33	-1	2.97	-1	2.37	-1	2.68	-1	2.59	-1	2.88	-1	3.34	-1	3.32	-1	3.36	-1	3.1	2.81	2.59	1.5	2.72
	6	-1	2.43	-1	1.9	-1	3.21	-1	2.6	-1	3.04	-1	2.69	-1	2.73	-1	3.7	-1	3.7	-1	3.29	2.81	2.83	1.8	2.1
	7	-1	2.59	-1	3.1	-1	2.5	-1	2.86	-1	2.62	-1	2.81	-1	2.71	-1	2.99	-1	3.17	-1	2.66	2.67	1.93	2.41	2.12
	8	-1	2.26	-1	2.13	-1	3.81	-1	2.79	-1	2.92	-1	2.76	-1	2.61	-1	3.05	-1	2.87	-1	2.81	2.77	2.39	2.22	2.62
	9	-1	2.78	-1	2.9	-1	3.34	-1	2.49	-1	2.7	-1	2.79	-1	2.88	-1	2.87	-1	3.07	-1	2.62	2.47	2.68	2.53	2.53
	10	-1	4.34	-1	2.5	-1	4.94	-1	4.14	-1	3.75	-1	4.73	-1	4.54	-1	4.31	-1	4.08	-1	3.92	4.48	4.34	3.9	1.9
	11	-1	3.26	-1	-1	2.9	3.1	4.4	4.45	5.08	3.43	3.97	2.37	2.08	3.48	3.7	3.71	2.56	4.48	2.33	3.81	2.97	3.45	5.23	2.38
	12	-1	3.55	-1	-1	2.6	3.35	3.92	4.05	3.79	3.6	2.59	4.87	2.68	4.12	3.73	2.94	2.72	4.56	3.83	4.73	3.43	3.57	2.68	3.14
