HEALY RIVER AIRPORT AK - 702647                                                 														
 63 deg    53' N  149 deg    01' W - Elev  396m   LST=GMT+99 hours   *NT=-10    														
 12/76-03/81 12/83-09/02                                                        								Adjusted to Alaska Timezone (GMT-9)						
SPEED BY YEAR                                                                   														
	Year	ALL	JAN	FEB	MAR	APR	MAY	JUN	JUL	AUG	SEP	OCT	NOV	DEC
	ALL	2.95	2.6	2.78	3.14	3.47	3.53	3.16	2.76	3.16	3.32	2.41	2.21	2.83
	1976	2.86	-1	-1	-1	-1	-1	-1	-1	-1	-1	-1	-1	2.86
	1977	3.11	3.01	2.83	2.65	4.16	2.78	3.71	2.99	3.34	2.52	3.17	1.91	-1
	1978	3.21	-1	4.32	1.86	3.56	3.61	-1	-1	-1	-1	-1	-1	-1
	1979	3.12	-1	-1	-1	5.17	3.7	2.59	0.5	2.47	4.43	3.64	3.19	1.68
	1980	1.49	1.03	1.71	1.83	-1	-1	5.1	0.83	5.1	1.83	1	-1	0
	1981	2.42	4.1	0.25	5.1	-1	-1	-1	-1	-1	-1	-1	-1	-1
	1983	2.49	-1	-1	-1	-1	-1	-1	-1	-1	-1	-1	-1	2.49
	1984	2.05	1.48	0.74	2.1	2.63	2.42	2.52	2.45	2.47	2.83	1.79	0.81	2.64
	1985	2.69	3.28	1.75	2.91	2.04	3.18	2.37	1.78	2.55	2.67	1.77	3.91	3.92
	1986	2.61	1.45	2.53	1.88	2.48	2.37	3.32	2.46	4.19	2.82	1.82	2.41	4.1
	1987	2.93	3.65	2.85	3.54	3.05	3.55	3.83	2.36	2.17	2.95	3.33	1.23	2.63
	1988	2.87	2.54	3.12	3.19	4.21	3.75	2.95	2.51	4.1	2.56	1.71	0.72	3.66
	1989	3.21	0.75	5.84	2.16	3.88	3.32	3.45	2.93	3.79	4.4	3.02	1.59	2.82
	1990	3.37	1.74	1.56	4.18	3.37	4.58	3.37	3.75	3.64	4.36	3.16	3.05	3.75
	1991	3.58	2.73	2.9	3.88	4.57	4.8	4.2	3.04	3.36	4.67	3.82	1.72	3.13
	1992	3.28	2.74	1.78	4.15	3.24	4.02	4.32	2.87	4.82	2.65	2.58	3.03	3.09
	1993	3.57	3.92	3.41	4.42	3.83	3.79	3.14	2.53	3.83	4.54	2.83	3.1	3.34
	1994	3.27	2.19	1.9	3.85	3.81	4.64	3.17	3.8	3.53	2.71	2.35	3.86	3.17
	1995	2.73	2.8	3.09	2.21	3.85	3.81	3.06	2.49	2.43	4.41	1.92	0.77	2.09
	1996	2.52	1.96	3.2	3.18	2.7	7.7	3.61	3.63	2.31	2.12	1.83	2.11	1.79
	1997	2.7	2.45	3.75	2.12	3.78	3.31	2.72	2.07	2.64	3.71	1.42	3.18	1.37
	1998	3.01	1.09	1.72	4.03	4.85	4.33	3.07	3.2	3.61	3.08	2.92	2.23	1.69
	1999	2.48	2.2	1.88	2.25	4.01	3.18	2.41	2.97	3.1	3.1	1.34	1.38	1.51
	2000	3.04	3.57	3.27	4.49	2.94	2.6	3.17	2.73	2.41	2.36	2.32	2.5	4.14
	2001	3.42	3.93	3.56	2.48	3.46	2.98	2.87	3.73	3.93	3.77	3.82	3.46	3.32
	2002	2.52	4.34	4	2.23	2.78	2.3	2.31	1.67	1.01	1.76	-1	-1	-1
POWER BY YEAR                                                                   														
	Year	ALL	JAN	FEB	MAR	APR	MAY	JUN	JUL	AUG	SEP	OCT	NOV	DEC
	ALL	76	84	96	85	86	79	54	47	72	81	57	73	96
	1976	27	-1	-1	-1	-1	-1	-1	-1	-1	-1	-1	-1	27
	1977	35	39	31	23	52	23	48	23	26	25	29	10	-1
	1978	34	-1	64	6	40	37	-1	-1	-1	-1	-1	-1	-1
	1979	108	-1	-1	-1	81	113	38	0	29	646	79	78	22
	1980	23	28	19	22	-1	-1	76	1	76	5	1	-1	0
	1981	29	40	0	76	-1	-1	-1	-1	-1	-1	-1	-1	-1
	1983	61	-1	-1	-1	-1	-1	-1	-1	-1	-1	-1	-1	61
	1984	31	24	3	25	45	24	30	33	42	40	20	13	79
	1985	69	66	28	54	28	69	24	21	41	50	30	251	166
	1986	58	23	61	26	32	35	51	31	119	60	27	102	153
	1987	67	164	88	91	53	77	78	25	21	53	66	20	70
	1988	70	76	111	112	152	84	32	25	93	45	22	1	123
	1989	81	5	279	18	95	73	54	39	110	126	73	34	85
	1990	95	55	55	137	76	128	57	66	92	133	95	74	160
	1991	104	114	119	152	118	148	91	50	62	135	106	34	116
	1992	84	68	23	153	55	92	102	45	134	43	88	98	100
	1993	117	154	135	148	87	90	84	58	113	163	95	140	126
	1994	92	63	30	155	81	116	57	90	114	46	61	183	115
	1995	58	87	95	33	86	79	49	41	27	92	59	6	48
	1996	60	46	168	71	43	269	57	102	36	30	29	42	33
	1997	55	65	136	32	82	58	32	16	44	72	12	94	31
	1998	84	35	33	93	198	133	66	56	86	85	78	79	55
	1999	62	94	63	37	120	82	33	56	64	85	30	33	43
	2000	98	192	134	150	76	34	59	67	64	79	51	83	202
	2001	78	120	116	52	104	31	29	66	80	64	94	67	65
	2002	65	148	148	55	91	42	30	22	6	17	-1	-1	-1
NUMBER OF SPEED OBSERVATIONS BY YEAR                                            														
	Year	ALL	JAN	FEB	MAR	APR	MAY	JUN	JUL	AUG	SEP	OCT	NOV	DEC
	ALL	56081	4777	4428	4985	4895	4807	4563	4748	4715	4491	4735	4393	4544
	1976	31	0	0	0	0	0	0	0	0	0	0	0	31
	1977	227	81	10	28	25	10	26	8	11	9	9	10	0
	1978	34	0	6	10	9	9	0	0	0	0	0	0	0
	1979	160	0	0	0	7	29	17	6	17	12	27	26	19
	1980	77	30	22	15	0	0	1	3	1	3	1	0	1
	1981	4	1	2	1	0	0	0	0	0	0	0	0	0
	1983	201	0	0	0	0	0	0	0	0	0	0	0	201
	1984	2745	221	198	228	229	192	225	222	230	278	251	296	175
	1985	2893	267	153	279	279	236	225	258	245	235	251	240	225
	1986	2709	244	246	235	264	278	185	226	205	200	217	198	211
	1987	2762	228	201	228	229	262	220	221	222	242	237	246	226
	1988	2940	237	199	229	272	287	272	255	211	260	265	279	174
	1989	2807	124	175	206	182	270	268	276	279	247	277	235	268
	1990	3057	281	254	262	246	271	195	224	269	267	283	245	260
	1991	3222	274	268	287	279	284	261	281	257	259	278	254	240
	1992	3334	284	265	277	278	284	275	274	284	267	290	272	284
	1993	3195	277	244	275	264	289	206	265	282	278	276	276	263
	1994	3083	274	235	283	277	281	269	279	275	237	260	207	206
	1995	2844	228	208	251	240	262	259	233	195	209	271	233	255
	1996	2546	269	258	269	206	1	168	166	180	204	279	265	281
	1997	3235	258	263	270	271	268	273	275	281	256	286	266	268
	1998	3189	255	250	265	272	272	275	270	275	261	279	263	252
	1999	3171	240	197	244	286	277	259	291	280	280	276	267	274
	2000	3230	222	257	272	250	292	288	290	291	294	260	229	285
	2001	2399	291	263	292	276	204	158	166	170	186	162	86	145
	2002	1986	191	254	279	254	249	238	259	255	7	0	0	0
NUMBER OF SPEED OBSERVATIONS BY HOUR                                            														
	Hour	ALL	JAN	FEB	MAR	APR	MAY	JUN	JUL	AUG	SEP	OCT	NOV	DEC
	0	146	22	22	25	12	3	2	3	3	9	10	20	15
	1	130	20	10	20	18	9	8	8	4	10	9	4	10
	2	168	10	17	14	12	10	16	12	17	19	18	10	13
	3	292	23	26	31	24	22	27	26	32	20	19	19	23
	4	431	49	31	36	25	47	50	48	32	23	35	27	28
	5	2515	105	104	109	292	321	275	301	267	268	272	97	104
	6	3914	269	263	309	322	397	347	385	383	346	348	265	280
	7	4583	305	297	349	429	444	423	420	429	421	399	351	316
	8	2321	295	299	363	151	113	108	88	92	93	134	305	280
	9	4282	237	219	239	467	465	426	475	465	443	430	197	219
	10	2193	371	322	382	153	51	52	30	50	58	88	301	335
	11	3773	172	165	186	357	419	413	442	429	414	412	174	190
	12	2186	349	318	360	148	59	73	62	54	46	101	303	313
	13	3698	160	168	172	351	440	422	431	423	403	394	171	163
	14	2006	340	290	327	124	47	61	45	48	50	90	293	291
	15	3867	184	151	190	373	452	413	462	474	409	423	163	173
	16	2046	329	323	342	132	39	58	37	40	43	74	307	322
	17	3731	176	156	171	340	441	400	435	435	426	425	158	168
	18	1963	321	290	317	143	58	54	41	34	34	74	293	304
	19	3764	159	156	165	370	441	404	450	462	433	414	155	155
	20	2056	352	309	362	135	41	55	38	35	29	66	311	323
	21	3390	144	152	162	354	388	352	389	408	381	358	138	164
	22	2074	330	276	285	107	81	95	85	68	72	104	272	299
	23	552	55	64	69	56	19	29	35	31	41	38	59	56

SPEED BY HOUR                                                                   														
	Hour	ALL	JAN	FEB	MAR	APR	MAY	JUN	JUL	AUG	SEP	OCT	NOV	DEC
	0	2.7	3.02	2.97	2.48	2.39	0.33	1.55	3.27	5.47	2.86	2.17	1.71	3.97
	1	2.69	3.64	2.06	2.29	2.62	1.7	1.81	2.62	3.62	2.78	2.68	2.6	3.59
	2	2.73	2.68	3.81	0.96	3.26	8.53	1.42	2.22	2.22	2.08	1.72	2.37	3.68
	3	2.41	3.78	3.6	2.75	2.35	1.41	1.99	2	1.91	1.46	2.35	2.48	2.64
	4	2.49	3.37	2.9	3.52	1.84	2.15	2.42	1.72	2.18	3.46	1.89	1.14	3.34
	5	2.53	2.4	2.63	2.47	2.88	2.67	2.6	1.91	2.64	3.26	2.2	2.23	1.77
	6	2.53	2.1	2.64	2.91	2.68	2.61	2.52	2.25	2.66	2.94	2.25	2.06	2.6
	7	2.6	2.37	2.38	2.84	2.77	2.87	2.75	2.28	2.7	2.84	2.26	2.11	2.91
	8	2.52	2.44	2.76	2.87	2.4	2.48	2.44	1.58	1.96	2.67	1.92	2.09	3.22
	9	2.87	2.64	2.57	2.38	3.34	3.42	3.08	2.7	3.01	3.22	2.19	2.32	2.51
	10	2.7	2.52	2.72	2.93	2.76	3.44	3.24	2.29	2.84	3.05	2.04	1.85	3.26
	11	3.36	3.17	3.07	3.2	4.21	4.05	3.46	3.17	3.59	3.62	2.53	2.69	2.33
	12	2.94	2.41	2.65	3.52	3.61	3.18	3.42	2.92	2.65	4.07	3.28	2.15	3.23
	13	3.61	2.69	3.6	3.57	4.28	4.29	3.76	3.52	4	4.01	2.69	2.88	2.11
	14	3.06	2.95	2.62	3.91	3.89	3.64	3.18	3.3	2.76	3.59	3.08	2.09	3.09
	15	3.62	2.77	3.24	3.63	4.52	4.38	3.81	3.37	3.89	3.98	2.92	2.36	2.42
	16	3.03	2.53	3.12	3.92	3.81	3.49	3.52	3.48	3.15	3.69	2.56	2.1	2.86
	17	3.53	2.7	3.09	3.57	4.61	4.44	3.78	3.36	3.69	3.65	2.6	2.62	2.45
	18	2.88	2.65	2.56	3.66	3.64	3.51	2.8	2.4	2.73	3.95	2.44	2.1	3
	19	3.04	2.45	2.92	2.58	3.82	3.92	3.41	2.85	3.19	3.06	2.32	2	2.01
	20	2.66	2.4	2.34	3.05	2.54	3.06	3.15	2.74	2.04	3.11	2.4	2.37	3.09
	21	2.72	2.82	3.11	2.25	3.22	3.18	2.69	2.36	2.81	2.9	2.16	2.47	2.3
	22	2.58	2.7	2.91	2.82	2.31	2.36	2.55	1.67	2.96	2.32	1.57	2.11	3.09
	23	2.54	3.21	2.5	2.8	1.66	1.84	1.64	2.11	1.43	2.58	2.88	2.63	3.72

POWER BY HOUR                                                                   														
	Hour	ALL	JAN	FEB	MAR	APR	MAY	JUN	JUL	AUG	SEP	OCT	NOV	DEC
	0	75	65	117	90	58	0	3	92	97	42	25	41	137
	1	71	119	78	60	62	19	20	54	48	71	55	39	148
	2	79	39	129	4	343	265	7	21	44	51	20	39	87
	3	69	154	166	56	87	13	34	21	31	14	92	79	98
	4	83	123	113	233	19	50	48	51	41	139	40	24	139
	5	62	90	94	90	67	58	48	29	57	89	60	80	49
	6	63	67	87	99	55	55	57	36	60	64	53	69	79
	7	65	78	74	79	66	62	43	33	67	65	55	68	105
	8	71	78	95	86	57	37	35	15	37	53	40	70	103
	9	71	96	64	57	90	82	51	45	72	95	50	77	77
	10	81	72	97	74	64	64	48	27	66	60	52	58	135
	11	87	96	113	84	125	119	62	52	100	87	64	93	74
	12	85	66	95	101	85	53	52	53	50	142	97	72	105
	13	86	87	112	89	102	98	66	78	88	110	60	87	66
	14	85	94	79	110	94	66	48	51	45	76	73	75	88																									
	15	86	99	89	76	131	103	67	59	88	101	64	64	89																									
	16	84	77	109	98	71	114	68	72	50	71	53	69	87																									
	17	84	93	102	79	136	98	64	67	81	74	52	97	108																									
	18	81	85	98	95	72	54	34	37	37	117	68	68	88																									
	19	67	99	110	52	84	83	54	39	63	63	69	48	62																									
	20	82	71	73	87	40	45	44	65	26	74	64	91	127																									
	21	61	88	131	46	74	62	46	36	58	69	45	76	68																									
	22	81	95	123	77	45	37	31	18	154	46	35	75	102																									
	23	75	105	74	88	27	40	14	29	24	71	75	103	149																									

SPEED BY DIRECTION                                                              																																							
	Month	calm	0	10	20	30	40	50	60	70	80	90	100	110	120	130	140	150	160	170	180	190	200	210	220	230	240	250	260	270	280	290	300	310	320	330	340	350	360
	ALL	0	1.99	2.43	3.15	3.22	2.5	2.9	3.74	2.98	2.81	3.16	3.85	3.87	4.35	5.98	5.07	5.45	4.27	3.49	2.3	2.33	2.12	2.14	2.31	2.25	2.21	2.07	2.01	2.2	2.78	2.37	2.39	2.27	2.52	2.27	2.42	2.52	1.99
	1	0	1.4	1.8	9.5	3.5	0.5	3	9.6	2.7	3.5	3.7	5.6	5.1	4.8	6.9	5.6	6	4.5	3.4	2.1	2.6	1.8	2.9	1.6	1.8	1.3	2	1.4	1.9	1.4	1.9	2	1.5	1.9	2.1	1.5	1.9	1.4
	2	0	1.5	1.4	23.1	3.4	1.5	3.1	7.7	2	4.4	3.9	4.3	7.2	5.1	6.8	4.5	6.5	4.6	3.2	2.1	3.1	2.4	2	1.5	2	1	1.8	0.5	1.7	2	2	2.3	-1	1	2.1	2.4	2	1.5
	3	0	2	3.3	4.1	3.1	1.2	2.7	1.5	1.5	3.1	3.1	3.9	3.6	5.1	6.6	5.7	5.9	4.4	3.3	2.6	2.3	2	2.3	2.2	2	2.4	1.9	2.9	2.1	1.5	2.2	2.3	2.9	2.8	2.3	3.1	2.6	2
	4	0	2.3	2.4	1.7	3.3	2.8	3.2	2.6	4.2	2	2.8	3.8	5.8	4.7	6.1	5.9	5.6	4.6	3.8	2.3	2.1	2.1	2.6	2.5	2.1	2	2.4	3.1	2.3	3.9	1.9	2.3	2	2.6	2.5	2.7	2.9	2.3
	5	0	2.5	2.8	2.8	3.7	3.1	3.6	4	3.8	3	2.9	2.6	5.6	3.6	5.6	4.8	5.3	4	3.8	3	2.2	2.3	2.2	2.6	2.6	3	2.1	1.9	2.5	2.2	2.6	2.7	2.5	2.3	2.5	3.2	3	2.5
	6	0	2.2	2.4	3.2	3	2.2	2.8	3.4	2.8	2.3	2.5	2.2	1.9	3.2	4.8	4.3	4.6	3.8	3.5	2.4	2.2	2.9	2.1	2.4	2.7	2.6	2.6	2.7	2.7	4.1	3.8	2.9	3.4	4.4	2.6	3.4	3	2.2
	7	0	2.2	3.3	2.6	2.8	2.4	2.4	2.6	2.6	1.7	2.1	2.9	2.7	3.1	4.6	3.6	4.3	4	3.5	2.1	2.1	2.1	2.8	2.7	2	2.3	2.3	3.1	2.5	2.6	2.6	2.5	2	3.6	2.4	2.9	2.4	2.2
	8	0	2.1	2.2	1.6	3.2	2	2.6	3	1.7	2	2.6	2.7	2.7	3.5	5.7	4.2	5.2	4.8	3.8	2.7	2.8	2.3	2	1.9	2.3	2.3	2.1	2.3	2.4	3.2	3.5	2.4	3.4	4.1	2.4	3	3.1	2.1
	9	0	2.2	2.1	2.6	2.6	2.2	2.5	2.8	2.4	3.2	3	3.4	3.3	4.4	5.8	5.1	5.4	4.2	4	2.4	2	2	1.7	3.2	4.1	1.4	2.1	1.7	2.2	1.3	1.6	2.5	1.7	3	2.3	2.5	2.3	2.2
	10	0	1.6	1.8	1.3	4.1	1.6	2.6	3.2	3.7	3.5	4.5	4.3	3.4	5	6.1	4.5	5.4	3.7	2.6	2.3	2	1.7	-1	2.2	1.1	1.7	1.7	1.2	1.8	1.9	2.6	2.2	1.8	2	2.1	1.8	2.1	1.6
	11	0	1.5	2	0.5	3.4	0.5	3.1	2	4.2	3.3	3.7	5.9	6.2	4.7	6.8	8.3	6	4.5	3.5	1.9	2.4	1.9	1.2	2.8	1.7	2.3	1.8	0.9	1.5	1.7	2	2.3	1.7	1.8	2	1.2	2	1.5
	12	0	2	2	-1	3.8	13.6	4	4.1	2.1	4.1	4.3	6.4	5.6	5	6.6	6.3	6.2	4.6	3.3	2	2.3	1.9	1.4	1.5	2.6	2.4	1.6	1.8	2.1	6.6	1.6	2.4	1.5	1.7	2.2	2.4	2.4	2
FREQUENCY BY DIRECTION                                                          																																							
	Month	calm	0	10	20	30	40	50	60	70	80	90	100	110	120	130	140	150	160	170	180	190	200	210	220	230	240	250	260	270	280	290	300	310	320	330	340	350	360
	ALL	26.63	4.33	0.32	0.09	0.63	0.3	1.3	0.11	0.14	0.46	1.45	1.03	0.13	0.83	6.82	0.95	38.96	1.48	3.21	5.12	1.19	1.42	0.1	0.64	0.39	0.21	1.91	0.14	3.89	0.18	0.31	2.67	0.11	0.15	15.38	0.29	3.37	4.33
	1	39.5	4.1	0.2	0.1	0.2	0.1	0.6	0.1	0.1	0.3	1.4	1.1	0	0.9	5.5	1.2	38.9	1.5	3.5	6.8	1.4	1.8	0.1	0.7	0.5	0.3	1.4	0.2	3.1	0.1	0.3	2.2	0.2	0.1	18.3	0.3	2.2	4.1
	2	36	5.2	0.2	0	0.3	0.2	1.1	0	0	0.3	1.2	1	0.2	0.7	6	0.6	36.4	1.5	2.9	6.8	1.2	1	0.1	0.5	0.2	0.1	1.6	0	3.4	0.1	0.2	2.6	0	0	20.8	0.2	3.4	5.2
	3	21.4	4.2	0.3	0	0.5	0.1	1.4	0	0.1	0.5	0.9	1.1	0.1	0.6	6.1	0.5	33.1	1	3.4	4.4	1.2	1.1	0.2	0.3	0.3	0.2	1.8	0.1	3.7	0.1	0.3	3.8	0.1	0.2	21.2	0.3	6.6	4.2
	4	15.9	5.3	0.2	0.1	0.8	0.3	1.3	0.1	0.1	0.3	1.2	1	0.1	0.9	9.4	0.9	35.6	1.1	1.9	4.2	0.8	0.9	0.1	0.4	0.3	0.1	1.5	0.1	3.9	0.2	0.4	3.6	0	0.1	17.3	0.3	5.3	5.3
	5	15.3	4.2	0.3	0.1	0.8	0.8	1.8	0.2	0.2	0.6	2	1	0	0.8	7.2	1.1	42.3	1.7	3.6	4.4	0.7	1.2	0.1	0.5	0.5	0.3	1.8	0.1	4.3	0.1	0.3	1.7	0	0.1	11.8	0.3	2.9	4.2
	6	15.4	3.1	0.5	0.2	1	0.2	2.2	0.2	0.3	0.8	2.3	0.9	0.4	1.1	4.8	1.4	45.3	1.9	3.1	4.9	0.9	1.7	0.2	0.9	0.7	0.4	2.1	0.3	4.1	0.2	0.2	2.3	0.1	0.1	8.9	0.2	2.2	3.1
	7	20.6	5.3	0.5	0.2	1.1	0.5	1.8	0.2	0.2	0.7	1.2	1.1	0.1	0.4	6.9	0.5	43.6	1.3	2.9	4.7	0.9	1.9	0.1	1	0.7	0.2	2.3	0.1	4.4	0.2	0.3	2.1	0	0.1	10	0.1	2.5	5.3
	8	22.5	4.6	0.3	0.1	0.7	0.4	1.2	0.1	0.1	0.3	1.2	0.9	0.1	0.5	7.1	1.3	45.3	1.7	3.2	4.3	1	1.1	0.1	0.8	0.2	0.1	2.4	0.2	4.3	0.3	0.3	2.1	0.2	0.1	10.7	0.4	2.4	4.6
	9	20.2	3.4	0.3	0.2	0.5	0.4	1.3	0.1	0.2	0.4	1.7	1.2	0.2	1.2	8.7	1.2	41.9	1.5	3.9	4.2	1.3	1.8	0.2	0.6	0.3	0.1	1.9	0.1	3.6	0.1	0.3	2.4	0.2	0.2	11.1	0.2	3.1	3.4
	10	33.5	4.4	0.3	0.2	0.5	0.4	0.8	0.1	0.2	0.4	1.4	1.2	0.1	1.1	5.6	0.9	31.3	1.3	3.2	5	1.6	1.7	0	0.7	0.4	0.4	2.7	0.2	4.8	0.4	0.4	3.8	0.2	0.3	19.2	0.6	4.3	4.4
	11	43.8	4.9	0.3	0.1	0.5	0	1.1	0.1	0.2	0.4	1.3	0.9	0.1	0.5	7	0.4	29.1	1.9	3.5	6.6	1.5	1.6	0.1	0.7	0.3	0.2	2.4	0.2	4	0.1	0.5	3.7	0.3	0.3	21.8	0.5	3	4.9
	12	37.6	3.2	0.4	0	0.2	0.1	0.5	0	0	0.4	1.7	0.9	0.2	1.1	6.9	1.3	41	1.5	3.7	6.8	2.2	1.3	0.1	0.5	0.1	0.1	1.1	0.1	2.8	0.2	0.1	1.6	0	0.1	18	0.1	1.5	3.2
FREQUENCY OF SPEED                                                              																																							
	Month	0	1	2	3	4	5	6	7	8	9	10	11	12	13	14	15	16	17	18	19	20	21	22	23	24	25												
	ALL	26.6	14	17.2	6	8.4	9.5	7.6	5.4	0.1	3.2	1	0.4	0.4	0	0.1	0.1	0	0	0	0	0	0	0	0	0	0												
	1	39.5	14.4	11.7	3.4	5.8	7.8	5.9	5	0.1	3.1	1.3	0.6	0.9	0	0.2	0.1	0	0	0.1	0	0	0	0	0	0	0												
	2	36	14.3	13.3	4.7	5.6	6.3	6.2	5.7	0	3.4	2.1	0.9	0.6	0	0.5	0.1	0	0	0	0	0	0	0	0	0	0												
	3	21.4	14.9	20.1	6.7	8.9	8.8	6.8	5.3	0.1	4.3	1.4	0.5	0.4	0	0.1	0	0	0	0	0	0	0	0	0	0	0												
	4	15.9	12.6	19.9	8.1	10.9	11.5	8.7	6.8	0	3.5	0.9	0.4	0.5	0	0.1	0	0	0	0	0	0	0	0	0	0	0												
	5	15.3	12.5	18.2	7.1	11.7	13.5	10.1	6.7	0.1	3.3	0.8	0.2	0.1	0	0	0.1	0	0	0	0	0	0	0	0	0	0
	6	15.4	13.3	20.9	9.1	12.9	13.2	8.6	4.7	0.1	1.8	0.1	0	0	0	0	0	0	0	0	0	0	0	0	0	0	0
	7	20.6	15.1	22.5	7.5	11.2	9.9	7.8	3.8	0	0.9	0.2	0.1	0.1	0	0	0	0	0	0	0	0	0	0	0	0	0
	8	22.5	12.9	18.1	6.6	8.4	11.3	9.6	6.1	0.2	3.3	0.6	0.2	0.2	0	0	0	0	0	0	0	0	0	0	0	0	0
	9	20.2	13.3	18.2	6	9.5	11.2	9.8	6.2	0	4.2	0.8	0.3	0.1	0	0.1	0.1	0	0	0	0	0	0	0	0	0	0
	10	33.5	17.1	17.4	5	5.7	7	5.7	4.3	0	3	0.7	0.4	0.2	0	0	0	0	0	0	0	0	0	0	0	0	0
	11	43.8	16	12.6	4	4.8	4.5	4.6	3.7	0.2	3	1.1	0.5	0.7	0	0.3	0.3	0	0	0	0	0	0	0	0	0	0
	12	37.6	11.8	13.1	3.5	5.5	8.3	6.8	5.8	0	3.9	1.7	0.8	0.7	0	0.2	0.2	0	0	0	0	0	0	0	0	0	0
PERCENT OF POWER BY SPEED                                                       																											
	Month	0	1	2	3	4	5	6	7	8	9	10	11	12	13	14	15	16	17	18	19	20	21	22	23	24	25
	ALL	0	0.1	1.4	1.4	4.6	9.9	14	19.3	0.3	19.9	8.4	4.6	6.4	0	3.6	2.4	0.3	0.1	0.6	0	0.2	0.1	0.6	1.3	0.2	0
	1	0	0.1	0.9	0.8	3	7.6	10.2	16.4	0.3	18.2	9.9	6.6	14.2	0	4.1	2.8	1.4	0	3.5	0	0	0	0	0	0	0
	2	0	0.1	0.9	0.9	2.6	5.4	9.4	16.8	0.2	17.2	15.1	7.9	7.8	0.3	10.4	2.6	0.6	0	0	0	0	0	0	1.7	0	0
	3	0	0.1	1.5	1.5	4.5	8.4	11.5	17.1	0.3	24.7	11.3	5.4	6.2	0	3	1	0	0	0.8	0	1.2	0	1.6	0	0	0
	4	0	0.1	1.4	1.7	5.3	10.6	14.3	21.8	0.1	19.7	6.5	3.7	8	0	2.5	1	0	0	0.8	0	1.2	1.3	0	0	0	0
	5	0	0.1	1.4	1.6	6	13.4	17.7	22.8	0.4	19.8	6.8	2.3	1.7	0	1	2.8	0	0	0	0	0	0	0	0	2.3	0
	6	0	0.2	2.3	2.9	9.6	18.9	21.9	23.3	0.4	15.1	0.8	0.7	0.5	0	0.7	0	0	0	0	0	0	0	2.7	0	0	0
	7	0	0.2	2.7	2.8	9.5	16.3	22.7	21.4	0.3	9.3	2.6	1.9	2.8	0	0	0	0	1.4	0	0	0	0	3	3.2	0	0
	8	0	0.1	1.4	1.6	4.7	12.1	18.2	22.5	0.8	21.2	5	2	3.2	0	1	0	0	0	2	0	0	0	2	2.1	0	0
	9	0	0.1	1.3	1.3	4.9	10.9	16.8	20.8	0.1	24.5	6.2	2.8	1.7	0	2.9	1.8	0	0	0	0	0	0	0	3.9	0	0
	10	0	0.2	1.8	1.6	4.3	9.8	14.1	20.5	0.2	24.9	7.7	5.4	4.7	0	0.7	1.5	0	0	0	0	0	0	0	2.6	0	0
	11	0	0.2	1.1	1	2.9	5.1	9.1	14	0.8	19.9	10.3	5.8	11.9	0	8.1	9.2	0.8	0	0	0	0	0	0	0	0	0
	12	0	0.1	0.9	0.7	2.5	7.1	10.3	16.9	0.2	20.1	11.9	7.7	9	0	4.6	4.7	0	0	0	0	0	0	0	3.3	0	0
PREVAILING DIRECTION BY HOUR                                                    																											
	Month	0	1	2	3	4	5	6	7	8	9	10	11	12	13	14	15	16	17	18	19	20	21	22	23		
	ALL	-1	-1	-1	-1	-1	150	150	150	150	150	150	150	150	150	150	150	150	150	150	150	150	150	150	150		
	1	-1	-1	-1	-1	150	150	150	150	150	150	150	150	150	150	150	150	150	150	150	150	150	150	150	150		
	2	-1	-1	-1	-1	-1	150	150	150	150	150	150	150	150	150	150	150	330	150	330	150	150	150	150	150		
	3	-1	-1	-1	-1	-1	150	150	150	150	150	150	150	150	330	150	330	330	330	150	150	150	150	150	150		
	4	-1	-1	-1	-1	-1	150	150	150	150	150	150	150	330	150	150	150	150	150	150	150	150	150	150	150		
	5	-1	-1	-1	-1	150	150	150	150	150	150	150	150	330	150	150	150	-1	150	150	150	-1	150	150	-1		
	6	-1	-1	-1	-1	150	150	150	150	150	150	150	150	150	150	150	150	150	150	150	150	150	150	150	-1		
	7	-1	-1	-1	-1	150	150	150	150	150	150	-1	150	150	150	-1	150	-1	150	-1	150	-1	150	150	-1
	8	-1	-1	-1	-1	-1	150	150	150	150	150	150	150	150	150	150	150	-1	150	-1	150	-1	150	150	-1
	9	-1	-1	-1	-1	-1	150	150	150	150	150	150	150	150	150	150	150	-1	150	-1	150	-1	150	150	-1
	10	-1	-1	-1	-1	-1	150	150	150	150	150	150	150	150	150	150	330	150	330	150	150	150	150	150	-1
	11	-1	-1	-1	-1	-1	150	150	150	150	150	150	150	150	150	330	330	330	150	330	150	150	150	150	150
	12	-1	-1	-1	-1	-1	150	150	150	150	150	150	150	150	150	150	150	150	150	150	150	150	150	150	150
SPEED FOR PREVAILING DIRECTION BY HOUR                                          																									
	Month	0	1	2	3	4	5	6	7	8	9	10	11	12	13	14	15	16	17	18	19	20	21	22	23
	ALL	-1	-1	-1	-1	-1	4.82	4.92	4.94	5.23	5.04	5.47	5.61	5.88	5.78	5.94	5.85	6.09	5.77	5.96	5.31	5.74	5.23	5.61	5.6
	1	-1	-1	-1	-1	6.01	5.68	5.77	6.06	5.96	6.33	5.73	7.36	5.53	6.26	6.1	6.13	5.48	6.26	5.51	6.17	5.69	5.65	6.2	5.47
	2	-1	-1	-1	-1	-1	6.65	6.56	6.06	6.3	6.07	6.08	6.58	5.98	6.88	6.08	6.61	2.24	7.08	2.09	7.17	5.96	7.31	6.95	6.06
	3	-1	-1	-1	-1	-1	5.95	5.71	5.65	5.39	4.61	5.24	6.14	6.28	2.63	6.67	2.52	2.69	2.41	6.33	5.6	6.06	5.44	5.69	6.71
	4	-1	-1	-1	-1	-1	4.82	4.62	5.08	4.4	5.44	5.24	6.12	2.26	6.05	5.34	6.46	5.63	6.16	6.15	5.65	4.88	5.27	5.43	4.18
	5	-1	-1	-1	-1	5.17	4.46	4.58	4.73	3.99	5.09	5.56	5.88	2.44	5.93	5.7	6.08	-1	6.01	5.23	5.46	-1	4.98	3.73	-1
	6	-1	-1	-1	-1	5.07	4.31	3.86	3.93	3.65	4.34	4.43	4.87	4.87	5.33	4.41	5.41	5.64	5.01	3.82	4.84	5.39	4.61	3.83	-1
	7	-1	-1	-1	-1	3.64	3.22	3.83	3.71	3.09	4.38	-1	4.63	4.5	4.98	-1	4.95	-1	4.81	-1	4.3	-1	4.39	3.51	-1
	8	-1	-1	-1	-1	-1	4.66	4.8	4.58	4.38	5.06	6.1	5.68	5.36	5.68	4.03	5.81	-1	5.68	-1	5.3	-1	5.11	4.63	-1
	9	-1	-1	-1	-1	-1	5.61	5.22	5.06	4.86	5.27	5.06	5.57	6.68	6.09	5.79	5.54	-1	5.5	-1	5.03	-1	5.33	4.8	-1
	10	-1	-1	-1	-1	-1	5.41	4.81	5.25	4.94	4.95	5.59	5.39	6.23	5.25	5.99	2.27	5.36	2.29	7.22	5.78	5.24	5.58	4.71	-1
	11	-1	-1	-1	-1	-1	7.21	6.27	5.94	5.8	5.54	4.91	5.58	5.8	6.72	2.1	1.89	1.84	6.9	2.12	5.65	5.67	6.54	5.56	6.09
	12	-1	-1	-1	-1	-1	5.37	6.2	6.75	6.29	5.76	5.9	6.54	6.21	5.89	6.01	6.41	5.85	6.95	5.78	6.21	6.33	6.15	6.32	7.64
