HOMER               AK - 703604                                                 														
 59 deg    39' N  151 deg    29' W - Elev   25m   LST=GMT+99 hours   *NT=-10    														
 03/79-05/80 11/96-09/02                                                        							Adjusted to Alaska Timezone (GMT-9)							
SPEED BY YEAR                                                                   														
	Year	ALL	JAN	FEB	MAR	APR	MAY	JUN	JUL	AUG	SEP	OCT	NOV	DEC
	ALL	3.18	3.28	2.88	3.29	3.45	3.53	3.37	3	2.77	3	3.01	2.94	3.54
	1979	12.84	-1	-1	12.47	10.14	8.82	11.24	10.53	11.97	12.91	19.79	21.09	15.26
	1980	19.3	20.77	20.38	22.17	16.11	7.5	-1	-1	-1	-1	-1	-1	-1
	1996	3.4	-1	-1	-1	-1	-1	-1	-1	-1	-1	-1	2.8	3.4
	1997	3.81	3.92	3.85	3.97	4.26	4.31	3.91	3.78	3.57	3.66	3.08	3.26	4.14
	1998	2.77	2.02	1.98	2.96	3.55	3.62	3.15	2.33	2.84	2.9	2.9	2.43	2.54
	1999	2.92	3.08	2.74	2.72	3.4	3.62	2.9	2.87	2.07	2.95	2.67	2.72	3.35
	2000	2.73	2.85	2.04	3.07	2.57	2.9	3.14	2.6	2.82	2.2	2.27	2.64	3.61
	2001	3.45	3.68	2.52	3.23	3.02	4	3.96	3.36	2.87	3.21	4.08	3.54	4.05
	2002	3.02	3.95	3.81	2.71	3.24	2.76	2.91	2.7	2.32	1.56	-1	-1	-1
POWER BY YEAR                                                                   														
	Year	ALL	JAN	FEB	MAR	APR	MAY	JUN	JUL	AUG	SEP	OCT	NOV	DEC
	ALL	69	75	71	87	92	70	66	52	44	56	65	54	91
	1979	1805	-1	-1	2512	752	1305	1342	1296	1888	1638	4222	3846	2698
	1980	3601	4115	3743	3925	3529	302	-1	-1	-1	-1	-1	-1	-1
	1996	46	-1	-1	-1	-1	-1	-1	-1	-1	-1	-1	16	46
	1997	76	85	89	72	84	95	74	67	58	55	37	45	149
	1998	47	29	23	55	69	77	51	25	47	49	52	41	45
	1999	55	64	56	43	80	72	45	45	19	62	56	46	80
	2000	50	74	35	79	34	41	47	31	44	28	37	43	96
	2001	67	83	53	66	71	74	64	40	24	52	100	52	102
	2002	58	84	109	45	66	57	52	35	24	17	-1	-1	-1
NUMBER OF SPEED OBSERVATIONS BY YEAR                                            														
	Year	ALL	JAN	FEB	MAR	APR	MAY	JUN	JUL	AUG	SEP	OCT	NOV	DEC
	ALL	46511	4056	4045	4295	4136	4066	3864	4063	4000	3216	3392	3257	4121
	1979	160	0	0	9	10	4	33	39	17	16	11	13	8
	1980	92	7	16	36	30	3	0	0	0	0	0	0	0
	1996	675	0	0	0	0	0	0	0	0	0	0	5	670
	1997	8230	683	641	694	696	714	681	699	696	677	685	684	680
	1998	7877	646	644	657	670	659	623	680	648	634	686	691	639
	1999	8398	596	663	742	693	712	679	723	730	675	706	720	759
	2000	8565	775	697	746	673	698	690	710	701	711	727	703	734
	2001	7054	764	702	708	682	563	512	513	480	481	577	441	631
	2002	5460	585	682	703	682	713	646	699	728	22	0	0	0
NUMBER OF SPEED OBSERVATIONS BY HOUR                                            														
	Hour	ALL	JAN	FEB	MAR	APR	MAY	JUN	JUL	AUG	SEP	OCT	NOV	DEC
	0	1938	166	177	182	170	167	156	166	171	128	149	137	169
	1	1946	177	174	180	172	161	159	164	165	141	143	138	172
	2	1920	164	168	185	175	170	157	161	167	127	138	141	167
	3	1916	171	167	185	165	165	155	165	157	135	148	130	173
	4	1995	153	169	170	189	190	171	181	183	147	136	140	166
	5	1986	176	186	204	181	165	151	156	169	139	139	129	191
	6	1944	178	164	170	176	164	159	165	166	136	150	143	173
	7	1952	178	172	195	189	169	151	164	153	129	140	133	179
	8	1894	163	168	176	159	162	156	163	171	128	137	135	176
	9	1889	162	173	178	161	160	166	162	153	139	131	136	168
	10	1926	167	165	177	168	168	161	173	164	137	145	126	175
	11	1911	171	167	174	167	169	156	168	164	128	137	136	174
	12	1953	167	166	174	171	169	173	181	180	130	144	131	167
	13	1989	165	172	166	179	182	164	184	175	138	149	140	175
	14	1983	177	174	187	175	171	167	183	167	130	143	141	168
	15	1955	171	171	179	164	167	163	182	173	142	137	140	166
	16	1958	171	163	181	172	174	166	175	166	140	153	132	165
	17	1947	175	162	178	165	177	162	170	171	139	148	130	170
	18	1987	170	157	176	176	181	179	190	176	133	145	135	169
	19	1986	166	172	194	188	174	171	163	169	139	136	147	167
	20	1821	165	170	179	155	162	146	153	146	114	121	137	173
	21	1858	163	153	152	170	172	160	169	164	133	149	115	158
	22	1961	177	171	183	172	162	157	166	170	133	138	150	182
	23	1896	163	164	170	177	165	158	159	160	131	136	135	178

SPEED BY HOUR                                                                   														
	Hour	ALL	JAN	FEB	MAR	APR	MAY	JUN	JUL	AUG	SEP	OCT	NOV	DEC
	0	2.46	2.96	2.89	2.93	2.43	2.16	1.73	1.78	1.8	2.19	2.38	2.75	3.43
	1	2.51	3.34	2.65	2.99	2.36	2.07	1.73	1.55	1.79	2.42	2.71	2.84	3.56
	2	2.46	3.21	2.83	2.9	2.44	2.13	1.51	1.44	1.72	2.36	2.67	2.89	3.33
	3	2.46	3.21	2.58	2.8	2.43	2.15	1.61	1.44	1.79	2.68	2.35	2.86	3.47
	4	2.42	3.04	2.91	2.57	2.45	2.22	1.31	1.49	1.83	2.62	2.64	2.79	3.54
	5	2.47	3.05	2.82	2.73	2.52	2.16	1.46	1.58	1.7	2.55	2.48	2.73	3.53
	6	2.64	3.05	2.71	2.44	2.61	2.36	2.56	2.37	1.9	2.66	2.8	2.67	3.56
	7	2.98	3.87	2.8	3.65	3.38	2.88	2.6	2.07	2.04	2.28	2.52	3.39	3.69
	8	2.92	3.22	2.72	2.9	3.43	3.52	2.88	2.44	2.27	2.78	2.5	2.97	3.32
	9	3.22	3.12	2.91	3.7	3.68	3.76	3.52	2.87	2.67	3.05	2.91	2.86	3.42
	10	3.44	3.17	2.82	3.08	3.84	4.35	4.1	3.47	3.09	3.28	3.44	3.11	3.38
	11	3.72	3.37	2.95	3.69	3.96	4.7	4.57	4.06	3.65	3.63	3.34	3.22	3.42
	12	4.04	3.29	3.03	3.53	4.37	4.91	5.38	4.55	4.32	4.07	4.2	3.03	3.49
	13	4.21	3.29	3.62	3.95	5.02	5.24	5.21	4.61	4.16	4.11	3.52	3.71	3.79
	14	4.14	3.32	2.97	4.14	4.7	5.25	5.51	4.78	4.34	3.99	3.44	3.04	3.87
	15	4.12	3.43	3.1	3.7	4.61	5.14	5.74	4.9	4.36	4.06	3.5	3.08	3.52
	16	3.94	3.39	2.85	3.71	4.35	4.99	5.16	4.62	4.13	3.8	3.41	2.73	3.77
	17	3.74	3.28	2.71	3.63	4.16	4.72	4.93	4.3	3.96	3.3	3.22	2.55	3.65
	18	3.82	3.55	2.9	3.37	3.94	4.54	4.93	4.34	3.83	3.8	3.58	2.8	3.8
	19	3.69	3.25	3.56	4.88	4.55	3.98	3.94	3.34	3.04	2.98	3.15	3.37	3.66
	20	2.95	3.42	2.8	2.86	3.44	3.33	3.22	2.64	2.25	2.03	2.82	2.84	3.38
	21	2.75	3.39	2.74	2.89	2.82	2.85	2.57	2.33	1.9	2.28	2.93	2.67	3.61
	22	2.62	3.23	2.63	2.89	2.77	2.55	2.03	2.04	1.8	2.35	2.88	2.72	3.43
	23	2.54	3.18	2.66	2.73	2.71	2.37	1.88	1.76	1.7	2.55	2.7	2.83	3.36

POWER BY HOUR                                                                   														
	Hour	ALL	JAN	FEB	MAR	APR	MAY	JUN	JUL	AUG	SEP	OCT	NOV	DEC
	0	43	52	68	67	54	40	12	10	13	32	35	42	78
	1	47	71	52	70	47	35	11	12	18	43	47	44	100
	2	44	70	103	56	47	38	10	10	15	30	41	42	63
	3	44	64	66	55	42	35	22	10	19	47	36	50	82
	4	42	58	75	44	47	37	9	12	17	41	39	43	92
	5	44	64	63	45	40	41	11	12	18	63	40	43	83
	6	68	57	59	48	60	40	98	145	31	83	53	34	101
	7	98	176	128	206	162	43	27	23	19	39	38	60	169
	8	51	66	53	50	61	72	31	20	27	51	36	75	76
	9	67	67	59	158	102	66	46	30	29	44	50	50	84
	10	62	67	60	57	69	89	70	44	36	51	68	52	76
	11	72	74	49	97	73	101	86	62	51	63	66	64	74
	12	100	69	56	64	90	106	190	110	149	78	146	47	83
	13	111	68	107	147	220	147	120	103	70	78	70	91	95
	14	90	71	60	87	122	122	138	103	80	65	63	46	112
	15	88	81	63	73	105	118	136	107	79	70	81	51	92
	16	81	87	55	73	93	115	113	92	66	62	71	37	94
	17	75	79	50	69	91	98	107	76	64	45	66	34	106																									
	18	112	87	50	121	84	84	163	134	99	173	213	35	108																									
	19	126	83	175	268	313	67	60	39	43	48	79	200	87																									
	20	52	78	65	52	90	46	35	21	24	20	60	37	78																									
	21	52	84	55	58	70	45	22	19	42	33	56	35	99																									
	22	44	64	54	56	54	47	17	14	15	32	49	36	78																									
	23	45	70	68	49	57	48	13	11	16	43	43	39	78																									

SPEED BY DIRECTION                                                              																																							
	Month	calm	0	10	20	30	40	50	60	70	80	90	100	110	120	130	140	150	160	170	180	190	200	210	220	230	240	250	260	270	280	290	300	310	320	330	340	350	360
	ALL	0	2.82	2.81	2.68	2.66	2.86	3.33	3.75	4.15	4.31	4.29	3.99	4.21	4.58	4.23	4.6	4.22	3.97	3.95	3.49	3.37	3.6	3.6	4.08	4.84	5.22	5.1	4.65	3.82	3.49	3.25	4.34	3.69	3.32	3.44	3.07	2.71	2.82
	1	0	2.7	2.5	2.7	2.5	3	3.7	4.2	4.8	5.5	5.6	4.3	4.9	5.4	4.9	5.6	4.3	4.2	3.9	4.5	4.1	4.3	4.7	6.6	6.9	5.8	5.3	4.4	3.3	2.4	2.5	2	3.2	2.1	3.4	2.8	2.7	2.7
	2	0	2.6	2.3	2.4	2.8	3.1	3.4	4	4.3	5	4.7	4.7	4.6	4.6	4.9	4.4	4.8	5.6	6.3	4.7	4.2	4.4	3.2	4	6.7	5.9	5.8	4	3.4	2.3	2.2	2.9	2.7	2.8	2.5	2.2	2.3	2.6
	3	0	3	2.8	3.1	3	3.4	3.9	4.2	4.6	4.2	4	3.6	4.5	4.4	3.7	5.4	4.8	2.7	3	3.4	2.8	3.1	4.2	4.1	6.1	5.3	5.1	4.9	4.1	3	4	9.5	3.8	2.7	3.7	3.1	2.9	3
	4	0	3.3	4.1	3.3	3	3	3.6	4	4.3	4	4.3	5	5.2	5	4.1	4.5	4.4	4.6	3.3	3.2	3	3.1	3.4	3.6	4.6	5	5.4	5.2	3.8	3.6	2.5	4.7	3.9	4	3.9	3.7	3.4	3.3
	5	0	2.7	2.3	2.3	2.3	2.4	2.9	3.4	4.5	3.8	3.9	3.7	4.3	4.4	3.7	4.5	4.1	4.5	4.2	3.9	3.4	3.6	3.6	4.1	5	5.1	5.2	4.9	3.7	3	3.1	3	3.8	3.8	4.3	4.5	3.2	2.7
	6	0	2	1.8	2	2.1	2.3	2.5	3	3.5	4.2	4.5	3.5	3	3.8	4.3	4.5	4.3	3.5	3.8	3	3	3.3	3.1	3.7	4.1	4.8	5.1	4.8	3.8	4.2	4.3	3.3	3	3.5	4.1	3.4	2.5	2
	7	0	2.3	2.3	2	2	2.3	2.5	2.7	2.8	2.8	2.6	3	2.8	4	3.6	3.6	4.8	3.6	3.2	2.8	2.9	3.1	2.9	3.4	3.9	4.5	4.7	4.5	4	3.7	3.4	3	3.1	2.6	1.9	2.8	3.1	2.3
	8	0	2.1	2.1	2.3	2.3	2.3	2.5	2.5	2.7	2.8	3.2	3	3	3.8	3.9	4.1	3.5	3.6	3.9	3.5	3.4	3.1	3.3	3.7	3.9	4.6	4.6	4.2	3.5	3.1	3.6	3.7	2.9	2.8	2.2	2.8	1.6	2.1
	9	0	3.6	3.3	3.3	2.8	2.9	3.3	3.3	3.5	3.7	3.4	3.3	3.6	4.4	4.3	3.9	3	3.2	3.9	2.8	3.2	3.4	3.1	4	4.4	5.1	5.1	4.4	3.6	4.3	2.5	3.7	3.7	3.8	3.2	3.6	3.3	3.6
	10	0	3.6	3.9	2.9	2.6	2.6	3	3.4	3.6	3.9	4.2	3.2	3.4	5.1	3	4.3	2.8	3.7	3.5	3.3	3.4	4.3	4.3	4.9	5.8	6.1	5.4	4.9	4	3.7	2.9	5.1	4.9	4.6	3.2	2.7	2.6	3.6
	11	0	2.2	2.4	2	2.7	2.6	3.4	3.9	4.1	3.8	4.3	4.4	4.5	4.6	4.8	5.5	6	3.1	5.3	4	4	3.3	4.4	5.6	5	5.6	4.7	5	3.8	3	3.9	4.6	7	1.9	4	3	2.1	2.2
	12	0	2.5	2.6	2.6	2.8	3.2	3.6	4	4.8	5.6	5.2	4.9	4.9	4.9	5.2	6	5	3.3	4.5	4.1	4.5	5.3	6	6.1	7.3	7.5	6.6	5	4.8	4.8	3.9	4	3.2	3.3	2.8	2.5	2.5	2.5
FREQUENCY BY DIRECTION                                                          																																							
	Month	calm	0	10	20	30	40	50	60	70	80	90	100	110	120	130	140	150	160	170	180	190	200	210	220	230	240	250	260	270	280	290	300	310	320	330	340	350	360
	ALL	18.02	1.36	2.17	3.61	5.56	7.46	9.28	8.04	5.3	3.72	2.49	1.88	1.85	1.74	1.19	1.51	1.1	0.85	0.79	0.71	0.82	1.22	1.8	3.17	4.12	5.74	7.34	5.89	2.51	1.32	0.93	0.8	0.7	0.61	0.77	0.78	0.86	1.36
	1	17.9	2.1	3.3	4.8	8.3	11.3	12.8	10.6	7.1	4.1	2.7	2	2.3	2.2	1.4	1.2	0.8	0.5	0.7	0.4	0.8	0.6	0.8	1.4	1.8	3.2	3.5	2	1.3	0.5	0.8	0.4	0.8	0.4	0.7	1.2	1.2	2.1
	2	25.2	1.7	2.2	4.5	6.3	9.6	12.9	11.9	9.4	6.5	4	2.7	2.2	2.3	1.4	1.8	1	1.2	0.5	0.3	0.4	0.9	0.6	1	1.1	2.4	2.2	1.3	1.3	1	1	0.6	0.5	0.9	0.7	0.9	1	1.7
	3	19.5	2	2.5	4.2	5.9	7.5	10.4	11.4	7.8	5.6	3.5	2.7	2.1	1.6	0.9	1.5	0.8	0.7	0.6	0.5	0.8	1	1.3	2.1	3.1	4.1	3.8	3.4	1.9	0.9	0.7	1	0.8	0.7	0.6	0.6	1.3	2
	4	17.3	1.6	1.9	3.3	4.3	4	5.3	5.3	5.8	4.5	3.4	2.7	2.5	2.8	1.7	2.7	2	1.4	0.9	0.8	0.8	1.5	2	4	4.9	5.8	7	6.7	2.2	1.3	0.7	1	0.8	0.7	1.1	1.2	1.2	1.6
	5	15	0.8	1.1	1.9	2.4	2.9	3.5	2.4	2.3	2.1	1.6	2.2	2.2	1.5	1.2	2.3	1.8	1.3	1.4	1.6	1.5	2.7	3.3	6.7	8.7	9.5	10.7	8.8	3.2	1.9	1.5	1	1.1	0.9	1.2	0.7	0.4	0.8
	6	16.1	0.4	0.9	1.2	2.7	3.4	3.2	2.9	2.2	2.4	2	1.3	1.2	1.7	1.2	1.5	1.3	1.3	1.2	0.9	1	1.2	3	6	6.8	9.1	17.5	11.6	4.3	2.3	1.5	1	0.5	0.4	0.4	0.2	0.2	0.4
	7	18.2	0.4	1	1.2	2.5	4	5.4	4.4	2.3	1.8	1.4	1.2	1.1	0.8	0.9	1.2	1	0.5	0.6	0.9	1	1.6	2.7	4.1	6.1	8.5	15.7	14.6	5.8	2.9	1.3	0.9	0.7	0.5	0.3	0.4	0.3	0.4
	8	19.5	0.5	1.2	2.3	3.4	5.7	7.7	5.2	3.2	2.9	1.9	1.8	1.7	1.7	1.4	1.6	0.9	1.3	1.6	1.1	1	1.1	2.9	4.8	5.9	8.1	10.3	10.3	3.4	1.8	1	0.7	0.3	0.2	0.3	0.4	0.4	0.5
	9	19.1	1	1.7	3.6	5.4	7.1	10.1	8.8	5.4	3.6	2.1	2.1	3.1	2	1.9	1.3	1.4	0.8	0.8	0.9	1	1.5	1.6	3.3	4.6	5.8	6.8	5	2.4	0.8	0.8	0.5	0.8	0.3	0.4	0.5	0.6	1
	10	17.7	1.9	3.4	6.6	8.7	9.7	11.4	9.9	5.6	3.5	2.3	1.2	1	1.2	0.8	1.1	1	0.4	0.3	0.5	0.6	1.1	1.2	1.7	2.6	4.7	4.2	2.5	1.4	1.2	1.1	1.2	0.9	1.4	1.6	1	1.3	1.9
	11	16.7	1.4	3.1	4.8	8.6	12.8	17.4	14.8	7.5	3.8	2.4	1.3	1.6	1.8	0.5	0.8	0.6	0.3	0.3	0.4	0.3	0.3	0.7	0.9	0.8	2.1	2.2	1.3	1.1	0.6	0.3	0.6	0.3	0.6	1.1	1.2	1.4	1.4
	12	14	2.5	3.9	5.6	9.1	12.7	13.3	10.8	5.7	4	2.5	1.4	1.2	1.4	1	0.8	0.3	0.5	0.5	0.3	0.6	0.9	1.1	1.3	2.2	4.4	3	1.7	1.5	0.6	0.5	0.6	0.8	0.4	1	1	1.1	2.5
FREQUENCY OF SPEED                                                              																																							
	Month	0	1	2	3	4	5	6	7	8	9	10	11	12	13	14	15	16	17	18	19	20	21	22	23	24	25												
	ALL	18	11.1	22.9	15.6	10.9	8	5.9	3.8	1.8	0.9	0.5	0.3	0.2	0.1	0	0	0	0	0	0	0	0	0	0	0	0												
	1	17.9	12.7	21	14.1	10.4	8.5	6.2	4	2.2	1.3	0.9	0.5	0.3	0	0	0	0	0	0	0	0	0	0	0	0	0												
	2	25.2	12.3	23	12.6	7.9	5.7	4.4	3.6	2.3	1.2	0.7	0.3	0.3	0	0	0	0	0	0	0	0	0	0	0	0	0												
	3	19.5	10.3	21.5	15.4	10.7	8.1	6.1	4	1.8	0.7	0.5	0.3	0.2	0.1	0	0	0	0	0.1	0.1	0	0.1	0	0	0	0												
	4	17.3	8.1	20.8	16.6	11.8	9.3	6.9	4.4	2.1	0.9	0.7	0.4	0.1	0.1	0	0.1	0	0	0	0	0	0	0	0.1	0	0												
	5	15	8.4	18.3	17.3	14.7	9.7	7.6	5	2	1.1	0.5	0.1	0.1	0	0	0	0	0	0	0	0	0	0	0	0	0												
	6	16.1	9	20.1	17	13.2	9.7	7.8	4.5	1.4	0.5	0.2	0.1	0.1	0.1	0.1	0.1	0.1	0	0.1	0	0	0	0	0	0	0												
	7	18.2	11.8	22.5	16.4	12.6	8.2	5.8	2.9	0.9	0.2	0.1	0.1	0	0.1	0.1	0	0	0	0	0	0	0	0	0	0	0												
	8	19.5	13.4	25.2	14.8	11.1	7.5	4.7	2.3	0.6	0.4	0.1	0.1	0	0	0.1	0	0	0	0	0	0	0	0	0	0	0
	9	19.1	11.5	22.8	17.4	10.6	7.2	5.3	2.7	1.6	0.8	0.5	0.1	0.1	0.1	0	0	0	0	0	0	0	0	0	0	0	0
	10	17.7	13	28.5	13.4	8.5	6.7	4.6	3.9	1.2	1	0.7	0.4	0.1	0.1	0.1	0	0	0	0	0	0	0	0	0	0	0
	11	16.7	13.3	29.2	15	8.1	6.8	4.9	3.3	1.4	0.4	0.2	0.1	0.1	0.1	0	0	0	0	0	0	0	0	0	0	0	0
	12	14	10.6	23.6	16.8	10.1	7.5	5.4	4.8	3.2	1.7	0.9	0.7	0.4	0.2	0.1	0	0	0	0	0	0	0	0	0	0	0
PERCENT OF POWER BY SPEED                                                       																											
	Month	0	1	2	3	4	5	6	7	8	9	10	11	12	13	14	15	16	17	18	19	20	21	22	23	24	25
	ALL	0	0.3	2.8	5.3	8	11	13.9	14.2	9.5	6.6	5.3	3.8	2.8	1.6	1.1	0.9	0.7	0.7	0.8	1.4	1.3	1.5	0.9	2.2	1.7	1.6
	1	0	0.4	2.4	4.6	7.2	10.9	13.8	14	10.9	9.4	8.4	6.4	5.4	0	0	0	1	0	0	0	0	2.2	0	0	3.2	0
	2	0	0.4	2.8	4.3	5.7	7.9	10.5	13.3	12.3	9.3	6.9	4.3	5.3	1.1	0.7	0.9	1	2.4	1.4	3.3	0	0	0	2.7	0	3.6
	3	0	0.3	2.1	4.3	6.4	9.1	11.9	12.3	8	4.5	4.4	3.1	2.8	1.3	0.5	0.6	0.8	0.9	3.2	3.7	2.9	5.1	2	4.3	2.4	2.9
	4	0	0.2	1.9	4.3	6.6	9.7	12.5	12.3	8.7	5.2	5.6	4.6	1.7	1.3	0.5	1.8	0.7	0.9	0	2.2	1.3	3.1	1.8	8.5	4.7	0
	5	0	0.3	2.2	5.9	10.6	13.5	17.9	18.6	10.9	8.2	5.7	1.4	2.1	1.1	0	0	0	0	0	1.6	0	0	0	0	0	0
	6	0	0.3	2.5	6.1	10	13.8	19.1	17.1	7.6	3.5	2.5	1.9	1.5	2.6	1.5	2.7	2.3	0	3	0	2.1	0	0	0	0	0
	7	0	0.5	3.5	7.4	12	14.6	17.8	13.9	6.2	1.6	1	2.3	0.6	2.8	2.8	1.1	1.4	1.6	0	2.1	2.5	0	0	0	4.3	0
	8	0	0.6	4.6	7.7	12.4	15.8	16.7	13.4	5.1	4.6	1.6	1.1	0.7	0.9	2.2	0	0	1.9	2	0	3	0	0	0	0	5.5
	9	0	0.4	3.4	7.3	9.4	12.1	15	12.4	10.3	7.2	6.2	2	1.3	1.8	1	1.4	0	0	0	2.6	2.7	3.4	0	0	0	0
	10	0	0.4	3.7	4.9	6.5	10	11.8	15.5	6.9	8.6	8.2	5.6	1.1	1.4	1.8	0	1.2	0	0	0	0	0	3.3	0	4.3	4.9
	11	0	0.5	4.6	6.5	7.5	12.4	15.2	15.8	9.8	4.2	2	1.2	2.3	1.7	0	0	0	0	0	0	3.1	3.4	0	4.4	0	5.5
	12	0	0.3	2.3	4.5	5.8	7.9	9.9	13.8	13.5	9.9	7	7.5	5.8	3	2.7	1.2	0	0.9	0	0	0	0	2.1	2.1	0	0
PREVAILING DIRECTION BY HOUR                                                    																											
	Month	0	1	2	3	4	5	6	7	8	9	10	11	12	13	14	15	16	17	18	19	20	21	22	23		
	ALL	50	50	50	50	50	40	50	50	50	50	60	250	250	250	250	250	250	250	250	250	50	50	50	50		
	1	30	40	40	50	50	30	50	30	60	50	40	70	60	50	60	40	60	50	50	50	50	50	50	50		
	2	50	50	40	50	50	40	50	50	40	50	60	60	60	60	60	60	60	50	60	50	50	40	50	50		
	3	50	50	50	50	40	60	50	50	50	60	60	60	60	70	70	60	70	60	50	70	40	50	50	40		
	4	50	20	30	50	50	30	30	60	70	70	70	230	220	250	250	260	260	250	240	250	250	40	40	50		
	5	20	30	50	40	40	40	60	100	140	220	230	230	250	250	260	250	240	250	250	250	250	240	240	50		
	6	40	50	40	40	30	40	60	80	220	220	250	250	250	250	250	250	250	250	250	250	250	260	250	280		
	7	60	50	50	40	50	40	60	60	260	240	260	250	250	250	250	250	250	260	250	250	250	260	50	40		
	8	50	50	50	40	50	40	50	60	60	70	230	250	250	250	250	250	250	250	260	260	240	260	40	50		
	9	30	50	50	40	60	50	50	50	50	60	70	60	220	220	250	250	230	250	260	50	60	40	50	50		
	10	20	40	40	40	20	40	50	50	50	50	60	60	60	60	60	250	60	40	50	30	30	40	30	40
	11	40	50	50	50	40	50	50	50	40	60	50	60	60	60	60	60	50	50	40	50	50	60	50	50
	12	40	50	40	40	30	50	50	40	40	50	50	60	60	50	50	40	40	40	30	50	50	40	50	60
SPEED FOR PREVAILING DIRECTION BY HOUR                                          																									
	Month	0	1	2	3	4	5	6	7	8	9	10	11	12	13	14	15	16	17	18	19	20	21	22	23
	ALL	3.2	3.09	2.97	3.12	3.05	2.52	3.22	3.25	3.23	3.38	3.6	5.34	5.38	5.67	5.48	5.5	5.51	5.05	4.81	4.35	3.51	3.15	3.2	3.18
	1	2.19	3.24	2.43	4.09	3.62	2.59	4.1	2.7	3.81	3.34	3.45	4.32	3.6	3.72	5.43	3.53	5.17	3.66	3.92	4.12	4.3	3.73	3.26	3.55
	2	3.71	3.3	2.81	2.98	3.33	2.53	3.78	3.13	2.88	2.96	3.9	3.9	3.68	4.4	4.02	3.57	4.21	3.34	4.16	3.54	2.8	3.33	3.52	3.2
	3	4.45	3.97	3.49	4.08	3.11	3.9	3.11	3.74	2.82	3.83	3.93	4.19	4.05	4.96	5.66	4.46	4.7	4.41	4.21	4.2	3.48	2.74	3.36	2.94
	4	2.74	2.37	2.93	2.82	3.42	2.96	2.97	3.84	4.13	3.51	4.52	5.15	3.71	5.75	5.79	5.99	5.17	5.28	4.48	3.61	4.68	2.51	2.91	3.67
	5	1.94	2.49	2.78	2.38	2.28	2.42	3.03	2.61	3.1	3.72	4.07	4.51	5.9	6.07	5.53	5.8	5.45	5.47	5.09	4.24	3.57	4.87	4.39	3.34
	6	1.98	2.69	2.38	2.1	2.22	2.5	2.78	2.97	2.75	3.5	4.81	5.41	5.86	6.06	5.93	6.12	6.17	5.58	4.98	4.65	3.36	2.74	2.82	2.14
	7	2.35	2.19	2.38	1.83	2.28	2.12	2.26	2.15	3.52	3.63	4.61	4.84	4.77	5.38	5.57	5.94	5.21	4.79	4.87	4.31	3.27	3.12	2.59	2.09
	8	2.43	2.37	2.31	2.12	2.57	2.12	2.43	2.77	2.52	2.85	3.43	4.57	4.48	5.29	5.26	5.1	4.72	4.96	4.22	3.21	3.53	3.04	2.25	2.35
	9	2.22	3.01	2.92	2.42	2.93	3.59	3.1	3.45	3.12	2.87	3.53	3.54	4.25	3.47	4.89	4.44	4.67	4.18	3.23	3.43	2.92	2.29	2.77	2.72
	10	1.8	2.24	2.62	2.3	2.41	2.24	2.65	2.56	2.88	2.74	3.05	3.04	3.97	3.9	3.65	4.8	3.57	2.58	3.08	2.68	2.24	2.44	2.87	2.19
	11	2.79	2.8	3.39	3.24	2.61	3.99	4.1	3.3	2.97	4.24	4.15	3.67	3.94	3.35	3.84	4.2	3.81	3.46	2.66	3.32	3.56	4.06	3.73	3.59
	12	3.34	3.88	2.95	2.97	3.03	3.83	3.43	3.24	3.14	3.55	3.26	3.55	3.6	3.12	3.33	3.07	3.13	2.82	2.74	3.88	3.36	3.07	3.73	4.02
