HOONAH SEAPLANE     AK - 702607                                                 														
 58 deg    07' N  135 deg    27' W - Elev    0m   LST=GMT+99 hours   *NT= -9    														
 11/78-08/83 10/87-08/02                                                        														
SPEED BY YEAR                                                                   														
	Year	ALL	JAN	FEB	MAR	APR	MAY	JUN	JUL	AUG	SEP	OCT	NOV	DEC
	ALL	2.5	2.93	2.76	2.73	2.52	2.52	2.24	1.97	2.04	2.22	2.53	2.88	2.83
	1978	1.15	-1	-1	-1	-1	-1	-1	-1	-1	-1	-1	0.55	1.22
	1979	1.81	1.15	2.1	1.29	2.23	2.15	2.06	1.9	2.01	1.2	1.73	1.84	2.04
	1980	2.24	2.63	2.07	2.69	2.48	2.5	2.16	2.01	2.02	1.94	1.57	2.04	2.45
	1981	2.11	1.75	1.8	2.16	3.2	2.25	2.23	1.93	2.25	1.96	2.28	1.71	2.02
	1982	1.95	1.83	2.34	2.73	2.95	2.06	2.38	1.12	1.65	1.2	-1	-1	2.5
	1983	2	-1	-1	-1	-1	-1	2	-1	2	-1	-1	-1	-1
	1987	2.74	-1	-1	-1	-1	-1	-1	-1	-1	-1	2.48	2.88	2.77
	1988	2.67	3.2	3.1	2.62	3.2	3.2	2.63	1.97	2.12	2.28	2.06	3.45	2.98
	1989	2.19	2.67	1.87	2.49	2.54	2.69	2.34	2.01	1.86	1.15	1.41	2.99	3.01
	1990	2.31	2.48	2.82	2.2	1.99	1.95	1.98	1.66	2.14	2.08	2.66	3.39	2.43
	1991	2.36	2.4	2.05	1.98	1.99	2.51	2.27	2.15	3.62	2.13	2.49	3.17	2.64
	1992	2.47	2.82	3.25	2.45	2.39	2.47	2.32	1.8	1.82	2.3	2.43	2.63	2.91
	1993	2.53	2.34	3.59	2.77	2.43	2.43	2.04	1.61	1.23	2.12	3.24	3.15	3.32
	1994	3	4.34	5.32	2.75	2.66	2.75	-1	2.79	2.15	2.55	2.89	2.71	3.03
	1995	2.67	2.61	2.7	2.96	3.38	2.25	2.28	2.3	2.33	2.11	2.61	3.22	3.34
	1996	2.88	3.27	2.46	2.65	3.1	2.25	2.45	2.3	2.17	2.86	2.74	3.36	3.65
	1997	2.7	3.65	2.9	3.68	2.77	2.71	2.17	2.14	2.34	2.38	2.53	2.85	2.69
	1998	2.85	3.84	3.62	2.76	2.83	2.58	2.6	2.43	2.46	2.37	3.02	2.62	3.01
	1999	2.82	3.19	3.42	3.15	2.92	3.06	2.38	2.44	2.32	2.58	2.94	2.95	2.51
	2000	2.62	2.98	2.04	3.6	3.04	2.55	2.32	2.19	2.27	2.25	2.8	2.66	2.84
	2001	2.92	3.07	2.65	3.35	2.8	3.31	2.54	2.72	2.5	3.06	2.51	2.98	3.46
	2002	2.05	3.2	2.72	2.86	1.87	2.3	1.91	1.33	1.54	-1	-1	-1	-1
POWER BY YEAR                                                                   														
	Year	ALL	JAN	FEB	MAR	APR	MAY	JUN	JUL	AUG	SEP	OCT	NOV	DEC
	ALL	29	44	35	37	28	28	19	15	20	21	28	37	39
	1978	10	-1	-1	-1	-1	-1	-1	-1	-1	-1	-1	1	11
	1979	18	6	13	46	20	14	11	12	50	5	8	15	15
	1980	14	23	15	23	14	16	10	8	8	9	6	19	16
	1981	28	12	7	11	35	12	38	6	122	9	109	4	6
	1982	9	4	12	17	19	9	13	4	4	3	-1	-1	9
	1983	5	-1	-1	-1	-1	-1	5	-1	5	-1	-1	-1	-1
	1987	32	-1	-1	-1	-1	-1	-1	-1	-1	-1	25	36	32
	1988	31	44	45	29	38	44	29	12	27	19	18	47	46
	1989	25	34	15	30	22	37	16	11	10	9	9	41	76
	1990	28	36	40	22	14	13	10	9	17	29	41	64	41
	1991	27	33	25	17	24	28	20	15	41	18	32	42	40
	1992	25	38	53	24	15	22	20	9	10	16	25	27	38
	1993	39	28	68	29	19	60	44	5	3	32	63	52	67
	1994	57	151	153	40	60	37	-1	126	13	29	31	36	41
	1995	29	31	29	40	47	16	19	16	20	15	26	41	50
	1996	35	54	26	28	40	7	23	14	17	28	27	50	51
	1997	27	69	31	49	29	22	12	16	15	19	18	28	27
	1998	31	55	48	31	30	22	22	21	22	17	30	27	42
	1999	32	49	44	36	36	38	17	19	20	33	34	36	24
	2000	26	41	14	55	32	21	16	14	15	16	30	32	32
	2001	32	36	25	45	28	41	18	26	20	36	22	34	44
	2002	24	38	31	56	21	29	15	8	14	-1	-1	-1	-1
NUMBER OF SPEED OBSERVATIONS BY YEAR                                            														
	Year	ALL	JAN	FEB	MAR	APR	MAY	JUN	JUL	AUG	SEP	OCT	NOV	DEC
	ALL	38963	3318	2747	3636	3072	3395	3477	3544	3431	3158	2937	3107	3141
	1978	177	0	0	0	0	0	0	0	0	0	0	19	158
	1979	1956	177	157	163	163	182	163	188	166	147	147	150	153
	1980	1353	156	140	109	94	125	124	119	131	116	43	127	69
	1981	931	111	84	92	60	84	127	116	78	69	37	49	24
	1982	172	3	8	15	25	23	21	9	13	54	0	0	1
	1983	2	0	0	0	0	0	1	0	1	0	0	0	0
	1987	511	0	0	0	0	0	0	0	0	0	135	202	174
	1988	1658	194	23	104	131	76	180	176	140	188	176	171	99
	1989	1743	121	99	107	56	128	168	185	181	178	191	185	144
	1990	2092	126	182	200	139	177	168	189	194	205	139	189	184
	1991	1982	183	188	213	110	185	178	152	4	197	197	188	187
	1992	2058	186	186	205	121	143	171	173	179	198	153	170	173
	1993	1839	157	19	198	193	198	173	139	60	190	166	174	172
	1994	1768	172	110	180	118	152	0	80	211	208	175	187	175
	1995	2293	212	187	214	142	172	185	221	154	194	204	197	211
	1996	2009	226	172	225	173	2	179	58	210	154	166	222	222
	1997	2270	215	193	118	175	218	223	216	221	176	168	148	199
	1998	2293	209	201	219	148	205	207	217	119	219	228	176	145
	1999	2363	205	200	225	177	149	190	178	192	216	205	204	222
	2000	2375	221	188	225	131	207	212	222	218	213	208	128	202
	2001	2581	212	204	218	211	229	198	193	233	236	199	221	227
	2002	4537	232	206	606	705	740	609	713	726	0	0	0	0
NUMBER OF SPEED OBSERVATIONS BY HOUR                                            														
	Hour	ALL	JAN	FEB	MAR	APR	MAY	JUN	JUL	AUG	SEP	OCT	NOV	DEC
	0	171	3	0	23	28	30	25	31	31	0	0	0	0
	1	171	1	0	23	30	31	28	28	30	0	0	0	0
	2	174	4	0	24	30	32	24	29	31	0	0	0	0
	3	173	3	1	24	29	31	25	31	29	0	0	0	0
	4	1030	1	0	19	111	167	146	172	154	160	100	0	0
	5	2801	129	113	157	282	298	306	311	334	327	303	126	115
	6	3811	355	297	370	253	301	295	317	301	339	322	338	323
	7	3403	305	295	340	231	250	276	271	265	269	271	311	319
	8	2475	302	236	310	140	175	173	174	134	126	142	292	271
	9	1386	161	141	167	89	86	111	106	94	74	67	141	149
	10	1555	90	69	98	148	168	167	166	182	160	135	72	100
	11	2757	168	152	159	248	276	288	295	274	296	282	151	168
	12	3862	332	257	310	291	320	330	347	352	368	327	311	317
	13	4120	389	311	386	284	328	345	352	329	341	329	354	372
	14	4138	404	306	367	307	322	340	346	338	346	325	351	386
	15	3475	359	316	354	230	253	280	254	218	258	251	364	338
	16	1835	252	192	269	115	97	101	85	96	78	70	251	229
	17	519	37	55	78	51	41	51	46	49	15	10	41	45
	18	236	6	6	36	28	34	37	37	36	1	3	4	8
	19	172	4	0	25	29	28	26	28	31	0	0	0	1
	20	182	3	0	24	31	35	27	31	31	0	0	0	0
	21	172	4	0	24	29	29	25	29	32	0	0	0	0
	22	172	2	0	25	28	31	26	31	29	0	0	0	0
	23	173	4	0	24	30	32	25	27	31	0	0	0	0
	24	171	3	0	23	28	30	25	31	31	0	0	0	0
SPEED BY HOUR                                                                   														
	Hour	ALL	JAN	FEB	MAR	APR	MAY	JUN	JUL	AUG	SEP	OCT	NOV	DEC
	0	1.03	3.9	-1	2.13	0.74	0.82	0.88	0.73	0.85	-1	-1	-1	-1
	1	0.94	8.2	-1	1.9	0.65	1.13	0.71	0.64	0.54	-1	-1	-1	-1
	2	0.99	3.7	-1	1.94	0.65	1.15	0.69	0.41	0.85	-1	-1	-1	-1
	3	1.19	2.9	7.2	2.22	0.76	1.21	1.11	0.81	0.81	-1	-1	-1	-1
	4	1.56	3.6	-1	2.05	1.58	1.61	1.23	1.24	1.4	1.91	2.04	-1	-1
	5	1.88	3.32	2.83	2.25	1.67	1.54	1.26	1.29	1.44	1.82	2.28	2.95	2.74
	6	2.08	2.8	2.53	2.25	1.85	1.6	1.41	1.21	1.38	1.83	2.24	2.79	2.82
	7	2.16	2.92	2.54	2.26	1.71	1.94	1.65	1.37	1.36	1.86	2.18	2.9	2.79
	8	2.31	2.8	2.55	2.19	2.03	2.22	1.97	1.43	1.55	1.65	2.44	2.84	2.73
	9	2.3	2.62	2.48	2.47	2.4	2.52	2.29	1.7	1.81	1.34	2.22	2.4	2.56
	10	2.54	2.27	1.9	2.61	2.95	3.31	2.55	2.28	2.4	2.5	2.65	2.08	2.12
	11	2.78	3.02	2.59	3.43	3.13	3.12	2.79	2.6	2.53	2.42	2.68	2.8	2.56
	12	2.98	3	3.14	3.34	3.41	3.18	2.95	2.63	2.72	2.74	2.86	3.11	2.87
	13	2.98	3.19	3.05	3.22	3.51	3.27	2.88	2.71	2.7	2.54	2.71	3.07	2.97
	14	2.94	3.09	2.85	3.14	3.37	3.3	2.9	2.69	2.64	2.64	2.74	3.01	2.96
	15	2.9	2.95	2.92	3.15	3.24	3.16	2.91	2.59	2.82	2.31	2.79	2.93	2.88
	16	2.78	2.78	2.84	2.83	2.96	3.13	2.95	2.29	2.27	2	2.41	2.86	3.07
	17	2.63	2.44	3.15	2.9	2.57	3.13	2.44	2.3	1.97	2.04	2.41	2.36	3.1
	18	2.15	2.3	2.28	2.19	1.58	2.77	2.27	1.96	1.74	2.5	2.03	2.92	3.01
	19	1.64	2.07	-1	2.16	1.07	1.81	2.23	1.35	1.26	-1	-1	-1	2.5
	20	1.25	3.07	-1	2.05	0.85	1.25	1.33	0.7	1.31	-1	-1	-1	-1
	21	1.28	2.82	-1	1.97	1.11	1.43	0.98	0.77	1.27	-1	-1	-1	-1
	22	1.22	4.65	-1	2.28	0.98	1.28	0.77	0.69	1.2	-1	-1	-1	-1
	23	1.17	4.22	-1	1.87	0.91	1.27	1.12	0.63	0.87	-1	-1	-1	-1
	24	1.03	3.9	-1	2.13	0.74	0.82	0.88	0.73	0.85	-1	-1	-1	-1
POWER BY HOUR                                                                   														
	Hour	ALL	JAN	FEB	MAR	APR	MAY	JUN	JUL	AUG	SEP	OCT	NOV	DEC
	0	7	56	-1	20	4	6	3	2	6	-1	-1	-1	-1
	1	9	338	-1	26	5	9	3	1	2	-1	-1	-1	-1
	2	11	44	-1	37	4	7	7	2	8	-1	-1	-1	-1
	3	13	20	242	50	4	7	7	5	6	-1	-1	-1	-1
	4	10	30	-1	49	10	8	4	6	7	17	18	-1	-1
	5	18	66	39	27	10	8	5	5	8	14	25	48	33
	6	22	36	28	27	17	10	6	5	8	17	26	35	41
	7	22	39	29	27	15	15	8	5	9	17	22	37	35
	8	33	61	29	26	22	61	10	4	9	16	51	37	36
	9	24	40	32	34	24	27	15	6	10	6	18	23	29
	10	25	24	15	37	32	47	17	13	16	24	26	17	30
	11	31	46	26	54	33	30	21	47	19	20	32	37	24
	12	40	45	45	66	49	36	43	20	41	31	32	41	37
	13	36	50	38	44	47	42	34	22	23	22	31	40	39
	14	34	46	38	39	42	38	25	22	22	30	27	39	40
	15	36	44	37	37	38	40	28	21	64	18	31	38	35
	16	34	35	39	32	25	35	28	14	16	13	16	35	65
	17	30	24	61	37	16	31	16	16	11	8	17	28	67
	18	21	11	27	28	9	23	20	8	11	9	8	33	127
	19	13	11	-1	41	4	9	12	7	9	-1	-1	-1	10
	20	11	24	-1	38	3	9	6	3	13	-1	-1	-1	-1
	21	10	17	-1	24	7	11	4	2	12	-1	-1	-1	-1
	22	11	118	-1	29	7	7	3	3	14	-1	-1	-1	-1
	23	10	70	-1	26	7	6	5	2	6	-1	-1	-1	-1
	24	7	56	-1	20	4	6	3	2	6	-1	-1	-1	-1
SPEED BY DIRECTION                                                              														
	Month	calm	0	10	20	30	40	50	60	70	80	90	100	110	120	130	140	150	160	170	180	190	200	210	220	230	240	250	260	270	280	290	300	310	320	330	340	350	360
	ALL	0	1.36	1.39	1.63	1.94	2.5	3.11	3.74	4.06	4.2	3.95	4.04	3.89	2.99	2.83	2.65	2.77	2.87	2.77	3.23	3.51	3.12	3.61	2.57	2.79	2.59	3.08	2.87	2.86	2.61	2.69	2.7	2.85	2.8	2.01	1.7	1.47	1.36
	1	0	1.3	1.4	1.7	2.1	2.2	2.8	3.3	4.2	4.6	4.5	4.5	4.5	2.9	3.2	2.6	2.9	3.4	2.6	2.8	4.1	3	2.9	2.4	2.3	3	3.6	3.2	3.5	2.3	2.3	3	4.1	3.5	2.1	1.7	1.3	1.3
	2	0	1.3	1.3	1.6	2	2	3.1	3.6	4	4.4	3.9	4.1	3.8	2.6	2.9	2.3	2.7	2.3	3.3	3.5	1.5	3	3	2.1	3	2.4	3.5	2.2	2.6	2.1	2.7	3.6	3.8	3.5	2	1.8	1.5	1.3
	3	0	1.4	1.4	1.8	2	2.7	3.5	4.3	4.6	4.4	3.8	4.8	4.7	3.5	2.5	2.3	3.1	2.5	2.8	3	3.7	2.2	3.5	2.5	2.7	3	3.1	3.3	3	2.5	2.5	2.9	2.9	2.8	2.1	1.7	1.5	1.4
	4	0	1.1	1.4	1.5	2	2.8	3.7	4	4.1	4.1	3.3	3.8	3.9	3.3	3.2	3.4	2.9	2.2	2.8	2.6	3.1	5.6	3.3	2.7	3.1	3.4	3.5	3.2	2.9	2.9	2.6	2.8	2.9	2.8	1.9	1.8	1.5	1.1
	5	0	1.4	1.4	1.5	2.3	3.1	3	3.7	3.9	3.8	3.6	3.7	3.7	3.3	2.7	2.7	3.1	6	3.3	3.4	4.7	2.6	2.9	3.1	3	3.3	3.8	3.2	2.8	2.8	2.8	2.8	2.8	2.5	1.8	1.6	1.5	1.4
	6	0	1.3	1.2	1.5	1.6	2.4	3.3	3.6	3.7	3.5	3.2	3.5	3.6	2.9	2.8	3.1	2.3	2.3	3.6	2.4	3.2	3.2	4.5	2.4	2.6	2.6	2.8	2.9	2.9	2.7	2.8	2.6	2.5	2.5	2.1	1.6	1.3	1.3
	7	0	1.4	1.3	1.4	1.8	2.2	3	3.4	3.8	3.4	3	2.6	2.7	2.7	2.2	3.1	2.2	2.5	2.4	2.2	7.7	2.2	2.2	2.5	2.7	2.4	2.7	2.6	2.5	2.6	2.7	2.3	2.4	2.3	1.9	1.7	1.5	1.4
	8	0	1.3	1.3	1.3	1.7	2.3	2.9	3.7	4	3.9	3.3	3.4	3.4	2.4	2.4	1.7	2.2	1.9	1.8	2.1	3.1	2.5	2.4	2.5	3.3	2.2	3	2.4	2.4	2.8	2.6	2.3	2.4	2.2	1.9	1.6	1.4	1.3
	9	0	1.3	1.3	1.6	1.8	2.9	2.9	3.4	3.8	4.3	4.5	4.4	3.6	3.2	2.8	2.7	2.5	2.5	2.2	3.4	2.1	4	2.9	2.9	2	2.2	2.4	2.5	2.6	2.3	2.8	2.3	2.4	2.2	1.8	1.7	1.4	1.3
	10	0	1.4	1.6	2.2	2	2.5	3.3	3.5	3.8	4.3	4.3	3.6	3.5	2.5	2.7	2.2	2.6	4.5	2.6	3.3	2.6	3.1	9.6	2.4	2.7	1.9	2.5	2.1	2.9	2.2	2.6	2.6	2.4	2.9	2.2	1.7	1.4	1.4
	11	0	1.4	1.5	1.5	1.9	2.6	2.8	4	4.2	4.3	4.7	4	3.9	3.5	2.8	3.2	2.9	2.3	2	3.4	2.3	3.2	3.2	2.2	2.7	2.4	2.8	2.5	3.6	2.4	2.2	2.8	3.1	3.2	2.2	1.7	1.7	1.4
	12	0	1.6	1.5	1.7	2	2.6	3	3.8	4.2	4.6	4.2	4.5	3.9	3	3.4	2.5	2.8	3.3	3.3	3.6	3.1	2.5	3	2.3	2	3.8	4	3.6	2.5	2	2.9	3.2	3.9	3.1	2.8	1.8	1.9	1.6
FREQUENCY BY DIRECTION                                                          																																							
	Month	calm	0	10	20	30	40	50	60	70	80	90	100	110	120	130	140	150	160	170	180	190	200	210	220	230	240	250	260	270	280	290	300	310	320	330	340	350	360
	ALL	12.16	2.87	3.99	2.76	2.48	2.34	2.85	3.56	5.36	5.45	6.06	2.1	1.26	1.29	0.77	0.57	2.3	0.47	0.31	1.41	0.21	0.29	0.31	0.6	0.67	1.05	0.95	1.28	1.94	1.81	2.41	15.56	8.91	7.93	2.72	2.65	2.51	2.87
	1	9.6	3	5.9	3.1	3.1	3.4	3.6	4.6	6.8	7.6	10	3.6	1.8	2.3	1.5	1	2.8	0.9	0.3	1.4	0.1	0.2	0.2	0.2	0.3	0.4	0.2	0.3	0.4	0.3	0.5	11.1	6.9	7.5	1	1.5	2.2	3
	2	8.5	4.2	5.8	3	3.3	4	4.1	4.8	5.8	5.7	9	1.9	2	1.4	0.9	1.1	5	0.9	0.6	0.9	0.1	0.3	0.2	0.3	0.3	0.3	0.3	0.4	0.4	0.6	0.7	9.7	7.4	6.6	2.4	2.7	3.1	4.2
	3	13.3	2.6	3.1	2.7	3	2.6	2.7	4.3	6.5	7.3	12.1	2.2	1.6	1.2	0.6	0.3	2.8	0.5	0.4	0.3	0.2	0.3	0.4	0.5	0.3	0.8	0.5	1	1.5	1.2	1.2	15.7	5.7	7.4	2.8	2.5	1.6	2.6
	4	15.3	1.8	4.2	1.9	1.8	2.2	3.2	3.6	6.2	6.5	8.8	1.9	1.1	0.8	0.6	0.4	3.3	0.3	0.2	0.3	0.1	0.3	0.4	0.8	1	1	1.4	2.4	3.3	2	2.5	17.7	7.1	5.2	2.5	1.9	1.3	1.8
	5	12.3	1.6	2.8	2.1	1.9	1.4	1.8	2.5	4.5	5.5	3.9	2.2	0.9	1.1	0.6	0.2	1.5	0.3	0.3	0.4	0.3	0.5	0.4	1.1	0.9	1.5	1.8	2.5	3	3	3.5	21.5	10.2	6.4	3.2	2.8	1.9	1.6
	6	12.6	3	2.2	2	1.5	1	1.3	2.1	3.3	2.9	2.6	1.5	1.2	0.8	0.4	0.5	0.8	0.5	0.2	0.3	0.3	0.2	0.4	1	1.3	1.8	1.9	2.2	3.5	3.7	5.1	22.8	9.4	7.3	4.6	3.3	3.3	3
	7	17.6	2.3	2.6	2.1	1.8	1.3	1.7	1.8	3.5	3	2.7	1.4	0.8	1.1	0.9	0.5	1	0.4	0.3	0.4	0.1	0.2	0.4	0.9	1	0.9	1.6	2	3	3.6	5.3	21.3	11.4	7.2	5	3.7	2.9	2.3
	8	17.4	2.2	2.8	2.7	2	1.3	1.9	2.9	4.5	5.2	2.6	1.2	0.8	0.9	0.7	0.2	1	0.5	0.2	0.2	0.7	0.2	0.3	0.7	1.3	2.2	1.2	1.2	2	3.1	4.7	16.3	13.6	8.1	3.5	3.7	3.5	2.2
	9	11.9	3.8	3.3	3	2.8	2	2.2	2.2	4.1	3.8	3.1	1.7	1	1.1	0.8	0.5	1.7	0.6	0.4	2.3	0.2	0.3	0.3	0.6	0.5	1.3	1	1.6	1.9	1.4	1.9	19.6	12.6	7.1	2.7	3.3	3.3	3.8
	10	9	3.5	3.7	3.6	2.7	3.2	4	4.9	6.1	5.5	4	1.8	0.9	1.2	0.4	0.6	1.9	0.3	0.2	4.9	0.1	0.5	0.3	0.4	0.4	1.6	0.9	1.2	1.2	1.4	1.8	9.7	8.7	9.4	2.3	3.5	3.3	3.5
	11	6.7	2.9	5.1	3.3	2.4	2.9	3.6	4.6	6.2	6.5	6.1	2.5	1.4	1.1	1.1	0.6	3.3	0.3	0.2	4.4	0.1	0.3	0.2	0.4	0.3	0.4	0.4	0.2	2.5	0.6	0.7	9.6	8.1	12.7	1.5	1.5	1.8	2.9
	12	9.8	3.7	6.8	3.8	3.6	3.1	4.7	4.7	7	6	7.8	2.9	1.6	2.5	0.7	1	3	0.1	0.3	1.5	0.1	0.2	0.2	0.2	0.2	0.3	0.2	0.5	0.5	0.6	0.8	10.3	5.8	10.1	1.2	1.3	2.4	3.7
FREQUENCY OF SPEED                                                              																																							
	Month	0	1	2	3	4	5	6	7	8	9	10	11	12	13	14	15	16	17	18	19	20	21	22	23	24	25												
	ALL	12.2	27.9	25.2	12.9	9.7	8.1	2.5	1.1	0.3	0.1	0.1	0	0	0	0	0	0	0	0	0	0	0	0	0	0	0												
	1	9.6	25.9	20.9	11.5	10.8	13.2	4.5	2.6	0.5	0.3	0.2	0	0	0	0	0	0	0	0	0	0	0	0	0	0	0
	2	8.5	28.2	22.3	13.8	11.1	9.8	3.9	1.7	0.4	0.2	0.1	0	0	0	0	0	0	0	0	0	0	0	0	0	0	0
	3	13.3	24.3	21.3	12.9	10.6	11.3	3.5	1.8	0.8	0	0.1	0	0	0	0	0	0	0	0	0	0	0	0	0	0	0
	4	15.3	23.2	23.7	14.8	10.9	8.7	2.2	0.8	0.2	0	0	0	0	0	0	0	0	0	0	0	0	0	0	0	0	0
	5	12.3	24.1	27.5	15.2	11.5	6.2	2	0.9	0.1	0.1	0.1	0.1	0.1	0	0	0	0	0	0	0	0	0	0	0	0	0
	6	12.6	28.2	29.9	15.3	8.3	4.7	0.6	0.3	0.1	0	0	0	0	0	0	0	0	0	0	0	0	0	0	0	0	0
	7	17.6	31.6	29.5	10.8	5.8	3.9	0.6	0.1	0	0	0	0	0	0	0	0	0	0	0	0	0	0	0	0	0	0
	8	17.4	31.3	27.3	11.3	7.1	3.9	1.3	0.2	0	0	0	0	0	0	0	0	0	0	0	0	0	0	0	0	0	0
	9	11.9	34.9	26.7	11	7	6	1.6	0.5	0.1	0	0.3	0	0	0	0	0	0	0	0	0	0	0	0	0	0	0
	10	9	31.3	26.7	12.1	9.4	7.6	2.3	0.7	0.4	0.2	0.1	0.1	0.1	0	0	0	0	0	0	0	0	0	0	0	0	0
	11	6.7	26.4	23.2	14	12	11.5	3.9	1.6	0.5	0.1	0	0	0.1	0	0	0	0	0	0	0	0	0	0	0	0	0
	12	9.8	25.2	22.4	12.8	12.3	11.1	3.8	1.6	0.5	0.3	0.1	0.1	0	0	0	0	0	0	0	0	0	0	0	0	0	0
PERCENT OF POWER BY SPEED                                                       																											
	Month	0	1	2	3	4	5	6	7	8	9	10	11	12	13	14	15	16	17	18	19	20	21	22	23	24	25
	ALL	0	1.5	6.8	10.4	16.6	25.3	14.1	9.5	3.8	1.9	1.8	0.8	1.1	0	0.2	0.2	0.3	0	0.7	0	0.5	1.1	1.1	0.7	1.5	0
	1	0	0.9	3.7	6.3	12.2	27.5	17.5	15.9	4.5	3.3	2.9	0	0.8	0	0	0	0	0	0	0	0	0	4.4	0	0	0
	2	0	1.2	5.1	9.5	16.3	25.7	18.3	12.6	4.6	3.3	2.4	1	0	0	0	0	0	0	0	0	0	0	0	0	0	0
	3	0	1.1	4.5	8.2	14.6	28.2	16.1	13.1	8	0.4	1	0	0	0	0	0	0	0	0	0	0	0	4.8	0	0	0
	4	0	1.4	7.2	12.6	19.5	28.9	13.2	7.5	2.7	0	0.8	1.2	1.6	0	0	0	3.4	0	0	0	0	0	0	0	0	0
	5	0	1.4	7.8	12.7	20	19.6	11.8	7.8	1.2	2.1	1.5	1.9	4.1	0	0	0	0	0	0	0	0	0	0	8.3	0	0
	6	0	2.3	12.1	18.3	21	21.1	4.9	4.5	1.1	0	0	0	0	0	0	0	0	0	5.7	0	0	9.1	0	0	0	0
	7	0	3.3	14.5	15.8	18.7	22.6	6.6	2.4	0.6	0	0	0	0	0	0	0	0	0	0	0	0	0	0	0	15.5	0
	8	0	2.4	10.4	13	17.7	18.2	10.4	2.6	0.5	0.7	0	0	1.7	0	0	0	0	0	0	0	0	9	0	0	13.4	0
	9	0	2.5	9.9	12.1	16.5	26	11.9	5.6	1.6	0	10.1	0	0	0	0	3.8	0	0	0	0	0	0	0	0	0	0
	10	0	1.7	7.3	10	16.8	24	13	6.7	4.7	4.2	1.7	2.3	2.9	0	0	0	0	0	4.6	0	0	0	0	0	0	0
	11	0	1.1	4.8	9	16.4	28.7	17.1	10.9	4.9	1.7	0.6	0.8	2.2	0	1.7	0	0	0	0	0	0	0	0	0	0	0
	12	0	1	4.6	8	16.1	26.1	16	10.5	5.1	3.9	1.6	2.3	0	0	0	0	0	0	0	0	4.7	0	0	0	0	0
PREVAILING DIRECTION BY HOUR                                                    																											
	Month	0	1	2	3	4	5	6	7	8	9	10	11	12	13	14	15	16	17	18	19	20	21	22	23	24	
	ALL	-1	-1	-1	-1	300	300	300	300	300	300	300	300	300	300	300	300	300	300	-1	-1	-1	-1	-1	-1	-1	
	1	-1	-1	-1	-1	-1	80	300	80	300	300	300	90	70	300	300	300	300	-1	-1	-1	-1	-1	-1	-1	-1	
	2	-1	-1	-1	-1	-1	10	10	10	300	300	150	150	90	90	300	300	300	60	-1	-1	-1	-1	-1	-1	-1	
	3	-1	-1	-1	-1	-1	300	300	300	300	300	300	80	300	300	300	300	300	300	-1	-1	-1	-1	-1	-1	-1
	4	-1	-1	-1	-1	10	300	300	300	300	300	300	300	300	300	300	300	300	90	-1	-1	90	-1	-1	-1	-1
	5	-1	-1	-1	-1	300	300	300	300	300	300	300	300	300	300	300	300	300	70	80	-1	80	-1	-1	-1	-1
	6	-1	-1	-1	-1	300	300	300	300	300	300	300	300	300	300	300	300	300	300	80	-1	-1	-1	-1	-1	-1
	7	-1	-1	-1	-1	300	300	300	300	300	300	300	300	300	300	300	300	300	80	70	-1	-1	-1	-1	-1	-1
	8	-1	-1	-1	-1	310	310	320	320	300	300	300	300	300	300	310	300	310	300	80	-1	-1	-1	-1	-1	-1
	9	-1	-1	-1	-1	300	300	300	300	300	300	300	300	300	300	300	300	300	-1	-1	-1	-1	-1	-1	-1	-1
	10	-1	-1	-1	-1	300	20	310	320	320	320	70	300	300	300	310	300	300	-1	-1	-1	-1	-1	-1	-1	-1
	11	-1	-1	-1	-1	-1	300	320	320	320	320	150	150	320	300	320	320	320	300	-1	-1	-1	-1	-1	-1	-1
	12	-1	-1	-1	-1	-1	300	320	300	300	300	150	150	320	300	300	320	320	320	-1	-1	-1	-1	-1	-1	-1
SPEED FOR PREVAILING DIRECTION BY HOUR                                          																										
	Month	0	1	2	3	4	5	6	7	8	9	10	11	12	13	14	15	16	17	18	19	20	21	22	23	24
	ALL	-1	-1	-1	-1	1.94	2.25	2.34	2.28	2.4	2.47	2.49	2.79	2.86	2.95	2.97	3	3.08	2.65	-1	-1	-1	-1	-1	-1	-1
	1	-1	-1	-1	-1	-1	4.89	2.63	4.49	3.35	2.88	2.13	5.77	4.24	3.36	3.33	2.77	3.27	-1	-1	-1	-1	-1	-1	-1	-1
	2	-1	-1	-1	-1	-1	1.34	1.19	1.29	4.02	3.55	2.65	2.75	5.15	4.01	3.35	3.74	3.63	3.3	-1	-1	-1	-1	-1	-1	-1
	3	-1	-1	-1	-1	-1	2.59	2.73	2.58	2.42	2.89	2	4.8	3.21	3.19	2.82	3.22	3.05	2.76	-1	-1	-1	-1	-1	-1	-1
	4	-1	-1	-1	-1	1.26	2.27	2.39	2.36	2.05	2.32	2.56	2.96	3.14	2.99	3.05	3.05	3.23	3.07	-1	-1	1.5	-1	-1	-1	-1
	5	-1	-1	-1	-1	1.97	1.95	1.86	1.91	2.24	2.12	2.87	2.99	3.28	3.33	3.37	3.3	3.41	3.72	2.35	-1	1.8	-1	-1	-1	-1
	6	-1	-1	-1	-1	1.84	1.88	1.65	1.74	2.09	2.01	2.72	2.74	2.98	2.97	2.92	3.15	3.37	2.18	2.72	-1	-1	-1	-1	-1	-1
	7	-1	-1	-1	-1	1.85	1.48	1.74	1.65	1.77	1.95	2.06	2.66	2.6	2.72	2.51	2.71	2.44	3	2.68	-1	-1	-1	-1	-1	-1
	8	-1	-1	-1	-1	1.43	1.46	1.58	1.6	1.73	1.98	2.35	2.57	2.6	2.51	2.92	3.01	2.99	2	3.4	-1	-1	-1	-1	-1	-1
	9	-1	-1	-1	-1	1.82	1.98	2.13	1.98	1.87	1.8	2.28	2.61	2.23	2.49	2.86	2.53	2.53	-1	-1	-1	-1	-1	-1	-1	-1
	10	-1	-1	-1	-1	2.25	1.47	2.47	2.32	2.76	2.6	4.01	3.01	3.03	2.65	2.38	2.88	2.38	-1	-1	-1	-1	-1	-1	-1	-1
	11	-1	-1	-1	-1	-1	2.98	3	3.09	3.75	2.92	2.56	2.59	3.02	2.61	3.37	3.13	3.1	2.88	-1	-1	-1	-1	-1	-1	-1
	12	-1	-1	-1	-1	-1	2.98	3.31	3.12	3.16	2.85	2.31	2.73	2.52	3.08	3.44	3.1	3.39	2.53	-1	-1	-1	-1	-1	-1	-1
