HUSLIA              AK - 702225                                                 														
 65 deg    42' N  156 deg    23' W - Elev   55m   LST=GMT+99 hours   *NT=-10    														
 01/94-09/02                                                                    							Adjusted to Alaska Timezone (GMT-9)							
SPEED BY YEAR                                                                   														
	Year	ALL	JAN	FEB	MAR	APR	MAY	JUN	JUL	AUG	SEP	OCT	NOV	DEC
	ALL	2.23	2.25	2.42	2.48	2.65	2.46	2.01	2	2.17	2.12	1.87	2.13	2.21
	1994	2.19	2.13	1.78	2.31	2.72	2.12	1.6	1.78	2.44	2.66	1.68	2.65	2.39
	1995	1.99	1.6	2.14	1.82	2.33	2.18	1.7	1.68	1.47	2.48	2.18	1.2	2.86
	1996	1.76	1.04	2.12	2.3	2.71	2.02	2.08	1.82	1.77	1.59	1.06	1.87	0.46
	1997	2.01	2.21	2.45	1.67	2.33	2.19	2.12	1.72	1.73	2.15	1.49	2.32	1.82
	1998	2.33	3.04	2.66	2.76	2.58	2.73	1.69	1.39	2.23	2.33	2.59	2.12	1.48
	1999	1.88	2.28	1.82	1.94	2.94	2.23	1.71	1.91	1.48	1.81	1.57	1.74	1.52
	2000	2.44	1.43	3.06	3.64	2.99	2.44	1.65	1.8	2.09	1.78	1.84	2.56	4.36
	2001	2.77	3.53	2.59	2.99	3.18	2.41	2.38	2.3	2.6	2.3	2.9	3.03	2.73
	2002	2.7	3.27	4	2.8	2.23	2.95	2.48	2.48	2.74	1.21	-1	-1	-1
POWER BY YEAR                                                                   														
	Year	ALL	JAN	FEB	MAR	APR	MAY	JUN	JUL	AUG	SEP	OCT	NOV	DEC
	ALL	26	35	38	34	31	23	13	14	18	21	20	30	45
	1994	27	25	22	31	38	14	7	9	20	42	18	44	47
	1995	22	23	31	24	20	18	9	9	7	25	24	16	58
	1996	19	14	32	25	30	20	12	10	15	24	9	28	7
	1997	20	37	33	19	17	17	12	8	8	18	11	33	34
	1998	28	56	36	32	29	30	9	6	16	22	34	27	46
	1999	21	43	32	27	35	17	10	11	7	17	19	27	23
	2000	31	15	51	56	40	25	8	11	14	9	16	36	102
	2001	32	59	52	47	46	14	11	10	15	11	30	33	22
	2002	30	42	84	43	26	32	21	26	32	3	-1	-1	-1
NUMBER OF SPEED OBSERVATIONS BY YEAR                                            														
	Year	ALL	JAN	FEB	MAR	APR	MAY	JUN	JUL	AUG	SEP	OCT	NOV	DEC
	ALL	70866	4869	5219	6035	5943	7429	7251	6895	7231	5075	5263	5131	4525
	1994	7130	176	615	736	691	736	655	466	494	607	729	665	560
	1995	7996	604	647	658	669	729	707	712	569	688	691	620	702
	1996	8018	697	627	719	705	738	682	441	714	702	730	711	552
	1997	8151	422	680	695	725	720	693	737	734	697	710	715	623
	1998	7758	582	652	703	712	681	672	507	670	663	692	702	522
	1999	7492	496	449	595	531	665	723	742	740	552	557	712	730
	2000	8055	725	668	725	511	487	707	725	738	701	713	692	663
	2001	6358	721	675	700	696	626	546	534	491	441	441	314	173
	2002	9908	446	206	504	703	2047	1866	2031	2081	24	0	0	0
NUMBER OF SPEED OBSERVATIONS BY HOUR                                            														
	Hour	ALL	JAN	FEB	MAR	APR	MAY	JUN	JUL	AUG	SEP	OCT	NOV	DEC
	0	3035	205	223	237	253	325	330	307	322	221	213	217	182
	1	2953	199	218	273	242	304	295	281	301	202	231	215	192
	2	3081	217	233	261	263	317	304	300	316	222	227	230	191
	3	2821	188	204	221	234	296	296	285	294	188	219	212	184
	4	2920	194	207	266	242	304	300	274	309	208	209	221	186
	5	2891	203	217	245	243	288	283	275	289	204	228	217	199
	6	2956	194	221	223	246	316	328	295	321	209	216	205	182
	7	2931	200	215	268	255	293	307	288	283	209	219	204	190
	8	3003	218	230	249	251	315	290	295	305	222	218	212	198
	9	2870	189	202	219	236	301	306	290	308	202	219	215	183
	10	2971	197	220	269	261	298	306	290	290	218	223	209	190
	11	2935	205	214	252	252	314	292	288	294	206	223	206	189
	12	3021	194	219	240	246	332	330	306	320	222	217	212	183
	13	2992	207	212	270	260	308	300	293	304	211	225	216	186
	14	3019	214	237	263	251	311	300	305	314	229	214	193	188
	15	2893	202	210	227	229	309	305	286	290	205	216	223	191
	16	2989	203	225	268	250	315	311	287	303	206	212	217	192
	17	2929	198	228	252	249	305	288	271	302	196	232	214	194
	18	3016	206	226	236	244	337	330	309	307	225	209	204	183
	19	3014	205	212	278	252	310	305	291	320	207	223	218	193
	20	3042	223	229	261	249	319	320	290	302	234	213	216	186
	21	2815	185	191	240	238	304	291	277	275	204	217	212	181
	22	2909	213	211	262	249	308	284	250	278	224	219	221	190
	23	2860	210	215	255	248	300	250	262	284	201	221	222	192

SPEED BY HOUR                                                                   														
	Hour	ALL	JAN	FEB	MAR	APR	MAY	JUN	JUL	AUG	SEP	OCT	NOV	DEC
	0	1.93	2.22	2.26	2.34	2.16	1.95	1.48	1.66	1.66	1.78	1.76	2.06	2.36
	1	1.94	2.22	2.32	2.06	2.18	1.85	1.47	1.58	1.87	1.9	1.78	2.11	2.24
	2	1.89	2.27	2.29	2.1	2.13	1.82	1.5	1.51	1.74	1.72	1.67	2.1	2.2
	3	1.92	2.36	2.32	2.27	2.19	1.77	1.49	1.59	1.79	1.73	1.79	2.06	2.11
	4	1.88	2.16	2.31	1.96	2.14	1.77	1.49	1.54	1.7	1.86	1.72	2.08	2.3
	5	1.89	2.24	2.23	2.15	2.07	1.77	1.52	1.54	1.85	1.88	1.62	2.06	2.02
	6	1.93	2.19	2.32	2.11	2.18	1.84	1.69	1.63	1.81	1.92	1.66	1.94	2.26
	7	2.02	2.24	2.21	2.01	2.16	2.23	1.82	1.8	1.91	1.95	1.78	2.1	2.23
	8	2.1	2.23	2.42	1.97	2.39	2.52	1.9	1.85	2.07	1.97	1.7	2.03	2.08
	9	2.21	2.27	2.13	2.05	2.67	2.61	1.97	2.01	2.32	2.34	1.72	2.03	2.31
	10	2.35	2.21	2.26	2.37	2.96	2.89	2.18	2.18	2.41	2.46	1.9	2.01	2.13
	11	2.48	2.09	2.48	2.75	3.12	2.88	2.38	2.35	2.63	2.51	2.04	2.05	2.14
	12	2.53	2.11	2.55	3.06	3.21	2.97	2.35	2.31	2.59	2.61	2.21	2.01	2.04
	13	2.63	2.1	2.86	3.05	3.27	3.06	2.36	2.39	2.72	2.68	2.27	2.31	2.11
	14	2.69	2.2	2.65	3.37	3.29	3.09	2.41	2.59	2.78	2.63	2.42	2.36	2.1
	15	2.69	2.34	2.72	3.22	3.35	3.03	2.55	2.53	2.75	2.7	2.36	2.24	2.28
	16	2.68	2.18	2.7	3.27	3.4	3.12	2.58	2.52	2.66	2.65	2.21	2.16	2.23
	17	2.63	2.38	2.73	2.94	3.29	3.06	2.57	2.55	2.71	2.59	2	2.26	2.09
	18	2.52	2.23	2.49	2.79	3.13	3.05	2.55	2.5	2.52	2.16	1.69	2.35	2.33
	19	2.36	2.16	2.46	2.47	2.87	2.83	2.36	2.34	2.3	1.96	1.79	2.23	2.26
	20	2.21	2.25	2.46	2.33	2.69	2.57	2.29	2.16	1.93	1.67	1.56	2.16	2.28
	21	2.07	2.44	2.28	2.33	2.35	2.32	2.03	1.71	1.72	1.74	1.65	2.17	2.22
	22	1.95	2.39	2.26	2.2	2.19	1.95	1.63	1.35	1.66	1.86	1.78	2.2	2.22
	23	2	2.42	2.39	2.25	2.15	2.02	1.6	1.62	1.86	1.65	1.69	2.15	2.42

POWER BY HOUR                                                                   														
	Hour	ALL	JAN	FEB	MAR	APR	MAY	JUN	JUL	AUG	SEP	OCT	NOV	DEC
	0	19	37	31	28	19	10	6	8	9	14	16	27	52
	1	20	33	38	21	20	10	6	7	12	18	16	31	46
	2	19	38	35	25	20	10	6	7	9	13	16	29	47
	3	19	38	33	27	21	11	6	7	10	16	17	30	39
	4	19	32	33	23	22	11	7	7	8	16	17	27	48
	5	20	37	33	26	22	12	7	7	10	17	17	27	39
	6	21	34	38	25	25	15	9	8	10	26	17	24	41
	7	22	34	36	24	23	19	10	10	12	19	19	30	43
	8	26	34	41	25	31	41	11	13	14	21	18	30	37
	9	26	31	33	27	36	29	12	14	19	30	19	28	46
	10	29	33	38	37	42	34	13	15	21	31	24	26	39
	11	30	31	39	45	46	31	16	16	26	28	24	32	40
	12	31	29	45	52	45	34	16	16	27	31	29	29	34
	13	34	31	54	54	46	32	17	21	28	29	28	35	42
	14	35	36	46	59	46	33	16	22	31	28	30	33	43
	15	35	38	47	50	44	30	19	24	31	31	29	33	52
	16	34	36	46	54	44	34	20	25	30	29	24	29	47
	17	33	35	49	40	41	33	22	22	30	26	21	33	46																									
	18	30	34	36	37	35	30	21	24	26	19	16	36	54																									
	19	28	32	36	32	30	25	18	20	23	17	16	34	60																									
	20	23	35	35	27	26	19	16	16	16	12	13	30	47																									
	21	22	43	29	26	21	16	11	16	12	13	16	31	48																									
	22	20	37	33	23	18	10	8	8	8	14	17	31	42																									
	23	21	42	36	22	17	11	7	9	10	12	13	34	53																									

SPEED BY DIRECTION                                                              																																							
	Month	calm	0	10	20	30	40	50	60	70	80	90	100	110	120	130	140	150	160	170	180	190	200	210	220	230	240	250	260	270	280	290	300	310	320	330	340	350	360
	ALL	0	2.17	2.11	2.12	2.32	2.4	3.18	3.97	4.08	4.24	3.61	2.95	2.69	2.63	2.82	2.76	2.61	2.51	2.45	2.79	2.95	3.07	3.1	2.95	2.54	2.4	2.27	2.26	2.33	2.48	2.6	2.68	2.61	2.32	2.15	2.06	2.03	2.17
	1	0	1.7	1.5	1.8	1.6	3.4	4.1	4.7	4.7	4.6	4	3	2.8	2.3	2.2	2.6	3	2.6	3	3.3	3.1	4	3.7	2.8	2.2	1.8	2	1.8	2	2.3	2.2	2.4	2	2	1.8	1.7	1.7	1.7
	2	0	1.8	1.6	1.7	2.1	2.6	3.1	4	4.3	4.5	3.8	2.8	2.3	2.4	2.2	2.2	2.1	2.2	2.7	3.2	4	4.4	3.9	3.1	2.2	2.3	2.8	2.1	2	2.1	2.8	2.5	2.2	2	1.9	1.6	1.7	1.8
	3	0	2.2	2.3	1.9	1.8	2	3	4.1	4.2	4.2	3.7	3.5	2.8	2.9	2.7	2.7	3.3	2.5	2.5	2.6	3	2.8	2.6	2.5	2.5	2	1.9	1.8	2.1	2.2	2.5	2.7	2.7	2.3	2	1.9	1.8	2.2
	4	0	2.4	2	2.2	1.9	2.5	3.3	4.1	3.8	3.9	3.4	3.3	3.1	3.3	3.9	3.8	3.2	3.1	2.7	3.2	3.6	3.7	4.6	3.3	2.9	1.8	1.7	1.9	2.1	2.2	2.6	2.7	2.6	2.4	2.2	2	2	2.4
	5	0	2.3	2.4	2.3	2.4	2.4	3.1	3.8	3.9	3.8	3.6	3.3	3.1	3.1	3.3	3.2	2.7	2.6	2.6	2.8	3.1	3.1	3	2.8	2.6	2.2	1.9	1.9	2.1	2.3	2.5	2.7	2.7	2.4	2.3	2.2	2.2	2.3
	6	0	2.3	2.1	2.3	2.3	2.3	2.5	2.8	2.9	3.1	2.6	2.3	2.7	2.4	2.8	2.5	2.1	2.4	2.4	2.8	2.5	2.6	2.8	2.8	2.6	2.4	2.4	2.5	2.6	2.7	2.7	2.8	2.7	2.5	2.3	2.2	2.1	2.3
	7	0	2.2	2.3	2	2.3	1.9	2.5	2.7	3	2.8	2.9	2.6	2.5	2.5	2.4	2.5	2.3	2.2	2.2	2.6	2.9	3.2	3.1	3.1	2.5	2.6	2.3	2.3	2.3	2.4	2.7	2.6	2.4	2.4	2.3	2.5	2.2	2.2
	8	0	2	2	2.2	3.6	2.5	3.5	3.8	3.4	3	2.6	2.5	2.7	2.2	2.5	2.1	2.4	2.5	2.4	2.7	2.9	3	3	2.9	2.7	2.8	2.5	2.4	2.6	2.7	2.7	2.8	2.9	2.5	2.2	2	1.9	2
	9	0	2.2	2.4	2	2.2	2.6	3.3	4	4	3.4	2.7	3	2.5	2.5	2.7	2.5	2.3	2.5	2.4	2.7	2.7	2.7	2.9	3.1	2.2	2.1	2.1	2.2	2.1	2.4	2.3	2.5	2.7	2.2	1.9	2	2	2.2
	10	0	2	1.8	1.9	1.8	2.3	3.1	3.8	3.8	3.6	3.1	2.6	2.2	2	2.1	2.8	2.8	2.6	2.5	2.7	3.2	2.8	2.2	2.8	2.3	2.1	1.8	2	2	2.1	2.4	2.6	2.3	1.9	1.8	1.7	1.9	2
	11	0	1.5	1.6	1.8	1.8	1.9	2.5	4.2	4.2	4.4	3.8	3	2.5	2.6	2.5	2.9	2.9	2.8	2.4	2.7	2.8	2.8	3	2.6	2.2	1.9	2.4	3.1	2.1	2.2	2.4	2.4	1.9	1.8	1.7	1.6	1.7	1.5
	12	0	1.8	1.5	1.6	2.1	2.3	4	5	5	5.1	4.2	3.2	2.3	2.3	2.8	2	1.9	2.1	2.5	2.8	3.3	3.4	2.6	2.2	1.9	1.8	1.9	1.8	2	2.2	2.7	2.4	2.2	1.8	1.7	1.8	1.7	1.8
FREQUENCY BY DIRECTION                                                          																																							
	Month	calm	0	10	20	30	40	50	60	70	80	90	100	110	120	130	140	150	160	170	180	190	200	210	220	230	240	250	260	270	280	290	300	310	320	330	340	350	360
	ALL	28.11	0.88	0.8	0.81	0.89	1.31	2.78	6.52	11.15	12.37	5.47	2.27	1.22	1.02	0.94	0.99	0.99	1.09	1.37	1.96	2.2	2.06	2.44	2.27	2	1.75	1.82	2.28	2.68	3.56	4.19	4.67	4.87	3.67	2.22	1.31	1.16	0.88
	1	40.2	0.5	0.2	0.3	0.2	0.8	1.9	5.9	13.9	29	12.8	2.9	1.1	0.7	0.4	0.9	0.9	0.9	0.7	1.4	1.2	1.1	1	1	1.2	0.9	0.7	0.5	0.5	1.3	1.4	2.8	3.3	3.4	2.4	1.2	0.8	0.5
	2	33.6	0.5	0.3	0.4	0.8	1.2	2.4	7.9	19.6	26.7	10	3.8	1.1	0.7	0.3	0.6	0.3	0.3	0.6	1.3	1.1	0.9	1.1	1.2	1.2	0.6	0.8	1	1.3	1.3	0.9	1.7	2.6	2.2	1.6	1.1	0.8	0.5
	3	27.7	0.8	0.5	0.5	0.8	1.3	2.9	9.2	21.5	19.8	6.7	1.9	0.8	0.8	0.5	0.5	0.8	0.7	0.5	0.5	0.4	0.6	0.8	0.9	1.1	0.6	0.9	1.1	1.8	2.6	2.3	3.8	4	3.9	2.5	1.1	0.7	0.8
	4	17	0.9	0.8	0.8	0.7	1.8	5.5	10.9	14.9	8.8	2.4	1.9	1.7	1.3	1.4	1.3	1	0.9	1.1	1.3	1.6	1.2	1.7	1.3	0.9	0.6	0.5	0.7	1.6	2.1	3.3	4.9	7.3	5.7	3.6	2.2	1.2	0.9
	5	16.2	1.1	0.9	1.1	1.4	2	3.9	8.4	9.9	5.1	2.4	2.2	1.6	1.3	1	1.3	1.5	1.5	1.7	2.6	2.5	2.6	2.1	1.9	1.2	1.1	1	1.5	2.1	3.2	3.7	6.1	7.1	5.8	3.3	2.1	1.7	1.1
	6	22	1.4	1.6	1.7	1.1	1.2	1.1	1.8	2.1	1.2	0.8	0.9	0.6	0.7	0.7	0.5	0.5	0.7	1.3	2.4	3	2.6	3.3	2.9	2.8	3	2.8	4.5	5.5	7.7	8.4	8.5	9	6.2	3.8	2	1.8	1.4
	7	22.4	1.3	1.3	1.2	0.8	0.4	1.3	1.9	2.7	2.8	1.6	1.4	1.1	1.2	1.1	1.1	1.3	1.8	2.2	3.7	4.2	3.6	4.3	5.2	4	3.2	3.6	5.3	4.6	6	6.7	5.5	4.4	3.6	2	1.6	1.9	1.3
	8	21.5	0.6	0.7	0.5	1.1	1.2	1.8	3	3.7	2.9	2.2	1.7	1.2	1.2	1.3	1.4	1.3	1.5	2.4	2.9	3.5	3.8	5.5	4.7	4.7	4	4.5	4.1	5	5.8	7	5.9	4.3	1.9	1.2	0.8	0.9	0.6
	9	27.8	0.9	0.6	0.8	0.8	1.9	3.7	10	12.9	7.5	4.3	2.5	1.7	1.5	1.8	1.9	2	2.3	2.8	2.6	2.8	2.6	3	2.4	1.9	2	1.8	1.8	1.8	2.8	3.6	4.1	3.4	1.3	1	0.5	0.6	0.9
	10	37.5	1	1.2	1.1	1.2	2	5.1	10.9	15.5	16.5	6.9	2.8	1.5	1	1	0.9	0.7	0.9	0.9	1.3	1.6	1.1	1.1	0.9	0.8	1.1	0.9	1.1	1.5	2	3	2.9	3.3	2.9	1.3	0.9	1.2	1
	11	41.8	0.2	0.4	0.2	0.6	0.6	1.7	5.4	13.9	31.7	18.3	5	1.8	0.8	0.8	0.6	0.4	0.3	0.5	0.6	0.9	1	1.1	0.6	0.6	0.7	0.9	0.9	1.1	1.2	1.7	1.4	1.3	1.2	0.9	0.2	0.5	0.2
	12	46.6	0.4	0.2	0.2	0.5	0.8	2.2	6.3	17.9	32	13.3	2.9	0.7	0.7	0.2	0.2	0.2	0.2	0.2	0.5	0.8	0.6	0.6	0.8	1.1	1	1	1.6	1	1	2.1	2.1	2.6	2.2	1	0.6	0.7	0.4
FREQUENCY OF SPEED                                                              																																							
	Month	0	1	2	3	4	5	6	7	8	9	10	11	12	13	14	15	16	17	18	19	20	21	22	23	24	25												
	ALL	28.1	15.4	22.9	14.5	9.2	5.5	2.8	1.1	0.4	0.1	0	0	0	0	0	0	0	0	0	0	0	0	0	0	0	0												
	1	40.2	9.3	12.8	10.2	11.2	8.9	5.4	1.5	0.5	0.1	0	0	0	0	0	0	0	0	0	0	0	0	0	0	0	0												
	2	33.6	11.2	15.3	12.2	11.7	8.2	4.4	2.2	0.9	0.2	0	0	0	0	0	0	0	0	0	0	0	0	0	0	0	0												
	3	27.7	12.9	17.9	15.3	12.2	8.2	3.6	1.4	0.5	0.1	0	0	0	0	0	0	0	0	0	0	0	0	0	0	0	0												
	4	17	16.1	24.2	19	11.3	7.2	3.5	1.1	0.5	0.1	0	0	0	0	0	0	0	0	0	0	0	0	0	0	0	0												
	5	16.2	17.4	28.7	20	10.3	5	1.8	0.5	0.1	0	0	0	0	0	0	0	0	0	0	0	0	0	0	0	0	0												
	6	22	20.6	31.7	16.5	6.4	2.1	0.7	0	0	0	0	0	0	0	0	0	0	0	0	0	0	0	0	0	0	0												
	7	22.4	21	33.3	14.8	4.7	1.8	1.1	0.6	0.2	0	0	0	0	0	0	0	0	0	0	0	0	0	0	0	0	0												
	8	21.5	18.3	31.8	15.9	7.4	2.6	1.5	0.7	0.3	0.1	0	0	0	0	0	0	0	0	0	0	0	0	0	0	0	0
	9	27.8	17.2	24.5	14.2	8.1	4.7	2.2	0.8	0.3	0.1	0	0	0	0	0	0	0	0	0	0	0	0	0	0	0	0
	10	37.5	16.4	19.2	10.3	8.6	4.8	2.4	0.6	0.1	0	0	0	0	0	0	0	0	0	0	0	0	0	0	0	0	0
	11	41.8	8.6	12.2	12.2	11.3	8.3	4.1	1.3	0.2	0	0	0	0	0	0	0	0	0	0	0	0	0	0	0	0	0
	12	46.6	8.6	8.6	8.5	8.9	8.2	5	3.5	1.6	0.4	0.1	0.1	0	0	0	0	0	0	0	0	0	0	0	0	0	0
PERCENT OF POWER BY SPEED                                                       																											
	Month	0	1	2	3	4	5	6	7	8	9	10	11	12	13	14	15	16	17	18	19	20	21	22	23	24	25
	ALL	0	1.3	7.1	13.3	18.7	21.5	18.1	11.2	5.8	1.9	0.4	0.3	0.1	0	0	0	0	0	0	0.3	0	0	0	0	0	0
	1	0	0.6	3.1	7.5	17.8	26.3	26.8	11.9	5	1	0	0	0	0	0	0	0	0	0	0	0	0	0	0	0	0
	2	0	0.7	3.4	8	16.7	22.2	20	15.6	8.7	3.5	0.7	0	0.6	0	0	0	0	0	0	0	0	0	0	0	0	0
	3	0	0.9	4.4	11.3	19.7	25	18.3	11.3	6.4	2.5	0.4	0	0	0	0	0	0	0	0	0	0	0	0	0	0	0
	4	0	1.2	6.4	14.6	19	22.8	18.6	9.5	6.7	1.3	0	0	0	0	0	0	0	0	0	0	0	0	0	0	0	0
	5	0	1.6	10.1	20.4	22.9	21.4	13.1	5.8	1.5	0.3	0	0	0	0	0	0	0	0	0	3	0	0	0	0	0	0
	6	0	3.4	19	29.1	24.4	15.1	8.3	0.7	0	0	0	0	0	0	0	0	0	0	0	0	0	0	0	0	0	0
	7	0	3	17.6	22.5	15.7	11.8	11.9	9.9	5.6	0	2	0	0	0	0	0	0	0	0	0	0	0	0	0	0	0
	8	0	2.1	13.8	19.6	19.9	13.9	13.6	9	5.4	2.6	0	0	0	0	0	0	0	0	0	0	0	0	0	0	0	0
	9	0	1.7	8.9	15.2	18.7	20.6	15.9	9.8	5.7	1.9	0.7	0.8	0	0	0	0	0	0	0	0	0	0	0	0	0	0
	10	0	1.9	8	12.7	23.2	24.3	20.4	7.6	1.9	0	0	0	0	0	0	0	0	0	0	0	0	0	0	0	0	0
	11	0	0.6	3.5	10.1	20.3	28.1	22.9	11.7	2.5	0.3	0	0	0	0	0	0	0	0	0	0	0	0	0	0	0	0
	12	0	0.4	1.6	4.9	11	18.7	19.1	21.1	13.7	5.5	1.2	2	0.7	0	0	0	0	0	0	0	0	0	0	0	0	0
PREVAILING DIRECTION BY HOUR                                                    																											
	Month	0	1	2	3	4	5	6	7	8	9	10	11	12	13	14	15	16	17	18	19	20	21	22	23		
	ALL	80	80	80	80	80	80	80	80	80	80	70	70	70	70	70	70	70	70	70	70	80	80	80	80		
	1	80	80	80	80	80	80	80	80	80	80	80	80	80	80	80	80	80	80	80	80	80	80	80	80		
	2	80	80	80	80	80	80	80	70	80	80	80	80	80	80	80	70	70	80	80	80	80	80	80	80		
	3	80	80	80	80	80	80	80	80	80	80	70	70	70	70	70	70	70	70	70	70	70	70	70	80		
	4	70	70	70	80	80	70	70	70	80	70	70	70	70	70	70	70	60	60	70	70	70	70	80	70		
	5	310	70	70	70	70	70	70	70	70	70	70	60	70	70	60	60	310	310	310	60	310	310	310	300		
	6	280	290	290	280	280	280	290	290	290	280	290	290	270	310	290	310	280	310	300	320	310	310	310	310		
	7	290	270	260	260	280	290	280	290	250	260	290	290	260	200	220	220	190	290	290	320	320	320	290	290		
	8	280	300	270	270	270	260	230	290	300	290	300	290	210	290	220	210	280	310	310	310	290	290	290	280		
	9	70	70	70	70	70	60	60	80	70	80	70	70	70	60	70	60	70	70	70	70	60	70	70	70		
	10	80	80	80	80	80	70	80	80	70	80	80	80	70	70	60	70	80	70	70	80	60	80	70	80
	11	80	80	80	80	80	80	80	80	80	80	80	80	80	80	80	80	80	80	80	80	80	80	80	80
	12	80	80	80	80	80	80	80	80	80	80	80	80	80	80	80	80	80	80	80	80	80	80	80	80
SPEED FOR PREVAILING DIRECTION BY HOUR                                          																									
	Month	0	1	2	3	4	5	6	7	8	9	10	11	12	13	14	15	16	17	18	19	20	21	22	23
	ALL	4.08	4	4.06	3.93	4.05	4.02	4.03	3.96	4.26	4.22	4.28	4.28	4.41	4.34	4.46	4.41	4.47	4.14	4.02	3.96	4.24	4.08	4.02	4.08
	1	4.8	4.26	4.86	4.63	4.71	4.57	4.36	4.38	4.79	4.75	4.64	4.46	4.43	4.42	4.53	4.41	4.66	4.66	4.68	4.69	4.67	4.85	4.78	5
	2	4.11	4.67	4.39	4.21	4.66	4.36	4.8	3.99	4.38	4.18	4.49	4.52	4.67	5.19	4.71	4.34	4.5	4.66	4.28	4.53	4.41	4.31	4.69	4.43
	3	4.11	3.86	4.32	3.85	3.88	3.96	4.05	4.02	4.01	4.47	4.39	4.47	4.54	4.97	4.76	4.77	4.75	4.36	3.84	4.11	3.86	3.82	3.68	3.79
	4	3.4	3.28	3.29	3.53	3.43	3.99	3.99	3.68	4.1	3.75	4.2	4.44	4.33	4.3	4.27	3.99	3.83	4.09	3.25	3.48	3.35	3.42	2.77	3.23
	5	2.4	3.04	3.17	3.18	3.36	3.28	3.94	3.96	4.81	4.47	5.03	4	4.42	4.34	4.2	4.57	3.34	3.26	3.32	3.79	2.86	3.19	2.57	2.55
	6	2.48	2.07	2.28	2.02	2.75	2.52	2.28	2.73	2.82	2.68	2.71	2.8	2.45	3	3.18	2.94	3.11	3.34	3.06	3.07	3.18	2.96	2.41	2.44
	7	2.32	2.09	2.12	2.27	2.28	2.41	2.62	2.74	2.42	2.29	2.61	2.38	1.91	4.11	2.72	3.94	4.07	2.09	3.85	2.78	2.36	2.23	2.54	3.14
	8	2.39	2.34	2.61	2.36	2.45	1.99	2.24	2.24	2.67	3.19	3.01	3.28	3.06	3	3.24	3.23	2.76	3.46	3.34	2.85	2.29	2.53	1.89	2.47
	9	3.48	3.6	3.58	4.15	3.49	3.42	4.85	2.78	4.25	3.87	4.79	4.22	4.96	4.53	4.44	4.3	3.88	3.91	3.66	3.49	3.7	2.64	3.85	3.46
	10	3.42	3.33	3.37	3.08	3.08	4.43	3.13	3.64	3.69	3.38	4.32	4.17	4.23	4.23	3.5	3.96	3.53	3.33	3.17	3.77	2.59	3.43	3.35	2.82
	11	3.95	4.28	4.02	4.32	4.06	4.36	3.86	4.28	4.94	4.13	4.36	4.6	4.9	5.05	4.65	4.58	4.24	4.81	4.33	4.7	4.44	4.19	4.36	4.37
	12	5.27	5.56	4.94	4.78	5.2	4.56	4.95	5.07	4.81	4.79	5.01	5.08	4.68	4.97	5.26	5.22	4.95	5.72	5	5.51	5.32	5.04	4.77	5.79
