HYDABURG SEAPLANE   AK - 703884                                                 														
 55 deg    12' N  132 deg    50' W - Elev    0m   LST=GMT+99 hours   *NT= -9    														
 12/78-02/79 01/94-09/02                                                        														
SPEED BY YEAR                                                                   														
	Year	ALL	JAN	FEB	MAR	APR	MAY	JUN	JUL	AUG	SEP	OCT	NOV	DEC
	ALL	3.35	3.49	3.43	3.51	3.29	3.05	3.02	2.74	2.97	3.33	4.04	3.71	4
	1978	3.31	-1	-1	-1	-1	-1	-1	-1	-1	-1	-1	-1	3.31
	1979	6.26	6.17	7.31	-1	-1	-1	-1	-1	-1	-1	-1	-1	-1
	1994	2.46	3.01	1.27	3.64	2.65	2.7	2.12	2	1.03	2.92	3.16	3	2.25
	1995	3.21	2.22	2.77	5.93	4.09	2.44	3.05	2.82	2.19	3.04	4.6	3.91	3.87
	1996	3.16	2.25	3.62	3.07	3.53	2.22	3.91	2.64	3.32	3.18	3.84	2.76	3.35
	1997	3.45	3.66	4.66	4.31	3.62	2.79	2.55	2.62	2.68	3.37	3.31	2.82	5.38
	1998	3.23	3.28	4.82	2.82	3.26	2.51	2.76	2.93	2.93	2.56	4.11	2.84	3.95
	1999	3.71	3.65	4.08	3.31	3.36	3.98	2.98	3.19	2.97	3.03	4.72	4.99	4.1
	2000	3.28	3.42	2.52	4.79	3.68	2.72	2.16	2.6	2.93	3.08	3.9	4.24	3.09
	2001	4.39	5.05	2.89	3.41	3.3	4.84	4.37	4.2	4.43	5.67	4.92	5.08	5.7
	2002	3.35	5.01	4.3	2.28	1.79	3.46	3.61	2.19	3.74	5.15	-1	-1	-1
POWER BY YEAR                                                                   														
	Year	ALL	JAN	FEB	MAR	APR	MAY	JUN	JUL	AUG	SEP	OCT	NOV	DEC
	ALL	117	154	144	126	111	73	65	51	85	115	168	163	190
	1978	43	-1	-1	-1	-1	-1	-1	-1	-1	-1	-1	-1	43
	1979	233	228	290	-1	-1	-1	-1	-1	-1	-1	-1	-1	-1
	1994	95	104	35	131	91	77	67	41	19	147	150	152	151
	1995	111	84	93	220	146	45	63	49	55	81	221	230	146
	1996	95	57	168	122	114	35	103	36	81	87	134	82	101
	1997	122	148	155	162	142	50	41	55	56	126	98	101	335
	1998	102	117	202	65	104	36	38	53	92	65	174	85	209
	1999	129	158	166	95	115	120	60	53	109	105	189	237	148
	2000	129	212	101	237	145	57	28	54	78	98	172	195	149
	2001	162	272	147	105	105	157	98	103	100	224	200	170	280
	2002	111	225	221	65	23	83	100	28	133	129	-1	-1	-1
NUMBER OF SPEED OBSERVATIONS BY YEAR                                            														
	Year	ALL	JAN	FEB	MAR	APR	MAY	JUN	JUL	AUG	SEP	OCT	NOV	DEC
	ALL	67219	5326	5692	5443	6188	6184	5709	5992	6639	5274	5206	4641	4925
	1978	23	0	0	0	0	0	0	0	0	0	0	0	23
	1979	90	83	7	0	0	0	0	0	0	0	0	0	0
	1994	7612	172	602	741	708	742	694	730	737	706	733	576	471
	1995	7581	676	607	31	696	719	702	712	649	680	724	680	705
	1996	7462	713	689	723	710	723	685	515	671	665	620	233	515
	1997	7788	580	481	645	717	626	637	704	733	686	584	700	695
	1998	7869	660	669	679	659	653	677	696	644	560	710	704	558
	1999	8203	685	653	725	715	783	743	749	403	679	634	705	729
	2000	8356	717	668	722	704	714	551	713	737	711	716	702	701
	2001	6645	593	685	706	713	609	450	459	513	563	485	341	528
	2002	5590	447	631	471	566	615	570	714	1552	24	0	0	0
NUMBER OF SPEED OBSERVATIONS BY HOUR                                            														
	Hour	ALL	JAN	FEB	MAR	APR	MAY	JUN	JUL	AUG	SEP	OCT	NOV	DEC
	0	2804	213	217	219	276	261	237	259	286	220	220	191	205
	1	2792	226	248	236	253	258	228	241	276	217	217	187	205
	2	2721	212	237	225	261	243	210	221	264	212	226	209	201
	3	2749	206	219	210	254	275	238	259	281	218	208	195	186
	4	2751	226	243	230	253	251	227	243	259	214	213	184	208
	5	2762	224	244	228	265	243	217	229	276	204	219	193	220
	6	2687	187	209	208	256	255	242	252	264	230	211	183	190
	7	2815	232	244	244	257	248	240	249	280	209	208	192	212
	8	2764	235	227	224	260	248	224	235	262	214	221	197	217
	9	2760	213	222	196	254	271	251	246	290	229	205	188	195
	10	2861	237	256	248	257	247	241	250	271	228	230	182	214
	11	2876	221	243	234	262	258	239	255	295	226	225	206	212
	12	2817	210	234	213	253	264	261	263	291	222	216	189	201
	13	2918	239	253	243	271	274	245	265	283	224	210	190	221
	14	2824	230	253	244	243	239	230	245	269	220	232	197	222
	15	2856	218	222	215	257	278	271	276	279	228	226	194	192
	16	2863	232	251	243	262	262	235	257	283	232	204	194	208
	17	2850	224	261	230	260	257	243	242	285	214	230	200	204
	18	2795	204	217	202	244	276	253	274	282	239	215	195	194
	19	2852	235	247	236	275	257	237	252	276	213	218	194	212
	20	2798	236	241	237	238	263	230	244	272	209	219	199	210
	21	2727	197	212	207	260	257	251	251	285	223	209	190	185
	22	2818	247	250	233	270	248	227	254	269	229	202	180	209
	23	2759	222	242	238	247	251	232	230	261	200	222	212	202
	24	2804	213	217	219	276	261	237	259	286	220	220	191	205
SPEED BY HOUR                                                                   														
	Hour	ALL	JAN	FEB	MAR	APR	MAY	JUN	JUL	AUG	SEP	OCT	NOV	DEC
	0	2.76	3.17	3.28	2.93	2.46	2	2.15	1.67	2.22	3.05	3.57	3.72	3.81
	1	2.85	3.58	3.36	3.34	2.38	2.13	2.08	1.7	2.14	2.85	4.02	3.54	3.64
	2	2.83	3.31	3.2	2.96	2.49	2.14	2.09	1.68	2.06	2.71	4.05	3.76	3.81
	3	2.75	3.39	3.21	3.08	2.34	2.33	1.93	1.65	2.08	2.78	3.97	3.5	3.78
	4	2.72	3.27	2.86	2.69	2.37	2.09	1.89	1.79	1.96	2.86	3.86	3.68	3.95
	5	2.81	3.54	3	2.84	2.28	2.06	2.25	1.78	2.26	2.88	3.71	3.47	4.1
	6	2.91	3.38	3	3.12	2.65	2.25	2.55	2.22	2.29	2.85	3.8	3.55	4
	7	3.07	3.55	3.02	3.04	2.86	2.74	2.65	2.5	2.72	2.76	4.15	3.55	3.75
	8	3.37	3.84	3.36	3.28	3.55	2.95	3.26	2.84	2.9	3.1	3.9	3.49	4.11
	9	3.55	3.58	3.33	3.17	3.78	3.47	3.5	3.04	3.21	3.54	4.5	3.6	4.12
	10	3.81	3.83	3.56	3.79	4.32	3.74	3.41	3.48	3.41	3.92	4.7	3.86	3.8
	11	4.04	3.85	3.94	4.2	4.51	4.15	3.8	3.47	3.68	4.45	4.46	4	4.12
	12	4.18	3.83	3.74	4.42	4.82	4.14	3.93	3.87	3.99	4.45	4.43	4.45	4.19
	13	4.26	3.88	4.06	4.38	4.82	4.37	4.23	3.84	3.91	4.5	4.62	4.36	4.25
	14	4.15	3.88	4.06	4.4	4.55	4.07	4.12	3.78	4.34	4.15	4.15	4.18	4.07
	15	4.09	3.66	3.62	4.4	4.45	4.3	4.14	4	3.97	4.07	4.33	3.77	4.31
	16	3.86	3.22	3.71	4.07	4.16	4.15	3.9	3.85	3.8	3.92	4.11	3.52	3.8
	17	3.75	3.36	3.58	3.36	3.96	3.89	3.85	3.58	3.88	3.62	3.85	3.52	4.49
	18	3.52	3.18	3.36	3.66	3.53	3.55	3.51	3.47	3.44	3.15	3.94	3.49	4.09
	19	3.3	3.32	3.35	3.43	2.88	3.1	3.18	2.92	2.97	3.04	3.54	3.75	4.41
	20	3.08	3.29	3.24	3.5	2.84	2.45	2.65	2.34	2.52	2.69	3.96	3.69	4.21
	21	2.9	3.47	3.44	3.52	2.33	2.4	2.29	2.09	2.43	2.79	3.56	3.58	3.82
	22	2.92	3.39	3.47	3.37	2.34	2.18	2.19	1.9	2.42	2.79	4.09	3.69	3.8
	23	2.8	3.02	3.31	3.24	2.26	2.35	2.23	1.86	2.31	2.66	3.73	3.4	3.56
	24	2.76	3.17	3.28	2.93	2.46	2	2.15	1.67	2.22	3.05	3.57	3.72	3.81
POWER BY HOUR                                                                   														
	Hour	ALL	JAN	FEB	MAR	APR	MAY	JUN	JUL	AUG	SEP	OCT	NOV	DEC
	0	104	124	135	109	81	53	53	26	84	110	166	176	183
	1	108	169	135	119	79	62	49	28	80	103	187	156	167
	2	110	163	143	105	80	62	54	28	76	86	201	158	178
	3	104	135	148	125	83	51	46	28	75	94	186	166	178
	4	102	136	102	94	80	48	39	34	63	109	183	172	209
	5	105	150	122	107	67	42	60	30	82	105	136	151	238
	6	104	131	107	141	93	45	56	43	68	96	170	166	198
	7	117	178	135	129	98	70	51	54	84	81	206	158	198
	8	126	188	172	126	114	62	77	60	84	100	183	147	215
	9	129	163	148	93	147	92	75	63	86	134	205	197	202
	10	137	197	170	119	161	89	66	74	100	135	190	189	180
	11	139	178	181	126	167	103	82	78	87	173	177	177	176																									
	12	146	198	149	169	196	97	80	77	104	187	170	210	176																									
	13	139	160	147	144	179	106	86	86	100	158	144	188	202																									
	14	130	165	142	143	149	87	88	66	118	136	138	163	172																									
	15	121	167	127	135	119	107	83	75	93	131	132	124	200																									
	16	112	112	139	128	124	93	75	70	89	123	152	115	145																									
	17	123	150	148	96	130	83	82	64	100	118	136	140	256																									
	18	115	123	140	131	126	77	77	55	95	109	166	127	207																									
	19	115	142	157	129	83	72	83	45	79	99	140	154	234																									
	20	106	114	128	126	112	48	57	37	60	88	172	197	176																									
	21	109	165	173	159	73	64	47	29	80	105	147	165	175																									
	22	111	149	165	162	75	67	43	31	73	88	200	163	154																									
	23	98	129	147	107	59	61	54	32	74	91	151	153	137																									
	24	104	124	135	109	81	53	53	26	84	110	166	176	183																									
SPEED BY DIRECTION                                                              																																							
	Month	calm	0	10	20	30	40	50	60	70	80	90	100	110	120	130	140	150	160	170	180	190	200	210	220	230	240	250	260	270	280	290	300	310	320	330	340	350	360
	ALL	0	2.99	2.25	2.14	2.07	2.02	2.15	2.13	2.09	2.14	2.56	3.22	4.17	4.98	6.07	7.11	6.2	5.17	4.39	4.13	3.58	3.11	2.5	2.52	2.75	2.9	2.89	3	3.38	3.08	2.89	3.08	3.18	3.16	3.45	3.93	3.49	2.99
	1	0	4.2	2.5	2.4	2	1.8	1.9	2	1.9	2.1	2.4	3	4.6	5.4	6.5	7.8	7	5.8	4.8	4.8	3.7	3.6	2.3	2.4	2.5	3	2.3	2.8	4	4.3	3.1	3	3.9	3.1	3.2	3.8	3.5	4.2
	2	0	3.1	2.3	2.2	2.1	1.8	2.1	2	2.1	2.3	3.3	3.4	4.7	5.7	6.2	7.8	7.1	5.9	4.7	4.1	3.1	3.2	2.9	2.4	2.9	3.3	3	3.3	3.9	4	3.3	3.2	3.8	3.9	4.3	3.5	2.8	3.1
	3	0	3	2.7	2.4	2.4	2.2	2.3	2.3	2.2	2.1	2.3	3	3.7	4.9	6.1	7.5	6.3	4.8	4.7	4.5	4.1	3.2	2.6	2.7	3.2	2.7	2.8	3.9	3.4	3.7	4.1	3.6	3.5	3.5	4.1	4.5	3.4	3
	4	0	2.8	2.2	2.1	1.9	2.1	2.3	2.5	2.3	2.3	2.5	3.4	4.2	4.6	5.9	6.8	6.3	5.3	4.6	4.2	3.9	3.1	2.5	3	2.7	3.1	2.9	3.1	3.2	3	2.9	3.3	3	3.2	3.4	4.1	3.3	2.8
	5	0	2.8	2.1	2.3	2.1	2.8	2	2.6	2.5	2.6	2.5	3.2	4.2	4.8	5.7	6.3	5.7	4.7	4.1	3.6	3.3	3.2	2.5	2.4	3	3.2	3	2.9	3.4	3.1	2.7	3.1	3.2	3.1	3.6	4	3.5	2.8
	6	0	2.7	2.1	1.9	1.9	1.6	2	2.2	1.9	1.6	3	3.2	3.7	4.3	5.5	5.9	5.3	4.8	4.2	3.3	3.5	2.6	2.8	2.4	2.7	3	2.7	2.6	3.4	2.9	2.6	2.9	2.8	2.7	3.1	3.6	3.5	2.7
	7	0	3.1	2.2	1.9	1.6	1.6	1.8	2	3.1	1.5	2.3	2.1	3.1	3.7	5.1	5.9	4.8	4.2	3.2	2.9	2.2	2.5	2.2	2.3	2.6	2.8	2.9	2.9	3.1	2.8	2.6	2.9	3.1	2.7	3.1	4	3.9	3.1
	8	0	2.9	2	1.9	1.9	1.6	1.5	1.8	2.7	2.3	2.5	2.7	2.9	4.1	5.8	6.9	5.9	4.8	3.8	3.3	2.9	2.7	2.2	2.5	2.4	2.5	2.5	2.8	3.1	2.8	2.4	2.9	3	3	3.2	4	3.7	2.9
	9	0	2.6	2	2.1	1.8	1.8	1.9	2.1	2.1	1.8	1.7	2.9	3.8	4.6	6.4	6.9	5.7	5.2	4.2	3.9	3.5	3.1	2.4	2.2	2.5	2.5	2.7	2.7	3.1	3	2.8	2.8	2.9	3.2	3.4	3.9	3	2.6
	10	0	2.5	2.5	1.9	2	2.2	2.3	2.2	2.3	1.8	2.5	3.9	4.3	5.2	6.4	7.6	6.6	5.3	4.6	4.4	3.6	3.2	2.8	2.9	3.3	3.1	3.9	3.4	4.3	4.7	3.5	3.7	4.3	3.1	3.3	4.1	3.1	2.5
	11	0	2.4	2.1	2	1.9	1.9	1.9	2.1	2	2.1	2.6	3.2	4.2	5	6.2	7.6	6.8	6.1	4.9	5.1	4.2	3.6	2.4	3.4	2	3	4.4	5	4.2	3.5	4.1	3.9	3.1	3.2	3.5	3.5	3.1	2.4
	12	0	2.9	2.2	2.2	2.3	2.2	2.2	2	2.1	2	2.4	3.2	4.3	5.4	6.6	8.2	7.4	5.9	5.2	5	4.4	3.6	3.1	2.9	2.8	3.5	3.2	3.7	4.7	4.2	4.1	3.1	3.6	4.9	4.2	3.2	3.1	2.9
FREQUENCY BY DIRECTION                                                          																																							
	Month	calm	0	10	20	30	40	50	60	70	80	90	100	110	120	130	140	150	160	170	180	190	200	210	220	230	240	250	260	270	280	290	300	310	320	330	340	350	360
	ALL	30.9	2.11	1.74	1.36	1.26	0.96	0.73	0.67	0.66	0.84	1.33	1.97	3.62	5.67	10.98	19.39	12.01	6.11	3.03	1.72	0.93	0.75	0.56	0.67	0.95	1.36	1.25	1.34	2.06	1.57	1.05	1.26	1.19	1.21	2.06	2.98	2.68	2.11
	1	31.8	2.8	2.7	2.4	3.1	2.6	1.3	2	1.7	2.3	2.8	3.4	5.1	7.4	11.7	19.2	11.1	4.8	2.5	1.9	0.7	0.7	0.2	0.3	0.2	0.5	0.4	0.4	0.6	0.6	0.4	0.3	0.4	0.3	1.1	0.7	1.5	2.8
	2	36.7	1.8	2	1.9	2	1.4	0.9	1	0.8	1.1	2.4	3.3	5.1	8.2	12.6	20.6	12.4	6.1	2.3	1.1	0.9	0.6	0.4	0.4	0.2	0.2	0.4	0.4	0.6	0.6	0.4	0.5	0.7	1.1	1.9	2	1.6	1.8
	3	29	1.3	1.5	1.9	1.7	1.1	1.6	1.7	1.5	1.8	2	2.8	4.4	7.1	12.5	19.3	10.5	6	3.2	1.8	0.7	0.5	0.4	0.4	0.8	1.1	1.2	0.8	1.4	0.7	0.7	0.6	1.2	0.8	1.7	2	1.3	1.3
	4	32.4	1	1	1.1	1	0.8	0.7	0.5	0.5	1.1	1.2	2.2	4.5	6.3	11.2	19.5	12.5	6.6	3.1	2.2	1.2	1	0.6	0.9	1.1	1.8	1.2	1.3	1.6	1.2	1.1	1.1	1.3	1.1	2.1	2.7	1.9	1
	5	29.5	2.4	1.8	1	0.7	0.4	0.5	0.1	0.2	0.4	0.9	1.4	3.1	4.3	8.3	14.7	11.2	6.7	3.1	1.8	1.2	1.1	0.9	1	1.6	1.7	1.9	2.4	3.4	2.5	1.7	1.8	1.7	2	3.1	4.7	4.2	2.4
	6	28.1	2.6	1.9	0.6	0.2	0.2	0.2	0.2	0.2	0.1	0.5	0.8	1.6	3.8	8.9	17.3	12.3	5.8	2.3	1.3	0.7	0.6	0.6	0.7	1.8	3.1	2.7	2.6	4.1	3	1.8	2.4	2.2	1.5	2.9	4.7	3.8	2.6
	7	30.6	3.2	2	0.8	0.4	0.1	0.1	0	0	0	0.2	0.5	0.7	2.2	6.9	16.3	11.8	6.1	2.7	1.5	0.4	0.7	0.7	1.2	1.8	2.8	2.1	2.8	4.7	3.7	2.1	2.5	1.9	1.8	3.3	5.9	5.8	3.2
	8	34.7	3.5	1.7	1.1	0.3	0.2	0	0	0.1	0.1	0.4	0.6	1.4	2.2	7.7	21	12.1	6.8	3.1	1	0.7	0.7	0.9	0.9	1.2	1.7	1.4	1.7	3.1	3	1.4	1.8	1.8	2.2	3.4	5.7	5.1	3.5
	9	33	2.1	1.2	1.1	0.8	0.5	0.3	0.1	0.4	0.3	0.7	1	2.2	5.1	13.9	21.8	13.8	6.9	3.9	2	1.2	0.7	0.7	0.9	0.7	1	1.2	1.1	1.8	1.4	1	1.3	0.9	1	1.6	3	2.5	2.1
	10	26	1.4	1.3	1.1	1.3	1.1	0.9	0.6	0.5	0.4	1.2	2.2	4.4	7.7	13.6	23	12.3	5.9	3.9	2.8	1.5	0.9	0.6	0.6	0.7	0.9	0.8	0.9	1	0.6	0.7	0.9	0.5	1	1	1.1	1	1.4
	11	30.2	1.3	1.6	1.7	1.8	1.2	0.9	1	1.2	1.5	2.3	3.6	7.4	8.6	14.1	20.9	11.8	5.8	2.9	1.8	0.7	0.6	0.3	0.2	0.2	0.5	0.2	0.4	0.4	0.2	0.3	0.7	0.5	0.6	0.8	0.8	1.3	1.3
	12	27.3	1.5	2.2	2.2	2.5	2.4	1.6	1.1	1.3	1.4	2	2.7	4.9	6.8	12.4	20.5	12.6	5.6	3.2	1.7	1.3	0.9	0.3	0.4	0.4	0.4	0.9	0.6	0.9	0.5	0.5	0.6	0.5	0.7	1.1	0.8	0.9	1.5
FREQUENCY OF SPEED                                                              																																							
	Month	0	1	2	3	4	5	6	7	8	9	10	11	12	13	14	15	16	17	18	19	20	21	22	23	24	25												
	ALL	30.9	8.2	12.1	10.6	9.9	8.2	6.2	4.4	3.1	2.1	1.5	0.9	0.7	0.5	0.3	0.2	0.1	0.1	0.1	0	0	0	0	0	0	0												
	1	31.8	11	11.8	7.2	7.7	7.6	5.5	4.5	3.4	2.6	2.6	1.3	0.9	0.7	0.3	0.4	0.1	0.3	0.1	0.1	0	0	0	0	0	0												
	2	36.7	7.5	9.1	7.6	7.5	7.2	6.5	5.6	3.4	2.9	1.9	1.5	1	0.5	0.3	0.3	0.2	0.1	0.1	0.1	0	0	0	0	0	0
	3	29	8.2	12.3	10.9	9.8	7.9	6.2	4.5	3.3	2.8	1.7	1.1	0.9	0.6	0.2	0.2	0.1	0	0	0.1	0	0	0	0	0	0
	4	32.4	7	11.5	10.3	11.3	8.2	6.3	3.9	2.7	2	1.4	1	0.9	0.4	0.3	0.2	0.1	0.1	0.1	0	0	0	0	0	0	0
	5	29.5	7.7	14	13.3	12.1	8.4	5.8	3.4	2.4	1.6	0.8	0.4	0.3	0.2	0.1	0	0	0	0	0	0	0	0	0	0	0
	6	28.1	7.8	15	14.2	11.7	9.3	6.1	3.5	1.9	0.9	0.6	0.4	0.2	0.1	0.1	0.1	0	0	0.1	0	0	0	0	0	0	0
	7	30.6	8.6	15.5	13.9	12	8.6	5	2.7	1.6	0.7	0.3	0.2	0.2	0.1	0	0	0	0	0	0	0	0	0	0	0	0
	8	34.7	7.6	13	11.4	9.2	7.3	5.5	4	2.5	1.6	1.4	0.7	0.4	0.2	0.2	0.1	0	0	0	0	0	0	0	0	0	0
	9	33	8.2	10.7	9.4	9.2	8.2	6.9	4.9	3.2	2.2	1.3	0.8	0.8	0.4	0.4	0.2	0.1	0.1	0	0	0	0	0	0	0	0
	10	26	7.1	10.5	9.5	10.1	9.1	7.5	5.6	4.8	2.9	2.2	1.6	1	0.8	0.6	0.2	0.3	0.2	0	0	0	0	0	0	0	0
	11	30.2	8.4	10	8.8	9	8.3	7.8	5	3.8	2.8	1.5	1.1	0.9	0.6	0.5	0.3	0.2	0.3	0.2	0.1	0	0	0	0	0	0
	12	27.3	9.5	10.7	8.8	8.2	7.9	6.2	5.8	4.4	3.1	2.2	1.7	1.2	1.1	0.8	0.5	0.2	0.3	0.1	0.1	0	0	0	0	0	0
PERCENT OF POWER BY SPEED                                                       																											
	Month	0	1	2	3	4	5	6	7	8	9	10	11	12	13	14	15	16	17	18	19	20	21	22	23	24	25
	ALL	0	0.1	0.8	2.2	4.3	6.8	8.7	9.5	9.7	9.6	9	7.6	7.4	6.1	4.8	4.1	2.5	2.6	1.8	1.3	0.4	0.3	0	0.2	0.1	0
	1	0	0.2	0.6	1.2	2.6	4.9	5.9	7.6	8.2	9.1	12	8.2	7.2	7.5	4	5.9	2	5.7	2.2	2.2	1.3	0.7	0	0.9	0	0
	2	0	0.1	0.5	1.3	2.7	5	7.3	10	8.9	11	9.4	10.1	8.5	6	3.9	5.2	3.4	1.5	2.3	1.6	1.2	0	0	0	0	0
	3	0	0.1	0.8	2.1	4	6.1	8	9.1	9.6	11.7	9.8	8.2	8.3	7.5	3.6	4.6	3.1	0.9	0	1.8	0.6	0	0	0	0	0
	4	0	0.1	0.8	2.2	5.3	7.1	9.3	8.9	9.2	9.6	9.1	8.2	9.5	6	4.6	4	2.1	1.8	2.2	0	0	0	0	0	0	0
	5	0	0.2	1.5	4.4	8.5	11	13.2	11.8	12	11.3	7.9	5.2	5.5	3.4	2.2	1	0	0	0.8	0	0	0	0	0	0	0
	6	0	0.3	1.8	5.1	8.9	13.5	15.2	13.4	10.7	7.1	6.4	5.7	3.5	1.2	1.6	1.7	0.7	0	3.1	0	0	0	0	0	0	0
	7	0	0.4	2.5	6.2	11.8	16.2	15.9	13.2	11.6	7.1	4.7	3.1	3.8	2	0	0.7	0.9	0	0	0	0	0	0	0	0	0
	8	0	0.2	1.2	3.1	5.5	8.3	10.5	11.9	10.9	9.8	12	7.3	6.3	3.8	4.3	3.7	0.5	0.6	0	0	0	0	0	0	0	0
	9	0	0.1	0.7	1.9	4.1	6.9	9.7	10.7	10.3	10.3	8.3	6.6	8.8	5.4	6.3	3	2.7	2	0.6	0.7	0	1	0	0	0	0
	10	0	0.1	0.5	1.3	3.1	5.3	7.3	8.4	10.7	9.3	9.7	8.9	7.1	7.5	6.4	3.4	4.5	2.8	0.9	1	0	0.7	0	0.9	0	0
	11	0	0.1	0.5	1.3	2.9	5	8	7.9	8.7	9	6.4	6.1	6.9	6.1	6.5	4.7	4.1	5.1	5.4	3.5	0.6	0	0	0	1.1	0
	12	0	0.1	0.4	1.1	2.3	4.1	5.4	8	8.7	8.8	8.4	8.4	8	9	7.7	6	2.4	5.2	2.3	2.4	0.6	0.7	0	0	0	0
PREVAILING DIRECTION BY HOUR                                                    																											
	Month	0	1	2	3	4	5	6	7	8	9	10	11	12	13	14	15	16	17	18	19	20	21	22	23	24	
	ALL	140	140	140	140	140	140	140	140	140	140	140	140	140	140	140	140	140	140	140	140	140	140	140	140	140	
	1	150	140	140	140	140	140	140	140	140	140	140	140	140	140	130	140	140	130	140	140	140	140	140	140	150	
	2	140	140	140	140	140	120	140	140	140	140	140	140	140	140	140	140	140	140	140	140	140	130	140	140	140	
	3	140	140	130	140	140	130	140	140	140	140	140	140	140	140	140	140	140	140	140	140	140	140	140	140	140	
	4	140	140	140	140	140	140	150	140	140	140	140	140	140	140	140	140	140	140	140	140	140	140	140	140	140
	5	140	140	140	140	130	140	140	140	140	140	150	140	140	150	140	140	140	140	140	140	140	140	140	140	140
	6	140	140	140	140	140	140	140	140	140	140	140	140	140	140	150	140	140	140	140	140	140	140	140	140	140
	7	130	140	140	140	140	140	140	140	140	140	140	140	140	140	150	140	140	140	140	140	140	140	150	150	130
	8	140	140	140	140	140	140	140	140	140	140	140	140	140	140	140	140	140	140	140	140	140	140	140	140	140
	9	140	140	140	140	140	130	140	140	140	140	140	140	140	140	140	140	150	140	140	140	140	140	140	140	140
	10	140	140	140	140	140	140	140	140	130	140	140	140	140	140	140	140	140	140	140	140	140	140	140	140	140
	11	140	140	140	140	140	130	140	140	140	140	140	140	140	140	140	140	140	140	140	140	140	140	140	140	140
	12	140	140	140	140	140	140	140	140	140	150	140	140	140	140	140	140	140	140	130	140	140	140	140	130	140
SPEED FOR PREVAILING DIRECTION BY HOUR                                          																										
	Month	0	1	2	3	4	5	6	7	8	9	10	11	12	13	14	15	16	17	18	19	20	21	22	23	24
	ALL	7.31	7.23	7.1	7.25	6.87	7.08	7.04	7.02	7.05	7.25	7.61	7.31	7.19	7.43	7.05	7.03	6.86	6.96	7.11	6.56	7.04	7	7.05	7.14	7.31
	1	6.65	6.99	8.54	7.51	6.54	7.42	8.19	8.49	7.36	8.25	8.35	8.25	7.33	8.97	6.07	7.89	6.96	6.57	8.4	7.64	6.79	8.43	7.59	8.1	6.65
	2	8.29	7.39	7.97	8.55	8.16	5.06	7.36	7.29	7.89	7.16	8.5	8.69	6.66	7.58	6.78	6.91	7.45	7.8	8.84	8.05	7.24	6.34	7.47	7.86	8.29
	3	7.6	7.3	5.54	8.04	6.93	6.19	8	7.21	8.04	6.26	7.13	7.36	8.64	7.23	7.81	6.87	7.11	6.74	7.82	7.48	8.44	7.88	8.53	6.88	7.6
	4	6.58	8.16	7.15	5.78	6.83	6.25	5.87	6.53	6.56	7.52	8.18	6.84	7.3	7.83	6.71	6.22	6.58	6.33	5.99	5.79	7.39	6.52	6.42	5.89	6.58
	5	5.48	6.25	6.35	5.82	4.35	5.36	5.33	6.2	6.07	6.95	5.8	6.8	7.17	6.21	6.1	7.24	6.81	6.3	6.11	5.49	5.97	6.4	6.33	6.46	5.48
	6	5.87	6.36	6.14	6.2	5.41	6.56	6.22	5.54	6.01	6.32	6.14	6.04	6.63	6.45	5.93	5.47	5.83	5.71	5.2	5.68	5.22	5.47	5.48	6.15	5.87
	7	4.7	5.07	5.37	5.21	5.4	4.92	6.41	6.03	5.82	6.33	6.26	6.72	6.59	6.54	5.11	6.21	6.7	5.89	5.78	5.03	5.39	5.55	4.47	4.48	4.7
	8	7.8	7.55	6.94	7.1	7.31	6.35	6.36	7.16	6.24	6.47	7.14	6.4	6.95	6.92	7.36	7.68	6.93	6.55	7.41	5.65	6.5	6.44	6.54	7.53	7.8
	9	7.1	7.19	5.94	7.05	6.49	7.55	6.71	5.9	6.81	7.12	7.77	7.86	7.17	7.47	7.13	7.25	5.65	7.54	7.13	6.4	6.88	6.35	5.72	6.92	7.1
	10	8.5	7.83	7.92	8.15	7.02	7.53	7.5	8.16	6.08	8.14	7.81	7.25	7.67	6.62	7.08	7.5	7.03	6.98	7.8	7.43	7.59	8.02	7.84	8.05	8.5
	11	7.63	7.67	6.48	8.61	7.86	5.89	7.46	7.4	7.91	8.46	8.46	8.04	7.14	7.82	6.66	7.6	6.66	7.33	7.82	6.76	8.06	6.84	8.63	7.24	7.63
	12	8.34	8.3	8.23	8.6	7.85	9.66	8.3	7.92	8.33	7.98	8.64	7.44	7.36	8.96	8.7	8.82	7.91	8.27	6.85	7.38	7.97	7.02	7.51	6.71	8.34
