ILIAMNA ARPT (AMOS) AK - 703400                                                 														
 59 deg    45' N  154 deg    55' W - Elev   49m   LST=GMT+99 hours   *NT=-10    														
 01/73-09/02                                                                    						Adjusted to Alaska Timezone (GMT-9)								
SPEED BY YEAR                                                                   														
	Year	ALL	JAN	FEB	MAR	APR	MAY	JUN	JUL	AUG	SEP	OCT	NOV	DEC
	ALL	4.61	5.1	4.91	4.52	4.41	4.35	4.29	3.93	4.15	4.61	4.83	5.11	5.18
	1973	5.28	4.81	4.54	3.93	5.98	5.89	4.57	5.48	4.54	5.73	6.17	5.82	5.75
	1974	5.23	5.93	5.15	5.77	5.09	4.78	5.53	4.95	4.99	4.91	5.56	5.54	4.83
	1975	5.08	6.21	5.48	5.04	5.45	5.62	5.47	4.44	4.01	4.83	5.52	5.27	4.63
	1976	4.39	4.38	5.06	4.61	4.06	3.83	3.75	3.82	3.91	5.04	4.61	4.96	4.74
	1977	4.55	6.12	4.6	4.39	4.45	4.26	4.09	4.42	4.07	3.95	4.49	5.19	4.4
	1978	4.75	5.33	5.74	3.67	4.28	3.83	4.44	4.06	3.89	4.24	5.12	6.09	6.6
	1979	4.48	5.79	3.74	4.33	4.27	4.78	4.1	3.61	4.22	4.24	5.21	4.79	4.76
	1980	4.49	4.74	4.38	4.16	-1	-1	-1	-1	-1	-1	-1	-1	-1
	1981	4.07	-1	-1	-1	-1	-1	-1	3.74	3.97	3.48	4.69	4.42	4.13
	1982	4.32	4.56	4.38	4.41	4.25	3.88	4.65	3.72	3.23	4.58	5.12	4.83	5.12
	1983	4.21	4.61	3.66	3.37	4.07	4.3	4.06	3.93	3.66	4.5	4.29	5.12	4.86
	1984	3.96	4.65	3.58	3.66	4.14	3.64	3.37	3.31	4.14	3.94	4.18	4.28	4.58
	1985	4.57	5.27	4.34	5.12	4.06	3.91	3.92	3.33	4.02	4.74	4.83	5.71	6.06
	1986	4.59	4.24	5.08	3.7	4.26	3.98	5.12	4.33	4.81	4.22	4.34	5.27	5.86
	1987	4.63	5.46	5.71	4.98	4.51	4.27	4.78	3.88	3.66	4.94	4.74	4.4	4.41
	1988	4.65	5.1	6.08	4.67	5.14	4.27	3.71	3.18	4.54	4.31	4.31	4.66	5.83
	1989	4.84	5.62	5.36	4.01	4.3	4.7	4.76	4.03	4.41	4.99	5.61	5.14	5.12
	1990	4.68	4.81	4.4	4.52	3.94	4.91	4.29	4.12	4.18	5.27	5.1	5.68	5.84
	1991	4.84	4.83	4.86	4	4.85	5.09	5	3.56	4.4	6	5.45	5.21	4.93
	1992	4.58	5.17	3.75	5.05	4.35	4.28	4.83	3.62	4.83	5.16	4.57	4.69	4.6
	1993	4.66	4.26	5.27	4.77	4.49	4.43	4.49	3.8	4.4	5.4	4.41	5.2	5.02
	1994	4.82	4.27	5.25	6.25	4.02	4.52	4.08	4.46	4.02	4.53	5.41	5.68	5.82
	1995	4.53	4.69	4.9	4.42	3.99	4.82	4.01	4.06	4.26	4.42	4.52	4.84	5.3
	1996	4.6	4.56	5.35	3.44	4.15	4.23	4.58	4.94	4.09	4.56	5.04	5.47	5.3
	1997	4.96	5.66	5.54	4.52	5.47	4.64	3.97	4.06	4.67	5.03	5.39	5.87	4.84
	1998	4.8	4.92	3.83	5.69	4.98	5.76	4.95	3.73	4.42	4.55	4.45	5.08	5.16
	1999	4.45	5.27	4.37	4.09	5.26	4.45	3.91	3.84	4.18	4.7	4.19	4.83	4.39
	2000	4.85	4.36	5.36	5.44	3.84	4.17	4.05	3.76	4.96	4.56	4.41	5.74	7.37
	2001	4.79	5.98	5.43	4.89	4.75	4.2	4.13	4.22	4.16	4.22	5.48	4.7	5.01
	2002	4.35	6.19	6.13	4.36	3.96	3.15	3.76	4.18	3.1	3.7	-1	-1	-1
POWER BY YEAR                                                                   														
	Year	ALL	JAN	FEB	MAR	APR	MAY	JUN	JUL	AUG	SEP	OCT	NOV	DEC
	ALL	148	199	205	152	133	114	106	82	101	140	154	190	207
	1973	191	176	167	164	249	217	112	182	101	218	204	278	220
	1974	189	338	194	309	174	113	172	119	158	132	218	196	161
	1975	190	269	246	284	228	245	197	111	88	156	194	183	161
	1976	134	126	199	187	124	75	78	92	95	168	125	177	156
	1977	139	305	129	140	144	96	88	103	95	86	151	204	111
	1978	173	187	245	87	108	86	122	98	94	116	227	300	421
	1979	143	314	75	122	134	133	88	74	113	139	193	208	139
	1980	248	285	270	128	-1	-1	-1	-1	-1	-1	-1	-1	-1
	1981	108	-1	-1	-1	-1	-1	-1	75	107	51	156	147	115
	1982	138	132	156	158	114	116	162	77	50	168	179	226	189
	1983	129	157	79	50	133	99	83	98	63	170	108	292	199
	1984	99	143	85	73	101	68	54	54	93	103	121	120	166
	1985	160	259	134	182	115	101	78	53	115	182	151	298	300
	1986	134	87	275	72	120	80	157	94	110	113	107	188	230
	1987	145	197	251	162	99	103	147	73	69	165	188	134	170
	1988	141	162	279	168	185	104	63	44	107	108	94	112	268
	1989	148	204	218	121	108	132	112	82	97	151	238	141	161
	1990	130	128	109	146	107	122	85	80	99	156	134	194	254
	1991	152	195	168	105	161	165	146	54	99	226	204	168	151
	1992	128	161	79	192	92	81	156	72	146	148	107	139	151
	1993	148	122	228	159	118	129	104	77	147	192	109	205	191
	1994	166	110	162	293	97	111	87	117	87	160	175	267	350
	1995	130	166	165	144	102	146	77	80	92	123	158	128	167
	1996	123	117	257	80	81	98	110	142	78	100	122	167	154
	1997	156	206	219	108	156	100	71	77	147	153	143	266	208
	1998	167	189	92	247	185	289	148	64	116	148	130	178	199
	1999	139	215	215	128	244	116	83	69	135	159	82	151	111
	2000	186	164	299	227	100	90	112	85	147	127	121	259	483
	2001	159	295	296	172	185	82	77	82	83	96	238	122	150
	2002	156	324	419	131	108	48	98	84	38	39	-1	-1	-1
NUMBER OF SPEED OBSERVATIONS BY YEAR                                            														
	Year	ALL	JAN	FEB	MAR	APR	MAY	JUN	JUL	AUG	SEP	OCT	NOV	DEC
	ALL	200452	17034	15578	17360	16603	17243	16393	17676	17437	16207	16487	15516	16918
	1973	1558	119	121	126	105	101	105	146	152	131	151	150	151
	1974	2034	152	127	144	133	119	133	132	180	190	220	196	308
	1975	3702	242	246	268	281	287	248	276	340	329	274	307	604
	1976	7905	690	619	691	684	724	649	687	507	665	711	625	653
	1977	7893	700	610	679	684	672	577	676	697	623	633	663	679
	1978	8328	706	630	712	674	723	682	711	716	699	721	647	707
	1979	8163	681	617	738	684	721	711	706	743	714	736	505	607
	1980	1779	744	684	351	0	0	0	0	0	0	0	0	0
	1981	4367	0	0	0	0	0	0	737	723	717	740	715	735
	1982	7456	644	591	747	716	738	700	725	707	509	461	453	465
	1983	5819	480	433	481	463	472	462	472	513	570	501	508	464
	1984	7273	552	454	678	608	600	655	596	541	636	650	652	651
	1985	7361	697	541	675	649	652	611	671	626	620	625	481	513
	1986	7125	507	440	582	629	672	611	587	527	653	657	657	603
	1987	7885	663	602	701	589	690	682	714	671	614	673	621	665
	1988	7909	692	659	712	615	679	681	689	671	597	620	625	669
	1989	7606	677	588	644	643	653	585	643	679	668	710	509	607
	1990	6823	575	562	663	623	611	602	662	661	565	461	342	496
	1991	7528	521	489	648	652	654	588	682	707	662	617	668	640
	1992	6909	647	525	606	595	563	594	581	599	418	608	553	620
	1993	7169	505	581	584	527	685	611	678	663	564	506	625	640
	1994	7538	624	387	541	684	665	632	680	682	652	703	613	675
	1995	6807	564	597	545	581	660	625	508	433	620	574	508	592
	1996	5943	475	458	576	512	617	569	470	478	458	437	438	455
	1997	5446	399	405	362	402	455	448	446	469	467	474	459	660
	1998	7574	623	678	694	699	708	665	681	542	553	602	577	552
	1999	8742	661	522	721	721	732	708	762	737	724	793	820	841
	2000	9779	828	780	844	814	826	800	750	823	818	831	824	841
	2001	9390	836	800	819	809	711	704	774	791	748	798	775	825
	2002	6641	830	832	828	827	853	755	834	859	23	0	0	0
NUMBER OF SPEED OBSERVATIONS BY HOUR                                            														
	Hour	ALL	JAN	FEB	MAR	APR	MAY	JUN	JUL	AUG	SEP	OCT	NOV	DEC
	0	6423	541	489	587	551	593	533	562	546	520	503	449	549
	1	6373	540	484	579	553	580	544	566	538	520	494	442	533
	2	5997	511	467	550	521	564	508	540	491	458	465	421	501
	3	7561	648	580	694	669	680	647	677	647	591	564	537	627
	4	6576	536	473	578	571	605	563	622	592	546	519	435	536
	5	7442	544	493	584	628	703	674	744	745	653	644	484	546
	6	8246	655	600	679	657	727	686	776	760	702	709	623	672
	7	8683	690	633	717	727	757	710	777	780	741	767	665	719
	8	8947	746	712	776	732	754	738	796	776	710	761	697	749
	9	10470	906	855	920	866	866	833	902	922	856	858	831	855
	10	9489	826	747	813	773	792	755	811	834	749	802	778	809
	11	9504	828	764	811	774	790	738	806	825	774	800	782	812
	12	9523	836	751	819	777	789	766	817	824	771	804	769	800
	13	9550	817	772	809	791	794	747	836	822	758	811	782	811
	14	9185	796	744	769	756	763	733	790	785	732	792	749	776
	15	10501	937	842	905	862	869	846	911	911	842	845	855	876
	16	9011	792	718	762	716	742	719	756	755	727	759	767	798
	17	8784	740	688	754	709	754	709	741	766	723	753	700	747
	18	8729	727	673	751	706	733	712	756	777	719	741	691	743
	19	8686	730	649	744	706	751	712	764	761	717	725	682	745
	20	8219	689	643	695	665	702	685	735	705	668	667	652	713
	21	9079	803	741	844	746	755	741	804	755	681	682	734	793
	22	6955	641	566	639	589	592	550	592	565	525	513	540	643
	23	6519	555	494	581	558	588	544	595	555	524	509	451	565

SPEED BY HOUR                                                                   														
	Hour	ALL	JAN	FEB	MAR	APR	MAY	JUN	JUL	AUG	SEP	OCT	NOV	DEC
	0	3.99	4.94	4.62	4.23	3.68	3.26	3.32	3.05	3.39	4.01	4.31	4.77	4.62
	1	3.99	4.84	4.67	4.34	3.62	3.26	3.15	3.08	3.43	4.02	4.39	4.77	4.67
	2	3.98	4.81	4.68	4.32	3.67	3.18	3.09	3.01	3.26	4.07	4.3	4.82	4.86
	3	4.02	4.93	4.82	4.34	3.73	3.28	3.02	2.98	3.29	4.02	4.44	4.9	4.93
	4	3.94	4.83	4.81	4.33	3.76	3.24	2.93	2.84	3.29	3.98	4.36	4.77	4.84
	5	4.01	4.84	4.8	4.18	3.73	3.42	3.19	3.05	3.44	4.3	4.53	4.85	4.83
	6	4.17	4.97	4.8	4.39	3.77	3.48	3.32	3.17	3.44	4.33	4.56	5.12	5.13
	7	4.29	4.98	4.92	4.37	4.02	3.65	3.58	3.31	3.54	4.43	4.65	5.24	5.13
	8	4.48	5.14	4.99	4.59	4.05	3.98	3.92	3.49	3.75	4.53	4.82	5.23	5.38
	9	4.6	5.19	5.1	4.63	4.39	4.23	4.15	3.76	3.87	4.59	4.81	5.14	5.41
	10	4.81	5.32	5.14	4.74	4.6	4.67	4.48	4.01	4.18	4.79	5.05	5.33	5.47
	11	5	5.34	5.26	4.84	4.88	5	4.81	4.35	4.53	4.96	5.21	5.34	5.47
	12	5.15	5.27	5.34	4.95	5.12	5.3	5.07	4.6	4.79	5.21	5.32	5.31	5.53
	13	5.23	5.27	5.23	4.86	5.26	5.54	5.33	4.85	4.95	5.33	5.39	5.32	5.47
	14	5.31	5.26	5.25	5.07	5.32	5.59	5.43	4.94	5.2	5.5	5.38	5.31	5.49
	15	5.33	5.32	5.14	4.99	5.44	5.59	5.59	5.04	5.28	5.47	5.41	5.33	5.4
	16	5.18	5.23	4.88	4.77	5.35	5.44	5.53	4.88	5.19	5.36	5.15	5.1	5.27
	17	5.08	5.09	4.8	4.59	5.19	5.47	5.5	4.92	5.05	5.05	5.01	4.96	5.27
	18	4.89	5.06	4.49	4.42	4.9	5.17	5.27	4.79	4.88	4.8	4.8	5.01	5.1
	19	4.69	4.92	4.7	4.17	4.46	4.83	4.98	4.54	4.5	4.43	4.67	4.98	5.18
	20	4.49	5.04	4.69	4.08	4.03	4.38	4.57	4.11	4.11	4.17	4.64	5.12	5.02
	21	4.3	5.13	4.79	4.24	3.87	3.75	3.9	3.54	3.69	3.97	4.44	5.09	5.2
	22	4.14	5.03	4.54	4.17	3.83	3.39	3.5	3.19	3.46	3.93	4.53	5.04	4.95
	23	4	4.95	4.49	4.16	3.71	3.28	3.29	3.11	3.38	3.93	4.44	4.83	4.78

POWER BY HOUR                                                                   														
	Hour	ALL	JAN	FEB	MAR	APR	MAY	JUN	JUL	AUG	SEP	OCT	NOV	DEC
	0	122	191	189	139	102	68	71	54	73	116	136	181	170
	1	120	183	187	145	94	74	61	58	74	112	134	167	174
	2	119	178	186	146	104	62	61	56	67	117	134	162	177
	3	124	187	215	141	107	74	62	52	71	112	139	166	183
	4	114	175	198	133	100	65	53	45	66	109	126	163	181
	5	115	179	208	129	95	76	64	50	67	120	131	166	177
	6	126	181	188	134	99	78	71	65	69	131	129	196	205
	7	132	181	218	140	113	82	77	59	72	132	131	204	209
	8	138	187	191	151	103	101	88	67	79	136	139	189	234
	9	147	193	215	150	131	110	109	71	85	141	145	191	229
	10	157	213	212	164	145	127	105	80	102	149	158	201	228
	11	168	223	234	167	157	141	121	90	124	147	172	204	227
	12	175	206	223	175	175	159	131	102	132	181	180	201	238
	13	176	211	222	170	171	172	150	115	136	169	189	191	223
	14	183	204	227	206	171	168	153	116	150	186	182	206	233
	15	184	224	227	185	185	166	163	120	152	174	181	201	227
	16	172	215	202	158	176	156	154	112	146	171	174	188	205
	17	169	205	202	152	159	163	155	125	134	155	167	190	220
	18	156	203	169	143	148	138	142	119	127	144	158	194	197																									
	19	147	189	189	135	127	129	127	99	113	136	149	178	202																									
	20	139	194	194	127	107	101	110	80	90	123	159	202	194																									
	21	137	211	212	137	117	87	87	63	78	110	142	197	202																									
	22	132	206	181	133	125	72	76	58	70	110	157	197	188																									
	23	122	195	180	137	102	73	66	56	67	109	148	172	175																									

SPEED BY DIRECTION                                                              																																							
	Month	calm	0	10	20	30	40	50	60	70	80	90	100	110	120	130	140	150	160	170	180	190	200	210	220	230	240	250	260	270	280	290	300	310	320	330	340	350	360
	ALL	0	4.38	4.41	3.73	3.02	2.72	2.67	3.17	4.64	6.44	7.38	7.18	6.16	4.99	4.09	3.95	3.78	3.62	3.45	3.35	3.27	3.55	3.98	4.45	4.42	4.28	4.14	3.83	3.39	3.51	3.83	4.06	4.3	4.66	4.45	4.11	4.1	4.38
	1	0	4.8	4.8	4.1	3.5	3.2	3	4.1	5.3	7.5	8.1	8.3	7.4	6.5	4.6	4.1	3.9	3.9	2.8	2.7	3.1	4	4.3	4.4	4.5	3.7	3.8	3.5	3.2	3.5	3.8	3.8	4.2	4.1	4	4	4.4	4.8
	2	0	4.5	4.5	4	3.3	2.9	3.1	3.6	5.5	7.7	8.7	8.4	7.4	6.2	4	4.4	4.1	3	3	2.6	3	3.8	3.6	4.2	4.3	4	3.8	3.7	3.2	3.3	3.6	4	4.2	4.3	4.2	4.3	4.2	4.5
	3	0	4.3	4.3	3.8	3	2.7	2.6	2.9	4.9	6.7	7.4	7	6	4.6	3.5	3.7	3.7	3.3	3	2.8	3.6	2.8	3.9	4.4	4	4.1	4	4	3.4	3.5	4	4	4.4	4.5	4.6	3.8	4	4.3
	4	0	3.9	3.9	3.4	2.9	2.5	2.6	2.7	3.9	5.9	7.1	6.8	5.9	4.6	3.6	3.5	3.3	3.6	3.2	3.2	3	3.3	3.2	4	4.3	4.2	4.1	3.6	3.6	3.7	4	4.3	4.7	5.4	4.7	4.4	3.8	3.9
	5	0	3.3	3	2.8	2.4	2.5	2.4	2.6	3.8	5.2	6.5	6.6	5.6	4.7	4	3.9	3.9	3.9	3.7	3.6	3.4	3.7	3.9	4.7	4.5	4.3	4.4	3.8	3.5	3.3	3.6	4.2	4.5	4.4	4.2	3.6	3.5	3.3
	6	0	3.3	3	2.4	2	2.3	2	2.8	3.4	4.8	6.3	6.2	5.5	4.6	4.2	4.2	4.1	3.8	3.8	3.7	3.3	3.6	4.1	4.5	4.6	4.7	4.7	4.2	3	2.9	3.3	3.3	3.7	4.2	3.7	3.7	3.3	3.3
	7	0	3	3	2.6	2	2.1	2.1	2.1	3.4	4.1	5.6	5.7	5	4.3	3.9	3.8	3.6	3.5	3.4	3.2	3	3.1	3.7	4.1	4.3	4.6	4.4	4.1	3.2	3.1	3.4	3.8	4.1	4.1	4.1	3.5	3.1	3
	8	0	3.2	3	2.7	2.5	2.1	2.2	2.4	3.5	5	6.2	6.4	5.5	4.7	3.8	3.5	3.4	3.4	3.2	3.2	3.4	3.6	4.1	4.4	4.5	4.2	4.1	3.9	3.3	3.4	3.8	4.1	4.1	4.5	4.7	4.1	3.1	3.2
	9	0	3.6	3.6	3.1	2.7	2.5	2.5	3.2	4.6	6	7.1	7.1	6.8	5.7	4.3	4	3.5	3.2	3.3	3.4	3.6	3.9	4.1	4.5	4.4	4.1	3.8	3.7	3.4	3.7	4	4.1	4.3	4.9	4.8	3.9	4	3.6
	10	0	4.4	4.5	3.9	3.2	2.8	2.7	3.5	4.7	6.6	7.9	7.9	6.5	6	4.8	4.4	3.9	4.3	3.5	3.6	3.3	4.2	4.7	5	4	4.1	3.6	3.6	3.5	3.7	3.9	4.2	4.6	5.3	5.1	4.6	4.2	4.4
	11	0	4.6	4.8	4.2	3.4	3.1	3	3.9	5.8	7.7	8.6	8.8	8	6.9	5.5	5	4.2	3.9	3.4	4	3.2	4	4.5	4.9	4.9	3.9	3.9	3.7	3.6	3.8	4	4.2	4.4	4.7	4.4	4.2	4.3	4.6
	12	0	4.9	4.9	4.2	3.4	3.2	3.3	4.1	5.8	7.7	8.6	8.8	8.1	6.2	5.1	4.8	4.1	3.6	3.2	3.7	3.2	3.7	4.6	4.7	4.7	4.3	4.1	3.9	3.7	3.7	4.1	4	3.7	4.1	3.8	4	4.4	4.9
FREQUENCY BY DIRECTION                                                          																																							
	Month	calm	0	10	20	30	40	50	60	70	80	90	100	110	120	130	140	150	160	170	180	190	200	210	220	230	240	250	260	270	280	290	300	310	320	330	340	350	360
	ALL	5.32	6.65	5.75	3.11	1.67	1.4	1.21	1.36	1.85	4.19	8.43	8.38	4.66	3.06	1.89	1.77	1.43	1.41	1.32	1.25	0.95	1.04	1.23	1.78	2.24	2.92	2.97	2.5	1.88	1.86	2.26	2.69	2.36	2.61	2.65	3.21	4.06	6.65
	1	4.1	12	9.9	4.8	2.4	1.7	1.4	1.5	2.5	6	8.9	8.2	3.6	1.6	0.8	0.5	0.3	0.3	0.3	0.3	0.3	0.4	0.6	0.8	1.1	1.7	1.9	1.9	1.6	1.5	1.6	2	1.8	2.3	2.7	4.3	6.6	12
	2	6.4	10.8	9.6	4.9	2.6	1.9	1.6	1.5	2.2	5.4	9.7	7.3	3	1.8	0.8	0.8	0.6	0.5	0.4	0.4	0.4	0.6	0.6	0.8	1.4	1.9	1.9	2	1.4	1.5	1.9	2.5	2.3	2.4	2.9	4.4	5.5	10.8
	3	6	7.8	7.3	4.4	2.4	2.1	1.7	1.8	2.6	6.2	9.2	7.7	3.6	2.1	1.2	1	0.9	0.9	0.8	0.8	0.8	0.7	0.9	1.6	1.9	2.8	2.5	2.2	1.7	1.6	2.3	3	2.1	2.2	2.2	2.8	4.3	7.8
	4	6.7	4	4.2	2.7	2.1	1.6	1.6	1.7	2	4.9	9.1	8.9	5.6	3.2	1.9	1.5	1.1	1.3	1.5	1.5	1.2	1.2	1.3	1.8	2.4	2.7	2.9	2.4	2	2.2	2.8	3.2	2.5	2.9	2.8	2.7	2.6	4
	5	5.8	2.3	1.9	1.5	1	1.1	1.1	1.6	1.7	3.6	7.7	10.5	7.7	5.2	3.2	3	2.7	2.9	2.7	2.4	1.7	1.5	1.7	2.3	2.5	3	3.1	2.4	1.7	1.8	2.3	2.2	2.2	2.2	2	2	1.9	2.3
	6	6.8	1.3	1.1	1	0.7	0.8	0.9	1.3	1.7	3.1	8.8	10.1	7.6	6	4.4	4.3	3.4	3.4	3.1	2.7	1.8	1.8	2	2.8	3.4	4.3	4.2	3	1.5	1.3	1.2	1.2	1.2	1.1	1.2	1.3	1.1	1.3
	7	7.3	1.4	1.1	0.9	0.8	0.9	0.8	0.9	1.3	2.6	6.7	9.3	6	5.4	3.7	4.1	3.3	3.4	3.1	2.9	2	2	2.1	3.3	4.5	5.7	5.5	3.4	2.1	1.5	1.6	1.7	1.2	1.3	1.2	1.1	1.2	1.4
	8	6.1	2.4	1.9	1.4	1.1	1.1	1	1.3	1.3	3.2	7.6	9	5.6	4.3	2.6	2.4	2	1.9	1.9	1.7	1.4	1.9	1.9	3.1	3.9	4.9	4.7	3.7	2.5	2.1	2.3	2.6	2.5	2.4	2.3	2.1	2	2.4
	9	4.7	4.6	3.7	2.7	1.4	1.3	1.4	1.5	2.1	4.2	9.6	8.9	4.9	3	1.7	1.2	1.2	1.1	0.9	1	0.8	1.2	1.6	2.1	2.5	3.1	3.1	2.7	2.2	2.2	2.3	2.9	3.1	3.6	3	3.5	3.6	4.6
	10	3.3	9.4	8.7	4.6	1.9	1.5	1	1	1.4	3	7.4	6.5	2.6	1.5	0.7	0.8	0.5	0.4	0.4	0.4	0.3	0.5	0.8	1.1	1.1	1.5	1.9	1.9	1.9	2.3	3.3	4.6	4.4	4.8	4.9	5.1	6	9.4
	11	3	13.3	11.2	4.5	2.1	1.4	1	1.1	1.6	3.4	8	6.5	2.6	1.1	0.7	0.7	0.5	0.4	0.2	0.3	0.3	0.4	0.5	0.7	0.9	1.2	1.6	1.7	1.8	2	2.7	3.5	2.8	3.4	3.6	4.7	7.7	13.3
	12	3.6	11.3	9.2	4.2	1.8	1.4	1.1	1.2	1.9	4.9	8.6	7.4	3.1	1.3	0.9	0.8	0.6	0.3	0.4	0.4	0.3	0.3	0.7	0.7	1.1	1.8	2	2.4	2.2	2.3	2.8	3	2.4	2.7	3.3	4.6	6.6	11.3
FREQUENCY OF SPEED                                                              																																							
	Month	0	1	2	3	4	5	6	7	8	9	10	11	12	13	14	15	16	17	18	19	20	21	22	23	24	25												
	ALL	5.3	8.6	15.6	15.4	14.4	12.3	9.2	7.5	3.8	2.8	2.1	1.2	0.9	0.4	0.3	0.2	0.1	0	0	0	0	0	0	0	0	0												
	1	4.1	6.5	13.7	15.1	14.2	12.6	9.9	8	4.7	3.4	2.7	1.8	1.2	0.7	0.6	0.3	0.2	0.1	0.1	0	0	0	0	0	0	0												
	2	6.4	8.1	15.6	14.2	13.2	10.6	8.3	7	4.2	3.4	3	2	1.6	0.8	0.5	0.4	0.2	0.2	0.1	0	0	0	0	0	0	0												
	3	6	9.1	16.9	15.9	13.6	11.5	8.1	6.6	3.9	2.8	2	1.4	0.9	0.5	0.3	0.1	0.1	0	0	0	0	0	0	0	0	0												
	4	6.7	9.6	16.9	14.9	13.2	11.3	8.5	7.4	3.9	3	2.1	1.1	0.7	0.3	0.2	0.1	0	0	0	0	0	0	0	0	0	0												
	5	5.8	9.5	16	15.2	14.8	13	9.5	7.4	3.4	2.3	1.6	0.6	0.5	0.2	0.1	0	0	0	0	0	0	0	0	0	0	0												
	6	6.8	9.6	15.2	15	14.6	12.7	10.1	8.1	3.5	2.3	1.3	0.5	0.3	0.1	0	0	0	0	0	0	0	0	0	0	0	0												
	7	7.3	11.6	17	16.1	15.2	12	9.4	6.2	2.7	1.5	0.8	0.2	0.1	0	0	0	0	0	0	0	0	0	0	0	0	0												
	8	6.1	10.7	17.3	15.8	14.6	12.4	8.9	6.9	2.9	1.8	1.2	0.7	0.4	0.1	0.1	0	0	0	0	0	0	0	0	0	0	0												
	9	4.7	8.7	16.5	15.3	13.4	12.2	9.2	8	3.9	2.9	2.3	1.2	1	0.3	0.1	0.1	0	0	0	0	0	0	0	0	0	0
	10	3.3	6.5	15.2	16.1	15.5	13.1	9.9	8.1	4	2.9	2.1	1.1	0.8	0.5	0.4	0.3	0.1	0	0	0	0	0	0	0	0	0
	11	3	5.9	13.4	15.8	16.1	13.2	9.2	8.2	4.1	3.3	2.7	1.7	1.4	0.7	0.6	0.4	0.2	0.1	0.1	0	0	0	0	0	0	0
	12	3.6	6.5	13.2	15.3	14.7	12.4	9.5	7.8	4.5	3.6	3.2	1.9	1.6	0.9	0.6	0.3	0.2	0.1	0.1	0	0	0	0	0	0	0
PERCENT OF POWER BY SPEED                                                       																											
	Month	0	1	2	3	4	5	6	7	8	9	10	11	12	13	14	15	16	17	18	19	20	21	22	23	24	25
	ALL	0	0.1	0.9	2.5	5	7.9	10.2	13.3	9.7	9.9	10	7.6	7.3	4.5	3.7	2.6	1.5	0.9	0.9	0.5	0.2	0.2	0.2	0.1	0.1	0.2
	1	0	0.1	0.6	1.9	3.8	6.3	8.4	10.9	9	9.2	9.8	8.6	7.9	5.6	5.7	4	2.7	1.7	1.7	0.5	0.3	0.4	0.6	0.2	0	0.3
	2	0	0.1	0.7	1.7	3.4	5.1	6.8	9.2	7.9	9.1	10.9	9.6	9.8	6.3	5.1	4.1	2.2	2.7	2.1	0.9	0.8	0.8	0.5	0.2	0	0
	3	0	0.1	1	2.5	4.7	7.4	8.9	11.6	9.8	10	9.6	9.1	7.5	5.3	3.9	2.4	1.7	1	0.9	1	0.2	0.5	0	0	0.3	0.4
	4	0	0.1	1.1	2.7	5.1	8.2	10.6	14.7	11.3	12.1	11.3	7.8	6.4	3.3	2.8	1.3	0.1	0.4	0	0.2	0	0	0	0	0	0.5
	5	0	0.1	1.2	3.1	6.5	10.7	13.4	17	11.3	10.4	9.9	5.1	5.2	2.9	1.7	0.7	0.3	0	0	0.2	0	0	0	0	0	0
	6	0	0.1	1.2	3.3	6.8	11.1	15.1	19.6	12	11.2	8.6	4.5	3.2	1.5	0.4	0.4	0.3	0	0	0	0	0	0	0	0	0.6
	7	0	0.2	1.7	4.5	9.2	13.4	18.1	19.3	12.1	9.2	6.5	2.4	1	0.1	0.1	0	0.2	0	0	0	0	0	0	0.5	0	1.4
	8	0	0.2	1.4	3.6	7.1	11.3	13.9	17.4	10.6	9.2	8.2	6.2	5	1.9	1.3	0.8	0.2	0.3	0.4	0	0.3	0	0	0.4	0.5	0
	9	0	0.1	1	2.5	4.7	8	10.4	14.7	10.3	10.6	11.6	8.1	8.6	3.2	1.6	1.1	0.7	0.1	0.8	0.8	0.2	0	0	0.3	0	0.4
	10	0	0.1	0.8	2.5	5.2	8	10.4	13.6	9.8	10	9.4	6.5	6.8	4.9	5	3.9	1.5	0.4	0.9	0.3	0	0	0	0	0	0
	11	0	0.1	0.6	2	4.4	6.8	8	11.4	8.3	9.2	10.3	8.8	9.2	6	5.7	4.4	2.5	0.9	1	0.3	0	0	0	0	0	0
	12	0	0.1	0.5	1.8	3.8	6	7.7	10.1	8.4	9.3	11	8.9	9.7	6.9	5.4	3.6	2.6	0.8	1.5	0.7	0.6	0.2	0.4	0	0	0
PREVAILING DIRECTION BY HOUR                                                    																											
	Month	0	1	2	3	4	5	6	7	8	9	10	11	12	13	14	15	16	17	18	19	20	21	22	23		
	ALL	90	90	90	90	90	360	360	360	360	100	100	100	100	100	100	100	100	100	100	100	100	90	90	90		
	1	360	360	90	360	90	90	360	360	360	360	360	360	10	10	360	360	360	360	10	360	360	360	360	360		
	2	360	360	360	90	360	90	360	360	360	360	360	360	360	10	10	90	90	100	10	90	90	90	90	360		
	3	90	80	360	360	90	360	360	360	360	360	360	10	100	100	100	90	90	90	90	90	90	90	90	90		
	4	90	90	90	90	90	360	90	10	10	100	100	90	100	110	100	100	110	100	100	100	90	90	90	90		
	5	90	100	90	360	90	90	100	100	90	100	100	100	100	100	100	100	100	100	100	100	100	90	100	100		
	6	100	90	100	90	90	90	100	90	90	100	100	100	110	100	100	100	110	110	110	100	100	100	100	90		
	7	90	250	100	100	250	250	250	250	100	100	100	100	100	100	100	100	100	100	100	100	100	100	100	100		
	8	100	100	90	250	90	100	100	90	100	100	100	100	100	100	100	100	90	100	100	100	100	100	100	100		
	9	90	90	90	90	90	360	90	90	90	100	100	90	90	100	90	90	90	100	90	100	100	90	100	90		
	10	360	360	10	360	10	360	10	360	10	10	10	10	10	360	90	360	90	90	90	100	320	90	100	360		
	11	10	360	360	360	360	360	10	360	360	360	10	360	10	360	10	360	360	360	360	360	360	360	360	360
	12	360	360	360	360	360	360	360	360	360	360	360	10	360	360	10	360	360	360	360	360	360	360	360	360
SPEED FOR PREVAILING DIRECTION BY HOUR                                          																									
	Month	0	1	2	3	4	5	6	7	8	9	10	11	12	13	14	15	16	17	18	19	20	21	22	23
	ALL	6.97	6.91	7.12	7.24	7.1	4	4.13	4.38	4.57	6.97	7.29	7.42	7.34	7.48	7.55	7.57	7.7	7.28	7.13	7.12	6.83	7.16	6.99	6.93
	1	4.83	4.46	8.06	4.55	8.31	8.31	4.69	5.06	5.14	4.95	5.28	5.21	5.09	4.87	4.87	4.67	4.64	4.52	4.86	4.72	4.82	4.66	4.5	4.64
	2	4.13	4.06	4.62	8.65	4.22	8.58	4.7	4.67	4.72	4.7	4.77	5.24	4.95	5.11	4.75	8.7	8.63	7.7	4.57	7.95	7.95	8.5	9.03	4.06
	3	7.2	6.89	3.92	3.88	7.26	4.16	4.36	4.36	4.53	4.53	4.61	4.7	7.18	6.69	7.07	7.72	7.46	7.72	7.4	7.14	7.19	7.66	7.87	7.65
	4	7.4	7.13	7.84	6.77	6.94	3.4	7.2	4	3.87	6.37	6.24	7.25	6.89	6.12	7.14	7.48	6.22	6.9	6.14	6.7	6.87	6.88	6.39	6.48
	5	5.53	5.96	5.54	2.4	5.9	6.07	6.22	6.07	6.38	6.48	6.86	7.37	7.05	7.53	7.5	7.34	7.28	7.12	6.29	6.71	5.85	5.66	5.31	4.9
	6	5.12	5.22	5.47	5.68	5.42	6	6.03	5.72	6.06	5.55	6.61	7.06	6.41	7.25	6.93	7.45	6.42	6.26	5.61	6.32	5.94	5.69	4.95	5.11
	7	4.92	3.92	5.15	5.18	3.92	3.88	4.38	4.22	5.63	5.24	5.81	6	5.87	6.14	6.19	6.11	5.94	5.7	6.21	5.89	5.5	5.26	4.72	5.07
	8	6.28	6.61	5.72	3.78	5.53	6.11	6.15	5.81	5.78	5.88	6.09	6.1	6.48	6.57	7.29	7.68	6.61	6.71	6.91	5.95	5.46	5.91	6.39	6.58
	9	7.06	6.27	7.28	6.92	7.37	3.46	7.49	7.44	7.18	7.69	7.27	6.83	7.2	7.54	7.41	7.3	6.88	6.73	7.16	6.67	6.3	6.54	6.74	6.81
	10	3.99	4.09	3.72	4.14	4.11	4.45	4.56	4.51	4.77	4.79	5.22	4.86	5.15	5.1	7.53	4.68	7.93	8.27	7.57	7.46	5.25	7.78	8.02	3.77
	11	4.36	4.81	4.69	4.79	4.16	4.79	5.12	5.01	5.14	4.92	4.75	4.53	4.95	4.79	4.69	4.45	4.01	3.98	4.26	4.5	4.26	4.68	4.36	4.47
	12	4.71	4.41	4.41	4.65	4.49	5.12	4.86	5.15	5.19	5.21	5.02	5.09	5.18	4.94	4.96	4.81	4.74	4.89	5.16	4.86	4.68	4.82	4.49	4.46
