INDIAN MTN AFS AWOS AK - 701730                                                 														
 66 deg    00' N  153 deg    42' W - Elev  389m   LST=GMT+99 hours   *NT=-10    														
 01/73-12/81 01/87-08/02                                                        							Adjusted to Alaska Time Zone (GMT-9)							
SPEED BY YEAR                                                                   														
	Year	ALL	JAN	FEB	MAR	APR	MAY	JUN	JUL	AUG	SEP	OCT	NOV	DEC
	ALL	2.37	2.58	2.46	2.89	2.83	2.73	2.14	1.83	1.75	2.19	2.43	2.26	2.43
	1973	2.39	1.04	2.67	3.71	2.22	3.02	2.59	2.45	1.73	1.42	1.67	1.09	4.34
	1974	2.71	2.12	1.51	3.36	3.46	2.37	2.86	1.87	1.54	2.74	5.85	1.91	2.87
	1975	2.06	2.56	2.92	1.84	1.84	3.26	1.85	1.8	1.69	2.17	1.61	1.72	1.47
	1976	2.05	3.63	1.94	2.73	2.06	2.28	1.63	1.03	0.81	1.57	1.46	2.12	3.64
	1977	1.76	3.12	2.47	1.54	2.25	2.75	1.83	1.38	1.14	1.05	2.21	1.89	0.12
	1978	1.94	2.66	1.56	2.93	2.08	2.68	0.95	0.68	1.07	0.96	3.42	2.05	2.19
	1979	1.96	1.88	1.48	3.99	1.93	2.61	1.78	1.59	1.05	2.23	2.16	1.36	1.3
	1980	1.97	1.79	3.15	2.18	3.1	2.36	1.61	1.06	1.2	2.31	1.92	2.01	1.1
	1981	2.17	2.43	2.32	3.01	2.66	1.91	2.26	1.58	1.25	2.28	1.95	2.94	1.53
	1987	1.85	2.28	2.13	2.24	1.11	0.92	0.99	2.13	2.01	0.59	2.48	2.96	1.23
	1988	2.35	3.17	3.94	2.43	1.96	1.62	1.18	1.28	1.93	1.57	1.96	4.24	2.45
	1989	1.45	0.27	0.92	2.54	2.22	1.94	1.37	1.32	0.43	1.65	1.13	1.01	2.08
	1990	1.01	1.5	0.33	0.74	0.1	0.25	1.17	0.81	0.92	1.16	1.97	0.27	1.53
	1991	3.25	0.16	2.9	2.14	1.36	2.12	1.06	1.49	3.42	4.08	3.34	4.39	3.61
	1992	2.78	3.73	1.85	2.61	3.56	3.1	2.42	2.37	2.07	3.24	2.61	2.74	2.97
	1993	2.81	1.53	3.25	2.4	4.18	4.47	2.46	2.31	2.29	2.23	2.32	1.66	6.55
	1994	3.15	6.91	2.66	2.7	4.83	2.85	2.93	1.9	2.05	3.65	2.33	2.83	1.73
	1995	3.11	2.62	3.24	3.23	2.95	3.09	2.58	3.02	2	3	3.04	3.02	4.9
	1996	2.36	1.11	1.98	2.54	4.18	2.71	2.5	2.39	2.46	2.97	2.03	2.28	1.43
	1997	2.39	1.93	3.87	3	2.66	2.4	2.82	2.43	1.85	2.52	1.97	1.99	1.17
	1998	2.45	2.36	3.22	2.77	2.48	3.17	1.98	1.89	1.9	2.37	2.94	2.7	1.9
	1999	2.81	2.88	1.57	3.83	3.33	2.56	2.39	2.44	1.74	2.24	3.21	2.7	4.2
	2000	2.81	2.18	2.71	4.84	3.59	2.94	2.53	2.26	2.45	1.48	1.88	2.57	4.61
	2001	2.59	3.72	2.08	2.4	4.33	2.62	2.61	1.88	3.18	1.45	2.58	3.09	1.91
	2002	2.39	1.52	3.92	2.04	2.23	3.13	2.57	2.07	2.39	-1	-1	-1	-1
POWER BY YEAR                                                                   														
	Year	ALL	JAN	FEB	MAR	APR	MAY	JUN	JUL	AUG	SEP	OCT	NOV	DEC
	ALL	59	120	87	86	58	43	20	15	15	40	57	69	101
	1973	55	34	61	105	37	61	29	28	17	16	24	15	212
	1974	74	84	44	98	101	25	39	13	9	52	262	54	100
	1975	50	138	125	37	22	73	13	12	14	40	32	52	38
	1976	56	162	77	88	24	28	10	6	4	26	23	59	190
	1977	35	157	90	15	38	30	13	6	5	6	45	61	1
	1978	47	103	36	81	33	40	6	4	7	8	120	61	58
	1979	47	34	57	222	23	42	20	10	4	52	38	30	29
	1980	38	46	92	55	61	28	10	3	6	33	37	36	49
	1981	47	76	64	90	50	16	20	9	8	37	41	110	47
	1987	53	122	43	39	6	4	5	27	16	3	55	54	21
	1988	63	109	143	65	32	18	8	5	13	21	16	202	151
	1989	23	2	16	55	41	26	9	6	2	53	14	9	36
	1990	13	13	5	8	0	1	5	3	4	11	46	8	26
	1991	83	0	62	42	8	11	4	15	46	92	58	240	107
	1992	75	193	37	61	79	47	22	26	20	56	55	102	127
	1993	69	28	128	53	112	166	24	19	21	32	40	20	372
	1994	128	631	100	77	206	38	35	14	23	127	50	87	51
	1995	98	138	142	114	48	61	26	37	15	58	67	114	296
	1996	43	17	55	45	117	31	24	22	30	71	19	68	29
	1997	46	60	186	79	35	25	32	22	14	49	29	61	22
	1998	58	93	151	54	39	50	16	14	20	36	97	57	92
	1999	80	133	32	129	67	30	30	31	12	33	86	145	195
	2000	77	100	102	196	83	37	22	22	25	9	25	45	213
	2001	62	124	70	36	129	30	23	13	38	11	58	101	58
	2002	39	36	153	22	27	53	22	19	27	-1	-1	-1	-1
NUMBER OF SPEED OBSERVATIONS BY YEAR                                            														
	Year	ALL	JAN	FEB	MAR	APR	MAY	JUN	JUL	AUG	SEP	OCT	NOV	DEC
	ALL	135844	11449	10972	11243	11333	11087	11032	11344	12527	11302	11520	10982	11053
	1973	7191	391	471	708	672	712	607	549	659	546	625	639	612
	1974	5924	451	400	570	539	476	408	418	533	450	427	553	699
	1975	6152	564	509	558	518	412	436	493	593	661	564	473	371
	1976	6543	406	540	604	467	585	694	463	548	550	574	557	555
	1977	7806	429	586	722	582	677	670	616	707	692	731	703	691
	1978	8435	725	663	727	694	723	700	725	717	688	697	692	684
	1979	8441	682	666	726	716	732	692	714	701	685	723	687	717
	1980	8808	770	696	744	720	744	720	744	744	720	743	720	743
	1981	8760	744	672	744	720	744	720	744	744	720	744	720	744
	1987	912	254	91	45	24	36	99	63	29	51	93	26	101
	1988	594	51	70	63	65	19	58	12	85	74	31	33	33
	1989	1120	50	44	70	76	96	200	83	67	135	178	45	76
	1990	786	76	56	71	39	37	33	58	73	80	87	73	103
	1991	1390	25	41	62	52	9	72	42	212	211	280	164	220
	1992	4774	393	235	148	241	256	230	283	573	477	674	660	604
	1993	6036	454	507	560	631	452	504	635	725	657	382	318	211
	1994	6305	671	648	349	324	479	601	619	658	580	608	413	355
	1995	6901	463	560	694	677	594	357	360	520	652	687	681	656
	1996	7122	693	627	694	676	686	665	539	477	265	691	485	624
	1997	6402	441	363	506	656	649	633	636	645	571	402	501	399
	1998	7545	531	535	549	619	589	674	686	696	676	703	669	618
	1999	5403	613	555	648	657	557	291	298	376	356	325	350	377
	2000	4225	400	466	380	257	272	217	364	401	422	375	288	383
	2001	4330	608	638	104	122	181	223	475	411	383	176	532	477
	2002	3939	564	333	197	589	370	528	725	633	0	0	0	0
NUMBER OF SPEED OBSERVATIONS BY HOUR                                            														
	Hour	ALL	JAN	FEB	MAR	APR	MAY	JUN	JUL	AUG	SEP	OCT	NOV	DEC
	0	5418	430	407	451	476	470	464	457	524	430	460	410	439
	1	5915	499	474	490	502	482	479	483	548	474	525	475	484
	2	5995	503	485	495	501	502	488	495	547	486	523	483	487
	3	6086	524	500	490	496	499	480	527	550	510	528	485	497
	4	6148	523	500	506	513	491	499	524	556	514	529	495	498
	5	6166	512	505	494	524	501	511	522	550	509	531	492	515
	6	6231	540	506	506	512	502	520	524	555	514	538	513	501
	7	6207	541	495	511	527	492	507	532	564	508	518	507	505
	8	6211	536	508	510	511	507	518	527	546	517	531	485	515
	9	6093	522	507	501	511	503	493	511	543	502	514	481	505
	10	6012	530	497	502	491	487	487	512	544	495	494	483	490
	11	6017	515	502	486	503	488	481	519	547	495	512	478	491
	12	6016	524	492	483	507	497	484	510	555	489	499	484	492
	13	5944	529	486	486	498	487	468	497	550	486	504	476	477
	14	5923	518	485	495	491	498	473	498	537	487	500	471	470
	15	5731	493	456	473	471	473	453	485	518	489	494	457	469
	16	5560	455	459	466	472	437	423	457	527	488	481	460	435
	17	5469	441	463	461	473	431	429	426	525	466	459	456	439
	18	5199	421	427	448	460	409	397	411	504	436	443	430	413
	19	5004	409	398	427	409	398	413	398	473	430	406	435	408
	20	4697	380	370	392	372	378	395	405	453	406	375	387	384
	21	4739	373	356	389	375	394	411	403	453	412	391	388	394
	22	4655	379	355	394	384	397	382	377	436	385	388	394	384
	23	4408	352	339	387	354	364	377	344	422	374	377	357	361

SPEED BY HOUR                                                                   														
	Hour	ALL	JAN	FEB	MAR	APR	MAY	JUN	JUL	AUG	SEP	OCT	NOV	DEC
	0	2.1	2.72	2.58	2.5	2.25	2.12	1.58	1.35	1.33	1.9	2.25	2.37	2.46
	1	2.15	2.74	2.49	2.68	2.28	2.19	1.72	1.4	1.37	1.84	2.39	2.23	2.45
	2	2.11	2.68	2.61	2.55	2.19	2.11	1.67	1.38	1.35	1.83	2.38	2.27	2.4
	3	2.06	2.58	2.32	2.61	2.21	2.02	1.64	1.44	1.31	1.81	2.27	2.29	2.37
	4	2.05	2.63	2.38	2.62	2.22	1.92	1.56	1.3	1.29	1.86	2.31	2.32	2.31
	5	2.03	2.57	2.39	2.49	2.17	1.86	1.48	1.28	1.26	1.88	2.36	2.24	2.43
	6	1.99	2.53	2.41	2.38	2.14	1.89	1.35	1.28	1.22	1.89	2.24	2.25	2.35
	7	2.01	2.57	2.39	2.53	2.11	2.02	1.48	1.25	1.29	1.76	2.21	2.22	2.36
	8	2.11	2.55	2.35	2.58	2.23	2.37	1.89	1.51	1.42	1.87	2.15	2.21	2.29
	9	2.28	2.61	2.29	2.41	2.52	2.96	2.29	1.96	1.57	2.02	2.2	2.17	2.36
	10	2.46	2.44	2.33	2.67	2.88	3.26	2.56	2.13	1.95	2.16	2.42	2.23	2.58
	11	2.63	2.51	2.43	2.86	3.27	3.45	2.67	2.39	2.26	2.57	2.5	2.16	2.55
	12	2.76	2.34	2.52	3.25	3.54	3.57	2.78	2.43	2.38	2.73	2.7	2.28	2.61
	13	2.83	2.43	2.68	3.45	3.67	3.64	2.91	2.45	2.52	2.95	2.74	2.09	2.47
	14	2.86	2.53	2.7	3.52	3.74	3.58	2.84	2.46	2.57	2.83	2.81	2.21	2.49
	15	2.9	2.72	2.73	3.65	3.86	3.6	2.93	2.46	2.51	2.83	2.85	2.19	2.56
	16	2.83	2.54	2.48	3.58	3.69	3.42	2.92	2.5	2.49	2.81	2.84	2.25	2.41
	17	2.73	2.47	2.45	3.45	3.59	3.3	2.83	2.54	2.34	2.61	2.48	2.32	2.44
	18	2.62	2.63	2.32	3.29	3.5	3.25	2.66	2.36	2.08	2.4	2.26	2.23	2.54
	19	2.52	2.66	2.34	3.05	3.32	3.16	2.51	2.2	1.86	2.22	2.36	2.34	2.29
	20	2.36	2.61	2.45	2.85	2.94	3.08	2.25	1.89	1.59	1.96	2.34	2.38	2.27
	21	2.24	2.68	2.5	2.93	2.69	2.51	1.93	1.52	1.33	1.92	2.39	2.36	2.38
	22	2.17	2.61	2.6	2.86	2.61	2.26	1.66	1.27	1.32	1.88	2.36	2.39	2.27
	23	2.16	2.7	2.46	2.84	2.55	2.18	1.58	1.27	1.35	1.88	2.43	2.29	2.56

POWER BY HOUR                                                                   														
	Hour	ALL	JAN	FEB	MAR	APR	MAY	JUN	JUL	AUG	SEP	OCT	NOV	DEC
	0	55	111	109	76	45	39	14	11	10	38	49	75	107
	1	59	127	92	90	49	38	17	11	11	39	54	71	114
	2	57	121	84	78	57	40	17	11	10	38	60	73	104
	3	56	116	76	87	59	39	16	12	10	38	50	84	92
	4	57	125	88	93	63	30	14	11	11	39	53	72	84
	5	59	125	91	81	60	34	13	10	11	47	64	72	100
	6	57	114	105	75	59	34	12	10	13	43	61	75	90
	7	58	113	93	90	58	36	16	10	20	36	62	67	97
	8	56	101	91	90	57	38	20	13	15	41	49	72	90
	9	60	139	87	74	56	44	21	17	16	43	59	69	99
	10	63	131	88	80	60	53	25	17	17	40	63	69	115
	11	61	110	87	85	61	59	25	18	21	48	60	56	111
	12	64	102	99	94	66	57	25	21	20	48	73	63	102
	13	62	115	88	88	67	58	28	21	23	56	63	48	95
	14	64	120	94	97	65	56	27	21	23	46	61	58	102
	15	67	145	91	93	70	55	30	22	22	42	58	61	114
	16	64	126	76	95	66	52	31	23	23	42	78	63	100
	17	57	111	73	78	63	45	27	23	19	35	44	69	107																									
	18	57	130	69	80	57	44	25	20	17	31	40	72	109																									
	19	55	125	69	78	52	41	22	18	13	31	47	76	97																									
	20	53	118	74	75	46	40	19	14	11	30	51	74	92																									
	21	55	126	78	94	53	34	14	10	10	31	57	81	96																									
	22	54	100	82	95	53	29	13	8	11	28	57	79	106																									
	23	59	124	88	102	48	39	12	9	10	34	53	75	121																									

SPEED BY DIRECTION                                                              																																							
	Month	calm	0	10	20	30	40	50	60	70	80	90	100	110	120	130	140	150	160	170	180	190	200	210	220	230	240	250	260	270	280	290	300	310	320	330	340	350	360
	ALL	0	3.47	4.34	5.18	5.38	6	6.38	6	5.93	4.99	4.01	3.59	3.35	3.02	2.98	2.85	2.51	2.42	2.29	2.12	2.25	2.31	2.41	2.78	2.99	2.96	3.08	3.13	2.87	2.84	2.81	2.75	2.8	2.88	3.03	3.25	3.32	3.47
	1	0	3.3	5.3	5.8	7.3	8.4	8.8	7.9	8.1	6.5	5.1	4.3	4.1	3.8	3.5	3.4	2.7	2.5	2.5	2	2.4	2.2	2.1	3	3.5	3.5	3.8	3.6	2.6	2.6	2.6	2.9	2.6	2.8	2.9	4.5	2	3.3
	2	0	6.1	5.9	6.8	6.3	6.8	8.2	7.2	7.2	6.1	4.8	4.5	4.2	3.6	3.5	3.1	2.8	2.5	2.4	2.3	2.3	2	2.1	2.7	3.3	3.5	3.2	3.5	2.9	3	3.2	2.1	3	3.3	3.4	5.5	5.2	6.1
	3	0	4.4	4.7	5.9	5.4	6.7	6.9	6.5	6.3	5.3	4.1	3.7	3.3	3	2.8	2.9	2.4	2.3	2.1	2.2	2.1	2.2	2.5	2.9	3.9	3.6	3.6	2.9	2.6	3	3	2.7	2.8	3.1	3.4	4.1	4.7	4.4
	4	0	4.8	5.7	6.1	5.4	5.6	5.4	5.2	5.1	4.5	3.7	3.3	3.2	2.8	2.7	2.7	2.4	2.2	2	2.1	2.3	2.3	2.4	2.9	3.2	3.2	3.4	3.5	3.2	2.8	2.7	2.8	2.9	3	3.4	3.6	4.2	4.8
	5	0	3.6	4.1	4.7	5.1	5.3	5	4.8	4.5	4.1	3.4	3.3	3.3	2.9	2.7	2.8	2.6	2.8	2.7	2.3	2.3	2.6	2.6	2.8	2.9	3.2	3	3.2	2.9	2.8	2.7	3	3	3	3.2	3.2	3.2	3.6
	6	0	3.1	2.9	3.1	3.2	4.1	4.1	3.6	3.2	3.1	2.8	2.7	2.5	2.4	2.3	2.1	2.5	2.1	2.1	2.3	2.4	2.6	2.7	3	3	2.8	3	3	3.1	3	3	3.1	3	3.1	3.1	3.1	3.3	3.1
	7	0	2.8	2.6	2.9	2.8	3.6	3.3	3.2	3.4	2.7	2.5	2.4	2.6	2.1	2.5	2.2	1.9	2.3	2.1	2	2.3	2.4	2.4	2.6	2.8	2.8	2.9	3	2.8	2.9	2.7	2.7	2.7	2.8	2.9	3	3.1	2.8
	8	0	2.8	3.5	2.9	3.6	3.8	3.7	3.3	3.2	3	2.7	2.7	2.3	2.4	2.3	2.2	2.1	2.2	2.4	2.3	2.2	2.6	2.4	2.7	2.8	2.9	3.1	3.2	2.7	2.6	2.8	2.5	2.5	2.4	2.6	2.8	3	2.8
	9	0	3.3	4.2	5.1	5.3	5.1	5.6	5.2	5	4.4	3.4	3	2.6	2.5	2.4	2.4	2.1	2.1	2.1	1.9	2.1	2.2	2.2	2.6	2.7	2.6	3	3.1	2.7	2.8	2.7	2.5	2.7	2.7	2.8	3.1	3.1	3.3
	10	0	3.7	3.9	4.7	5.6	6.2	6.3	5.6	5.4	4.6	3.8	3.4	2.9	2.7	2.6	2.6	2.4	2.2	2.1	2	2	2.2	2.4	2.9	2.8	2.7	2.8	2.9	2.8	2.5	2.9	2.6	2.7	2.9	2.9	3.9	3.2	3.7
	11	0	3.2	4.4	7.4	7.8	8	7.7	6.9	6.3	5.5	4.8	4	3.7	3.3	3.3	2.9	2.4	2.5	2.3	2	2	2	1.9	2.3	2.8	2.9	3.3	3.2	3.6	3.1	2.6	2.5	2.9	2.5	2.9	3.5	3.4	3.2
	12	0	4	4.7	7.3	7.5	7.5	8.6	7.9	7.8	6.4	5.2	4.4	4.4	3.7	3.7	3.4	3	2.9	2.4	2.1	2.5	2.3	2.7	3.3	3.3	3.2	3.5	2.9	3.4	2.7	2.5	2.4	2.7	2.9	4.2	3.2	2.8	4
FREQUENCY BY DIRECTION                                                          																																							
	Month	calm	0	10	20	30	40	50	60	70	80	90	100	110	120	130	140	150	160	170	180	190	200	210	220	230	240	250	260	270	280	290	300	310	320	330	340	350	360
	ALL	38.9	0.61	0.49	0.93	2.03	3.22	5.36	7.33	6.68	5.05	4.61	3.29	3.17	3.98	2.96	2.53	2.24	1.51	1.39	1.69	1.59	1.61	2.4	2.39	2.94	3.45	2.7	2.4	2.8	2.4	2.63	3.75	3.47	2.72	1.98	1.07	0.66	0.61
	1	50.4	0.2	0.2	0.4	1.5	3.1	7	10.5	10	7.1	6.1	4.2	3.4	5.2	4.3	3.5	3.9	2.7	2.1	2.6	2.9	2.3	1.7	1.8	2.5	2.3	1.2	0.8	1	0.9	0.8	1	1	1.1	0.6	0.2	0.1	0.2
	2	47.7	0.2	0.5	0.7	1.5	2.3	5	8.8	9.8	7.6	6.3	4.7	4.6	6.3	5	4.5	4	2.5	2.6	3	2.1	2.5	2.3	1.5	1.3	1.3	0.8	0.8	0.9	0.9	0.8	1.2	1.5	1.3	0.8	0.2	0.1	0.2
	3	35	0.4	0.5	0.9	2.4	3.2	6.5	11.4	10.1	6.7	5.8	4.3	4.7	5.9	4.5	3.4	2.4	1.8	1.5	1.5	1.7	1.6	1.8	1.5	1.8	1.7	0.9	0.8	0.9	1.1	1.2	1.6	1.7	1.8	1.1	0.5	0.4	0.4
	4	27.9	0.5	0.9	1.9	2.9	4.8	7.8	8.7	8	5.9	5	4	3.4	4.6	3.4	2.8	2.1	1.3	0.9	1.4	1.2	1.2	2.1	1.9	1.9	2.5	1.8	1.5	1.6	1.5	2	2.5	2.9	2.3	1.5	0.8	0.4	0.5
	5	24.7	1.1	0.6	1.4	3.3	5.2	6.8	6.9	5.5	4.5	3.9	3.2	3.1	3.1	1.9	1.5	1.6	0.9	1	1.2	1.4	1.4	2.3	1.9	2.5	2.7	2.3	2.4	2.9	2.5	3.2	5.5	4.4	3	2.7	1.4	0.9	1.1
	6	29.5	1.2	0.5	0.7	1.3	1.4	1.8	3	2.8	2.3	2	1.5	1.3	1.4	1.1	1.1	0.9	0.9	0.7	1.3	0.9	1.5	3	3.5	4.2	6.1	4.8	4.2	4.8	4.4	5.7	7.8	7	5.8	4.6	3	1.8	1.2
	7	34.2	1	0.5	0.8	1.3	1.2	1.7	2.3	2	2.5	2.4	1.6	2.1	2.2	1.3	1	1	0.9	0.9	1.2	1.4	1.5	3.6	4.1	5.6	6.6	5.8	4.8	5.3	4.6	4.7	6.5	6.4	5	3.4	1.8	1.2	1
	8	37.6	0.7	0.4	0.7	1	1.4	2	2.6	2	2.1	2.5	1.9	1.7	2.1	1.3	1	1.1	0.8	0.9	1.2	1.5	1.9	3.6	4.5	6	7.1	6.3	5.7	7	5	4.6	6.1	5.2	3.4	2.6	1.4	0.7	0.7
	9	38.1	0.8	0.7	0.9	2.4	4.1	6.5	8	7	4.5	3.9	2.8	2.9	3.6	1.8	1.9	1.7	0.8	0.9	1.1	1.2	1.2	2.4	2.3	3	3.5	2.7	2.7	3.5	3	3.1	4.7	3.7	2.9	2	1	0.6	0.8
	10	39.2	0.5	0.4	0.8	2.7	5.2	7.8	10.2	7.6	5.6	6.5	4.1	3.9	4.9	3.9	2.7	2.2	1.7	1.5	1.5	1.4	1.2	1.8	1.7	1.8	1.8	1.5	0.9	1.2	1.4	1.7	2.5	2.5	2.1	1.5	0.8	0.5	0.5
	11	48.4	0.2	0.1	0.4	1.3	2.6	5.6	8.3	8.9	6.8	7.2	4.5	4	5.1	4.6	4.4	4.3	2.6	2.6	3.1	2.4	1.9	2	1.4	1.7	1.9	1.3	1.7	1.5	0.9	0.9	1.4	1.4	1.1	0.7	0.6	0.2	0.2
	12	54.5	0.1	0.3	1.3	2.3	4.1	7	10.2	10.3	7.9	6	3.9	4.1	5.1	4.4	4.4	3.6	2.4	2.1	2.2	1.7	1.5	1.5	1.7	1.5	1.7	1.2	0.8	0.9	0.6	0.7	1	1.2	0.9	0.8	0.3	0.2	0.1
FREQUENCY OF SPEED                                                              																																							
	Month	0	1	2	3	4	5	6	7	8	9	10	11	12	13	14	15	16	17	18	19	20	21	22	23	24	25												
	ALL	38.9	10.8	14.2	11	8.2	6	3.6	2.5	1.5	1.2	1	0.5	0.3	0.1	0.1	0.1	0	0	0	0	0	0	0	0	0	0												
	1	50.4	6.7	8.2	6.4	5.7	5.7	3.9	3.1	2.4	2	1.8	1.1	1	0.6	0.4	0.4	0.1	0.1	0.1	0	0	0	0	0	0	0												
	2	47.7	8	9.3	6.7	6.7	6.1	4	3.6	2.1	1.9	1.8	0.8	0.6	0.4	0.1	0.1	0	0	0	0	0	0	0	0	0	0												
	3	35	10.5	10.9	9.3	8.8	8.4	5.5	3.9	2.5	2.1	1.7	0.7	0.3	0.1	0.1	0.1	0	0	0	0	0	0	0	0	0	0												
	4	27.9	10.9	15.3	13.4	10.9	8.5	5.5	3.2	1.9	1.2	0.8	0.3	0.2	0	0	0	0	0	0	0	0	0	0	0	0	0												
	5	24.7	11.3	17.3	15.7	12.9	8.9	4.3	2.4	1.2	0.6	0.3	0.1	0.1	0	0	0	0	0	0	0	0	0	0	0	0	0												
	6	29.5	13.8	20.9	16.7	10.8	5.3	2	0.7	0.2	0.1	0	0	0	0	0	0	0	0	0	0	0	0	0	0	0	0												
	7	34.2	15.6	22	15	7.6	3.6	1.2	0.6	0.1	0	0	0	0	0	0	0	0	0	0	0	0	0	0	0	0	0												
	8	37.6	15.4	19.7	13.9	7.8	3.7	1.2	0.4	0.2	0.1	0	0	0	0	0	0	0	0	0	0	0	0	0	0	0	0
	9	38.1	12.6	16	11	7.9	5.5	3.6	2.3	1.4	0.7	0.5	0.2	0.1	0.1	0	0	0	0	0	0	0	0	0	0	0	0
	10	39.2	10.5	13.8	9.8	7.7	6.2	4.2	3.4	2	1.5	1.1	0.3	0.1	0	0	0	0	0	0	0	0	0	0	0	0	0
	11	48.4	9.1	9.8	7.4	6.4	5.3	3.9	3.3	2.1	1.6	1.3	0.7	0.4	0.1	0.1	0.1	0	0	0	0	0	0	0	0	0	0
	12	54.5	5.3	6.7	6.1	5.5	5	3.8	3.5	2.2	2.2	2.1	1.4	0.9	0.4	0.2	0.1	0.1	0	0	0	0	0	0	0	0	0
PERCENT OF POWER BY SPEED                                                       																											
	Month	0	1	2	3	4	5	6	7	8	9	10	11	12	13	14	15	16	17	18	19	20	21	22	23	24	25
	ALL	0	0.3	1.7	4	6.7	9.1	9.4	10.9	9.5	10.2	11.4	7.8	6.6	3.9	2.8	2.5	1.2	0.5	0.8	0.5	0.3	0	0	0.1	0	0.1
	1	0	0.1	0.5	1.2	2.4	4.4	5.3	6.7	7.6	8.8	10.9	9.3	10.8	8.1	6.6	7.4	2.9	1.7	2.4	1.7	0.8	0	0	0.5	0	0
	2	0	0.1	0.8	1.7	3.9	6.6	7.4	10.8	9.5	11.9	14.6	9.5	8.1	6.7	2.5	3	1.2	0.4	0.8	0	0.5	0	0	0	0	0
	3	0	0.2	0.9	2.4	5.1	9	10	11.8	10.9	12.7	14.2	8.1	5.1	2.4	2.1	1.5	0.9	0.4	0.4	1	1.2	0	0	0	0	0
	4	0	0.3	1.8	5	9.1	13	14.6	14.1	11.6	10.7	9.8	5.4	3.2	1.1	0.3	0	0	0	0	0	0	0	0	0	0	0
	5	0	0.4	2.7	7.5	13.8	17.4	14.9	13.5	9.5	6.3	5	3	2.4	1.6	1.5	0.5	0	0	0	0	0	0	0	0	0	0
	6	0	1	7.1	17.1	24.3	22.1	14.4	8	3.4	1.7	0.9	0	0	0	0	0	0	0	0	0	0	0	0	0	0	0
	7	0	1.4	9.7	20.1	22.9	20.4	11.9	9.4	2.6	1.4	0	0	0	0	0	0	0	0	0	0	0	0	0	0	0	0
	8	0	1.4	8.5	18.5	23	20.3	11.3	5.8	3.6	2.9	1.7	0	1.3	0	0	0	0	0	1.7	0	0	0	0	0	0	0
	9	0	0.4	2.7	5.8	9.4	12.1	13.3	14.3	12.1	9.2	9	4.5	4	2	0	1.1	0	0	0	0	0	0	0	0	0	0
	10	0	0.3	1.7	3.7	6.6	9.7	11.2	15.1	12.9	12.9	12.9	5.7	3.1	0.9	1.2	0	0	0.5	0	0	0	0	0	0	0	1.7
	11	0	0.2	1	2.4	4.5	7	8.9	12	11.3	12	13	9.8	7.9	2.5	2.6	2.3	1.5	0.4	0	0.6	0	0	0	0	0	0
	12	0	0.1	0.5	1.4	2.8	4.6	6	9.2	8.2	11.5	15.1	13.3	10.8	5.6	4.5	3	2	0	1.5	0	0	0	0	0	0	0
PREVAILING DIRECTION BY HOUR                                                    																											
	Month	0	1	2	3	4	5	6	7	8	9	10	11	12	13	14	15	16	17	18	19	20	21	22	23		
	ALL	300	60	60	60	60	60	60	60	60	60	60	70	70	60	70	60	70	60	60	60	60	60	60	60		
	1	70	60	60	60	60	60	70	70	70	60	50	60	70	60	80	60	70	60	70	70	70	50	70	60		
	2	60	70	80	70	70	70	70	60	60	60	70	70	70	70	120	70	80	80	60	60	60	60	70	80		
	3	60	60	60	60	60	60	60	60	60	60	60	70	60	120	80	70	70	60	70	70	60	60	60	60		
	4	50	50	60	70	60	60	60	60	60	70	90	130	70	90	70	60	60	70	50	50	50	40	50	60		
	5	300	300	310	300	300	50	60	50	50	80	70	90	70	70	80	60	60	50	60	50	60	40	50	40		
	6	310	300	300	310	310	300	310	230	230	230	240	220	240	230	300	240	280	240	290	300	300	300	300	300		
	7	300	300	300	310	310	300	310	220	240	230	230	240	240	220	230	240	240	230	300	260	270	290	300	310		
	8	300	270	300	310	300	310	240	230	240	230	220	240	230	240	220	240	260	240	270	270	250	300	300	310		
	9	50	60	310	60	60	60	60	60	50	50	60	60	120	60	70	60	70	60	60	60	70	60	300	50		
	10	50	60	60	70	60	60	60	50	60	50	60	60	60	60	60	70	60	90	70	60	60	60	60	60
	11	80	70	70	60	60	70	60	80	70	90	60	70	80	70	70	70	70	90	70	60	60	70	60	60
	12	60	70	70	80	70	70	80	80	70	70	60	50	60	60	70	60	60	60	60	60	60	70	60	70
SPEED FOR PREVAILING DIRECTION BY HOUR                                          																									
	Month	0	1	2	3	4	5	6	7	8	9	10	11	12	13	14	15	16	17	18	19	20	21	22	23
	ALL	2.59	6.47	6.51	6.67	6.66	6.1	6.68	6.32	6.22	6.21	5.74	5.8	5.48	5.84	5.59	5.55	5.59	5.45	5.29	5.38	5.4	5.87	6.36	6.49
	1	8.04	6.87	8.51	8.34	8.03	7.3	6.93	9.17	8.04	8.21	9.53	8.8	7.57	7.71	6.29	7.11	7.76	8.87	8.31	7.4	6.98	8.96	7.57	8.58
	2	7.33	7.09	6.56	6.76	7.01	7.11	7.65	8.03	8.09	7.39	6.75	7.08	7.59	6.26	3.36	7.16	5.21	5.44	6.57	7.52	6.67	6.81	6.66	6.34
	3	6.03	6.99	6.98	7.48	7.29	6.17	6.49	7.26	7.25	6.61	6.18	5.67	6.56	3.2	5.64	5.26	5.67	4.88	5.57	5.34	6.48	6.41	7.44	6.81
	4	5.67	5.56	5.47	5.65	5.44	5.82	5.43	5.73	5.74	5.57	3.92	2.94	4.8	3.99	5.33	5.49	5.06	4.62	4.97	4.47	4.47	4.78	4.99	5.12
	5	2.66	2.9	2.63	3.04	2.65	6.32	5.55	5.97	5.5	4.05	4.65	3.35	4.45	4.75	4.29	4.96	5.06	4.36	4.45	3.55	4.16	4.68	4.03	6.01
	6	2.78	2.88	2.87	3.15	2.8	2.44	2.58	2.9	3.05	3.11	3.06	3.3	3.43	3.16	3.38	3.27	3.65	3.24	3.19	3.3	3.48	2.85	3.01	2.76
	7	2.61	2.59	2.73	2.6	2.73	2.63	2.81	2.48	2.97	3.36	3.05	3.2	2.83	2.96	3.22	3.46	2.95	3.1	3.22	3.55	2.9	2.52	2.17	2.51
	8	2.42	2.15	2.37	2.76	2.29	2.12	2.52	2.6	3.05	2.98	2.66	3.12	2.98	3.56	3.09	3.28	3.77	2.6	3.08	2.9	3.03	2.07	2.49	2.69
	9	6.34	6.64	3	6.44	6.16	5.95	6.58	5.94	6.04	5.77	5.38	4.71	2.73	5.11	4.7	4.53	4.35	4.66	4.11	4	5.29	5.07	2.69	6.22
	10	5.84	5.66	6.12	5.5	5.45	5.36	6.64	6.7	5.09	6.34	6.2	5.72	5.88	5.74	5.36	5.23	5	3.27	4.23	5.19	5.95	5.49	5.81	5.52
	11	5.29	5.74	5.91	7.55	7.66	7.46	7.15	5.97	6.81	4.26	6.56	6.6	5.73	5.88	5.8	6.24	5.89	5.06	5.9	6.56	6.34	6.03	7.81	7.21
	12	8.09	7.56	7.92	7.96	7.69	7.52	6.13	5.23	7.2	7.25	7.96	8.12	8.99	8.53	8.11	7.84	7.89	8.8	8.42	7.31	7.33	7.65	6.98	8.38
