JUNEAU INTL AIRPORT AK - 703810                                                 														
 58 deg    22' N  134 deg    35' W - Elev    7m   LST=GMT+99 hours   *NT= -9    														
 01/73-09/02                                                                    														
SPEED BY YEAR                                                                   														
	Year	ALL	JAN	FEB	MAR	APR	MAY	JUN	JUL	AUG	SEP	OCT	NOV	DEC
	ALL	3.56	3.48	3.62	3.59	3.65	3.61	3.3	3.2	3.19	3.55	4.14	3.64	3.75
	1973	3.5	3.1	4.56	4.29	4.05	4.49	3.31	2.6	3.06	2.87	4.53	2.64	2.82
	1974	3.6	2.47	4.54	2.61	3.75	3.94	3.82	2.92	2.54	2.43	5.05	4.77	4.56
	1975	3.79	4.4	5.28	3.5	3.81	3.83	3.73	3.75	2.95	4.09	3.73	2.9	3.77
	1976	3.96	4.36	3.52	3.95	4.26	4.95	2.93	3.58	3.21	3.65	4.25	5.22	3.59
	1977	3.67	3.68	5.58	3.8	4.73	3.02	3.45	2.93	2.66	3.55	4.64	3.33	3.53
	1978	3.41	2.77	3.24	3.61	2.68	3.64	3.06	2.79	2.68	3.28	5.43	3.58	4.02
	1979	3.25	2.7	3.72	3.92	2.48	3.38	3.03	3.09	2.8	3.08	3.9	3.44	3.51
	1980	3.59	3.41	3.33	3.5	4.73	3.36	2.9	3.26	2.89	3.17	4.28	4.42	3.91
	1981	3.4	3.53	2.73	3.73	3.45	2.97	3.71	3.57	3.37	3.8	3.49	3.35	3.09
	1982	3.13	3.11	3.19	2.21	4.09	3.79	2.58	2.74	2.62	3.21	4.04	2.84	3.09
	1983	3.03	3.35	2.67	2.45	3.55	3.28	3.09	3.28	3.75	3.15	3.89	1.83	2.03
	1984	3.73	3.8	4.98	3.81	3.33	3.52	3.97	3.51	3.56	2.74	3.83	3.89	3.87
	1985	3.87	4.24	4.42	4.79	4.57	3.56	4.02	3.4	3.21	3.46	3.56	3.4	3.84
	1986	3.09	4.41	3.81	2.89	3.62	2.71	2.22	1.84	3.19	1.95	3.66	2.94	3.92
	1987	4.02	3.68	3.22	3.39	4.62	3.86	3.69	3.51	2.94	4.8	5.08	4.91	4.49
	1988	3.77	3.09	4.56	4.3	3.71	3.54	3.8	3.53	3.65	3.27	3.91	3.98	3.93
	1989	3.25	3.7	1.31	3.09	2.51	3.52	3.14	3.33	3.09	3.52	3.76	4.04	3.82
	1990	3.64	3.22	3.91	3.93	3.1	2.97	3.43	3.64	3.59	4.94	4.23	3.33	3.34
	1991	3.85	2.9	4.05	3.68	4.13	3.95	3.57	3.7	4.49	4.34	4.1	3.4	3.94
	1992	3.85	4.9	4.03	4.13	3.63	4	3.34	3.55	3.47	3.7	3.91	3.87	3.66
	1993	3.35	3.36	3.17	3.35	3.01	3.58	2.98	2.17	2.43	3.42	3.89	4.61	4.21
	1994	3.47	2.46	3.24	4.04	3.16	3.88	3.41	3.3	2.97	3.78	4.49	3.61	3.19
	1995	3.1	1.54	2.87	2.55	3.44	3.26	3.3	3.52	3.4	3.05	4.04	3.58	2.72
	1996	3.55	2.44	3.16	3.32	3.35	2.75	3.95	3.02	3.66	4.28	3.76	4.3	4.74
	1997	4	4.63	4.04	4.45	4.09	3.58	3.98	4.28	3.19	3.45	3.9	3.16	5.22
	1998	3.2	2.91	4.24	2.83	3.87	3.04	2.63	3.05	3.77	3.41	3.35	1.96	3.33
	1999	3.82	3.42	3.35	3.43	4.09	4.22	2.8	3.08	3.37	3.94	4.85	3.83	5.05
	2000	3.24	3.36	2.53	4.51	3.98	3.26	2.82	2.37	2.34	3.45	3.91	3.69	2.62
	2001	4.13	4.66	2.44	4.1	3.49	4.94	3.53	3.94	3.51	5.13	4.55	4.74	4.72
	2002	3.44	4.39	4.15	3.35	2.59	3.68	3.01	2.99	3.56	2.52	-1	-1	-1
POWER BY YEAR                                                                   														
	Year	ALL	JAN	FEB	MAR	APR	MAY	JUN	JUL	AUG	SEP	OCT	NOV	DEC
	ALL	95	108	123	106	100	85	56	46	55	93	134	117	124
	1973	99	82	217	145	126	148	64	28	57	56	153	53	81
	1974	100	48	180	52	97	95	85	38	23	32	194	170	201
	1975	94	126	239	80	92	72	63	75	33	89	102	64	110
	1976	110	144	96	101	132	163	35	62	48	113	150	185	96
	1977	93	97	223	98	159	50	54	32	30	79	182	71	93
	1978	80	84	88	78	53	78	37	26	26	67	183	99	128
	1979	72	81	68	129	33	58	53	42	29	46	101	127	100
	1980	87	73	100	84	167	70	35	48	37	68	163	125	82
	1981	83	95	65	78	66	105	81	68	73	99	84	98	79
	1982	65	58	72	29	121	86	21	24	26	75	100	76	89
	1983	63	81	63	54	100	56	38	45	72	75	108	33	30
	1984	108	134	208	143	87	72	87	58	73	46	120	157	116
	1985	103	137	152	183	154	89	92	42	45	81	90	72	107
	1986	72	122	109	71	71	34	25	14	54	32	116	89	134
	1987	138	147	90	117	174	102	99	53	28	166	238	228	204
	1988	113	111	176	144	114	86	90	55	80	80	111	173	142
	1989	78	126	22	74	41	82	61	41	33	85	134	110	129
	1990	97	70	136	123	81	48	52	65	69	198	143	84	97
	1991	111	86	143	112	139	115	54	56	126	128	129	111	127
	1992	122	232	147	189	87	140	61	44	81	104	110	153	112
	1993	98	143	139	111	49	69	37	11	26	125	120	185	165
	1994	81	43	69	99	78	93	48	47	33	89	140	119	113
	1995	59	30	69	38	71	69	53	45	63	52	97	67	61
	1996	94	41	114	88	70	33	98	30	61	142	100	144	211
	1997	126	175	145	163	162	72	82	89	57	87	123	99	256
	1998	81	77	135	72	94	57	28	45	90	80	149	38	130
	1999	115	111	95	108	150	113	32	46	79	102	167	158	183
	2000	95	140	93	165	121	77	38	31	43	100	160	122	55
	2001	125	194	103	141	90	155	48	67	50	188	117	146	170
	2002	86	118	189	86	53	81	46	40	89	26	-1	-1	-1
NUMBER OF SPEED OBSERVATIONS BY YEAR                                            														
	Year	ALL	JAN	FEB	MAR	APR	MAY	JUN	JUL	AUG	SEP	OCT	NOV	DEC
	ALL	244767	20867	19400	21058	20616	21104	20326	20952	20796	19675	20282	19504	20187
	1973	7273	579	535	607	559	537	573	646	641	633	668	628	667
	1974	7534	641	547	648	617	635	630	627	639	650	649	608	643
	1975	7898	629	586	659	638	640	634	651	680	676	711	688	706
	1976	7756	712	678	712	706	708	673	671	635	603	546	578	534
	1977	7035	493	465	526	507	671	645	658	646	616	631	570	607
	1978	7587	636	568	593	639	633	571	602	694	678	670	637	666
	1979	8124	667	627	653	678	693	669	695	695	659	695	684	709
	1980	8108	714	661	691	674	701	629	694	692	682	664	627	679
	1981	8278	704	627	715	692	711	685	709	681	673	687	688	706
	1982	8054	692	600	694	682	690	658	639	674	668	687	673	697
	1983	8304	714	627	709	692	709	679	715	714	676	702	664	703
	1984	8377	725	645	713	689	705	690	707	708	682	723	677	713
	1985	8425	702	645	724	693	721	675	710	718	706	726	687	718
	1986	8373	713	644	722	684	701	672	712	715	702	708	696	704
	1987	8405	705	631	725	693	710	690	718	697	681	729	699	727
	1988	8511	728	685	723	699	728	696	711	699	697	718	698	729
	1989	8468	721	655	717	699	727	703	720	708	704	725	673	716
	1990	8478	726	664	705	700	721	690	706	713	709	724	695	725
	1991	8537	722	661	726	700	732	705	714	722	711	729	697	718
	1992	8582	724	684	730	705	732	706	722	729	690	733	700	727
	1993	8491	727	658	718	701	721	704	724	725	694	711	697	711
	1994	8351	696	603	722	700	719	674	718	735	696	722	665	701
	1995	8016	708	650	635	679	713	708	707	532	643	705	633	703
	1996	8121	711	676	717	698	724	680	617	657	606	667	688	680
	1997	8266	709	639	689	683	684	680	683	709	675	709	698	708
	1998	7789	664	659	688	711	706	693	723	596	605	595	590	559
	1999	8932	704	673	719	709	727	705	715	736	728	839	834	843
	2000	9863	801	789	849	807	794	823	836	836	836	831	823	838
	2001	8520	871	820	823	787	711	628	662	606	675	678	609	650
	2002	6311	629	798	806	795	800	758	840	864	21	0	0	0
NUMBER OF SPEED OBSERVATIONS BY HOUR                                            														
	Hour	ALL	JAN	FEB	MAR	APR	MAY	JUN	JUL	AUG	SEP	OCT	NOV	DEC
	0	9973	847	797	858	844	862	813	855	848	803	825	803	818
	1	9970	835	792	855	849	870	828	829	843	808	837	809	815
	2	9546	816	766	819	807	833	803	816	786	747	802	768	783
	3	11402	986	903	990	974	979	948	983	975	888	946	904	926
	4	10030	839	794	850	841	876	848	860	870	821	822	791	818
	5	10067	847	805	874	860	873	821	854	856	819	821	803	834
	6	10078	861	804	858	853	872	830	857	846	819	826	808	844
	7	10054	847	790	868	853	860	828	858	861	821	836	794	838
	8	9681	824	776	825	804	841	814	847	805	767	803	775	800
	9	11330	973	908	986	948	963	943	983	979	914	917	893	923
	10	10045	861	784	857	829	869	839	873	842	809	836	814	832
	11	10075	846	792	871	852	866	821	871	863	810	842	810	831
	12	10069	850	795	857	842	869	832	868	857	814	842	806	837
	13	10115	861	801	873	848	862	840	865	854	809	851	810	841
	14	9776	839	782	836	815	837	820	844	814	771	829	772	817
	15	11253	978	892	981	960	958	934	968	976	902	915	879	910
	16	9991	858	773	843	834	856	839	859	846	816	835	810	822
	17	10082	858	797	870	845	872	838	848	858	825	839	802	830
	18	10138	852	796	869	843	864	835	879	867	829	838	823	843
	19	10088	865	797	876	851	864	842	846	869	821	829	790	838
	20	9688	823	761	843	822	834	819	820	811	776	805	773	801
	21	11376	987	909	1005	973	984	946	956	973	896	927	891	929
	22	9941	849	780	851	843	858	829	861	842	790	827	784	827
	23	9999	865	806	843	826	882	816	852	855	800	832	792	830
	24	9973	847	797	858	844	862	813	855	848	803	825	803	818
SPEED BY HOUR                                                                   														
	Hour	ALL	JAN	FEB	MAR	APR	MAY	JUN	JUL	AUG	SEP	OCT	NOV	DEC
	0	3.05	3.28	3.42	3.07	2.63	2.57	2.49	2.61	2.58	2.98	3.88	3.55	3.66
	1	3.03	3.38	3.4	2.98	2.7	2.48	2.33	2.58	2.47	3.01	3.91	3.59	3.67
	2	3.04	3.36	3.49	3.04	2.68	2.48	2.38	2.46	2.39	3.01	3.96	3.57	3.74
	3	2.99	3.42	3.29	2.97	2.59	2.56	2.18	2.38	2.4	3.12	3.9	3.48	3.67
	4	3	3.44	3.4	2.96	2.7	2.44	2.33	2.4	2.5	3.03	3.91	3.43	3.59
	5	3.01	3.41	3.44	2.99	2.63	2.58	2.26	2.35	2.42	2.97	3.93	3.58	3.6
	6	3.05	3.48	3.41	2.91	2.75	2.67	2.42	2.48	2.51	3.1	3.76	3.51	3.67
	7	3.14	3.35	3.35	3.01	2.83	2.99	2.78	2.59	2.66	3.15	3.87	3.53	3.65
	8	3.38	3.36	3.42	3.17	3.29	3.69	3.32	2.98	2.89	3.29	3.96	3.58	3.68
	9	3.67	3.45	3.46	3.49	4.01	4.28	3.73	3.35	3.39	3.65	4.08	3.56	3.66
	10	3.95	3.48	3.72	3.73	4.57	4.61	3.98	3.64	3.85	4.03	4.37	3.68	3.73
	11	4.2	3.62	3.8	4.29	4.96	4.87	4.28	3.8	4.05	4.37	4.59	3.8	3.86
	12	4.32	3.66	4.05	4.53	5.27	4.9	4.33	3.88	4.13	4.57	4.76	3.92	3.86
	13	4.39	3.72	4.06	4.77	5.33	4.96	4.33	4.04	4.19	4.55	4.81	3.88	3.94
	14	4.42	3.8	4.25	4.87	5.24	4.91	4.36	4.08	4.09	4.5	4.89	4.02	3.97
	15	4.34	3.77	4.09	4.82	5.15	4.9	4.27	4.06	4.05	4.38	4.66	3.94	3.89
	16	4.16	3.64	3.97	4.57	4.85	4.63	4.18	3.97	3.86	4.14	4.45	3.76	3.89
	17	4	3.51	3.86	4.3	4.53	4.5	4.01	3.84	3.8	4.01	4.14	3.55	3.88
	18	3.77	3.38	3.69	3.77	4.07	4.12	3.85	3.72	3.54	3.66	3.96	3.61	3.82
	19	3.52	3.33	3.54	3.44	3.42	3.69	3.47	3.49	3.38	3.3	3.88	3.56	3.71
	20	3.38	3.39	3.54	3.24	3.14	3.2	3.3	3.33	3.14	3.08	3.87	3.69	3.71
	21	3.24	3.41	3.37	3.15	2.78	2.99	3.03	3.07	2.96	3.13	3.93	3.49	3.7
	22	3.2	3.41	3.5	3.06	2.8	2.85	2.9	2.92	2.82	3.1	3.96	3.48	3.68
	23	3.11	3.36	3.41	3.07	2.66	2.75	2.67	2.81	2.54	3.04	3.86	3.56	3.66
	24	3.05	3.28	3.42	3.07	2.63	2.57	2.49	2.61	2.58	2.98	3.88	3.55	3.66
POWER BY HOUR                                                                   														
	Hour	ALL	JAN	FEB	MAR	APR	MAY	JUN	JUL	AUG	SEP	OCT	NOV	DEC
	0	82	98	111	99	64	65	33	31	39	80	127	118	118
	1	85	102	113	94	70	56	33	39	37	91	141	120	124
	2	83	102	133	93	74	51	32	28	34	73	127	127	132
	3	82	108	114	85	70	62	30	29	43	90	126	105	122
	4	80	112	110	83	69	47	46	38	39	76	133	103	113
	5	80	103	122	82	67	63	30	27	37	79	124	118	112
	6	78	106	108	78	73	66	34	30	40	74	109	106	113
	7	81	102	104	81	75	63	44	33	46	84	120	112	113
	8	91	107	124	97	96	80	56	40	54	94	121	118	112
	9	102	114	119	105	117	101	75	47	76	112	129	122	116
	10	108	114	135	113	133	112	74	53	76	111	140	124	115
	11	120	118	139	127	148	135	99	58	81	112	157	141	123
	12	123	118	148	140	168	121	97	60	81	125	159	133	126
	13	120	121	132	140	156	128	83	67	79	122	153	122	134
	14	122	123	144	145	156	127	93	67	73	115	155	137	136
	15	118	127	139	140	145	131	77	66	75	112	146	126	134
	16	108	110	132	132	130	106	72	62	63	95	146	110	145
	17	102	107	127	126	112	102	72	56	70	97	125	101	133
	18	97	98	119	102	111	89	67	52	55	91	121	113	145																									
	19	88	95	128	105	85	77	49	49	49	81	117	102	127																									
	20	88	98	122	102	82	61	48	51	42	72	125	124	133																									
	21	84	103	111	94	70	64	40	39	45	78	135	104	124																									
	22	83	105	121	89	69	61	36	35	38	82	139	105	119																									
	23	83	103	110	99	69	74	34	35	36	79	135	111	114																									
	24	82	98	111	99	64	65	33	31	39	80	127	118	118																									
SPEED BY DIRECTION                                                              																																							
	Month	calm	0	10	20	30	40	50	60	70	80	90	100	110	120	130	140	150	160	170	180	190	200	210	220	230	240	250	260	270	280	290	300	310	320	330	340	350	360
	ALL	0	2.44	2.28	2.4	2.31	2.47	2.81	3.27	3.6	3.98	4.4	4.69	5.64	6.88	6.84	6	4.76	3.61	3.31	3.19	3.09	3.28	3.16	3.4	3.5	3.42	3.3	3.33	3.31	3.08	2.95	2.75	2.46	2.48	2.55	2.51	2.53	2.44
	1	0	2.5	2.2	2.3	2.4	2.6	3.1	3.3	3.6	4.1	4.8	4.9	5.8	7.1	6.9	6.3	4.7	3.7	3.7	3.5	3.8	3.1	3	3.4	3.3	3.4	3.1	2.7	2.7	2.4	2.4	2.4	2.3	2.3	2.3	2.4	2.5	2.5
	2	0	2.5	2.4	2.5	2.8	2.6	3	3.5	3.9	4.3	4.7	5	6	7.3	7	6	4.7	4.2	3.4	4.2	3.9	4	3.4	3.1	2.9	2.7	2.7	3	2.9	2.3	2.5	2.4	2.4	2.2	2.4	2.4	2.5	2.5
	3	0	2.4	2.3	2.3	2.3	2.6	3	3.3	3.8	4.1	4.6	4.8	5.7	7.1	6.7	5.9	4.7	3.6	3.9	3.1	2.9	3.4	3	3.1	3.1	2.9	2.8	2.6	2.7	2.6	2.6	2.5	2.3	2.3	2.3	2.3	2.4	2.4
	4	0	2.4	2.5	2.3	2.2	2.4	2.7	2.9	3.3	3.8	4.2	4.5	5.4	6.7	6.7	6	4.9	3.7	3.7	3.5	3.1	3.2	3.4	3.5	3.7	3.5	3.5	3.4	3.4	3.4	3	2.7	2.5	2.4	2.5	2.3	2.4	2.4
	5	0	2.4	2.3	2.3	2.2	2.3	2.6	2.8	3.4	3.7	3.9	4.2	5.3	6.5	6.5	5.8	4.9	3.4	2.9	2.9	2.9	3.1	3.3	3.8	3.8	3.7	3.7	3.8	3.8	3.3	3.3	3.2	2.7	2.7	2.6	2.6	2.6	2.4
	6	0	2.4	2.3	2.5	2.1	2.4	2.5	3.2	3.4	3.7	4	4.1	4.8	6	6.2	5.9	4.6	3.5	3.1	2.9	2.7	3.3	3.2	3.6	3.7	3.7	3.6	3.7	3.5	3.5	3.4	3	2.7	2.6	2.7	2.7	2.6	2.4
	7	0	2.5	2.3	2.4	2.3	2.3	2.9	3.4	3.6	3.8	4.1	4.4	5	5.9	5.9	5.3	5.1	3	3.1	2.5	2.7	3.2	3.1	3.4	3.5	3.5	3.4	3.5	3.4	3.2	3.2	2.8	2.6	2.7	2.8	2.7	2.7	2.5
	8	0	2.5	2.2	2.4	2.1	2.3	2.4	3.5	3.7	4	4.2	4.6	5.3	6.4	6.3	5.5	3.5	3.4	2.9	2.4	2.4	3	3	3.3	3.4	3.4	3.2	3.1	3.2	3.1	2.9	2.9	2.5	2.6	2.6	2.5	2.6	2.5
	9	0	2.3	2.2	2.3	2.2	2.2	2.6	3.4	3.7	4.1	4.4	4.8	5.7	7	7	6	4.2	3.3	3.1	2.9	2.9	2.8	3	3.2	3.2	3	2.9	2.9	2.7	2.8	2.8	2.6	2.4	2.3	2.4	2.3	2.4	2.3
	10	0	2.4	2.3	2.3	2.4	2.4	2.9	3.3	3.5	4	4.4	4.8	5.9	7.2	7.2	6.2	5.6	3.8	2.8	3.2	3.1	3.5	2.9	3.1	2.9	2.9	2.8	2.5	2.7	2.7	2.5	2.5	2.3	2.3	2.4	2.3	2.3	2.4
	11	0	2.3	2.3	2.4	2.4	2.4	2.6	3.2	3.6	4.1	4.5	4.8	5.8	7.1	7	6.2	4.6	4.1	3.4	3.4	3.5	3.8	3	3.2	3	3	2.6	2.5	2.6	2.5	2.5	2.4	2.2	2.3	2.4	2.4	2.5	2.3
	12	0	2.4	2.3	2.5	2.4	2.9	3.1	3.4	3.7	4.1	4.7	5	6	7.2	7.4	6.2	4.9	3.3	3.3	3.5	3.3	3.8	3.7	3.8	3.6	3	3	3.4	3.1	2.5	2.2	2.7	2.3	2.4	2.4	2.5	2.4	2.4
FREQUENCY BY DIRECTION                                                          																																							
	Month	calm	0	10	20	30	40	50	60	70	80	90	100	110	120	130	140	150	160	170	180	190	200	210	220	230	240	250	260	270	280	290	300	310	320	330	340	350	360
	ALL	20.1	4.49	2.06	1.74	1.03	0.67	0.82	1.69	3.18	5.6	8.83	10.08	11	14.02	5.68	2.21	0.87	0.43	0.33	0.61	0.39	0.68	1.2	1.84	2.47	2.29	1.56	1.31	1.44	1.04	0.91	0.88	0.79	0.95	1.45	2.13	3.32	4.49
	1	26.3	4.5	2.2	1.7	1.3	0.8	1.1	2.5	3.8	6.5	10.8	12	12.8	15.5	5.8	2	0.8	0.4	0.4	0.6	0.4	0.4	0.3	0.4	0.4	0.5	0.6	0.5	0.7	0.6	0.6	0.7	0.7	0.7	1.4	1.9	3.4	4.5
	2	26.9	3.8	1.8	1.8	1	0.8	1	1.6	3.1	5.7	9.2	11.3	13.1	17.2	7.1	2.9	1.1	0.5	0.3	0.6	0.4	0.6	0.5	0.9	0.8	1	0.9	0.6	0.6	0.7	0.6	0.7	0.8	0.8	1.2	1.7	2.9	3.8
	3	23.5	3.2	1.8	1.2	0.8	0.6	0.9	1.7	2.8	4.9	9	11	12.5	16	7	3.2	1.3	0.7	0.5	0.8	0.5	0.7	1.5	2.2	2.5	1.9	1.3	1	1	0.7	0.8	0.7	0.7	0.8	1	1.3	2.1	3.2
	4	21.4	2.2	1.3	0.9	0.7	0.5	0.7	1.4	2.1	4.3	6.8	8.3	10.6	18.2	7.8	3.4	1.4	0.5	0.5	1	0.6	1.2	2.2	3.5	4.6	3.4	2.1	1.6	1.4	0.9	0.8	0.7	0.6	0.5	0.9	1.1	1.5	2.2
	5	16.9	3.1	1.5	1.5	0.7	0.5	0.6	1.2	2.2	4	6.3	7.1	9.4	15.1	6.4	2.5	1	0.5	0.3	0.8	0.4	0.9	2	3.1	4.5	4.4	3.1	2.5	3	1.8	1.6	1.1	0.8	0.8	1.2	1.8	2.3	3.1
	6	13.5	5.6	2.4	2.7	0.9	0.6	0.6	1.3	3.1	5	6.9	6.9	6.9	9.2	3.8	1.7	0.7	0.4	0.3	0.6	0.4	1	1.6	2.6	4.4	4.2	3.3	2.7	3.3	2.2	1.6	1.4	1.2	1.2	1.9	3	4.6	5.6
	7	12	8.2	3.2	2.4	1	0.6	0.8	1.9	3.7	6.5	8.7	8.8	6.2	6.4	2.4	1	0.3	0.2	0.1	0.3	0.2	0.6	1.1	2	3.1	3.4	2.2	2.1	2.5	1.8	1.2	1.4	1.2	1.5	2.5	4	6.6	8.2
	8	15	8.3	3.6	2.2	1.3	0.7	0.7	1.6	3.6	6.5	9.1	9.6	7.8	6.8	2.5	0.9	0.5	0.2	0.2	0.4	0.3	0.7	1.5	2.2	3.4	3.1	1.8	1.6	1.5	1.2	1	1.1	1	1.5	2.3	3.5	5.7	8.3
	9	19.8	3.7	1.9	1.5	1	0.6	0.8	2	3.7	6.8	10.4	11.8	11.8	12.5	5	1.6	0.6	0.3	0.3	0.7	0.4	0.8	1.5	2.6	2.9	2.2	1.3	1	0.7	0.7	0.6	0.6	0.6	0.8	1.3	1.9	2.7	3.7
	10	18.4	1.9	0.9	1.2	0.8	0.6	0.8	1.7	3.2	5.4	9.4	11.9	14.7	20.9	7.5	2.7	1	0.4	0.5	0.6	0.5	0.6	1.1	1.2	1.2	1.3	0.8	0.7	0.7	0.6	0.5	0.5	0.5	0.6	0.8	0.9	1.5	1.9
	11	24.5	3.9	1.7	1.8	1.9	0.8	1	1.5	3.1	5.5	9.8	11.8	14	17.4	7.1	2.9	1.1	0.5	0.3	0.5	0.4	0.3	0.5	0.4	0.5	0.5	0.4	0.4	0.6	0.6	0.7	0.8	0.7	1	1.3	1.8	2.6	3.9
	12	23.6	4.6	2	1.9	1.1	0.9	1.1	2	3.7	6.3	10.4	11.8	14.4	15.7	6.7	2.3	0.8	0.6	0.3	0.5	0.3	0.3	0.4	0.4	0.4	0.4	0.4	0.5	0.5	0.4	0.5	0.6	0.6	0.9	1.3	2	3.2	4.6
FREQUENCY OF SPEED                                                              																																							
	Month	0	1	2	3	4	5	6	7	8	9	10	11	12	13	14	15	16	17	18	19	20	21	22	23	24	25												
	ALL	20.1	6.3	18.9	13.6	12.4	9.7	6.4	5.4	2.2	1.9	1.6	0.7	0.5	0.1	0.1	0.1	0	0	0	0	0	0	0	0	0	0												
	1	26.3	6.3	16.7	10.2	9.7	9.7	6.6	5.5	2.4	2.4	2.1	0.8	0.6	0.2	0.2	0.1	0	0	0	0	0	0	0	0	0	0												
	2	26.9	5.7	16	9.2	9.2	9.2	6.8	6.7	2.7	2.5	2.2	1.1	1	0.2	0.2	0.1	0	0	0	0	0	0	0	0	0	0												
	3	23.5	6.2	16.8	11.6	10.7	9.2	6.8	6.2	2.8	2.4	2	0.8	0.5	0.2	0.1	0.1	0	0	0	0	0	0	0	0	0	0												
	4	21.4	6.1	15.7	13.5	12.2	9.8	7	6.3	2.8	2.2	1.9	0.6	0.4	0.1	0.1	0.1	0	0	0	0	0	0	0	0	0	0												
	5	16.9	6.1	18.3	15.8	14.7	10.3	6.6	5.4	2.3	1.8	1.1	0.4	0.2	0.1	0	0	0	0	0	0	0	0	0	0	0	0												
	6	13.5	6.5	24.1	19.5	16	9.5	4.7	3.6	1.1	0.8	0.5	0.1	0.1	0	0	0	0	0	0	0	0	0	0	0	0	0												
	7	12	6.7	26.5	20.6	16.4	9.1	4.3	2.8	0.8	0.4	0.2	0.1	0	0	0	0	0	0	0	0	0	0	0	0	0	0												
	8	15	7.6	25.1	18.2	14.2	9.3	4.4	3.2	1.1	0.8	0.6	0.2	0.2	0	0	0	0	0	0	0	0	0	0	0	0	0												
	9	19.8	6.6	19.1	12.7	12.6	10.5	6.9	5.3	1.9	1.6	1.4	0.8	0.6	0.1	0.1	0.1	0	0	0	0	0	0	0	0	0	0
	10	18.4	5.3	14.8	11	12.4	10.7	8.1	7.7	3.6	3.2	2.3	1.1	0.9	0.3	0.1	0.1	0	0	0	0	0	0	0	0	0	0
	11	24.5	6.3	16.4	9.9	10.4	9.4	7.4	6.2	2.8	2.2	2	1	0.7	0.2	0.2	0.1	0.1	0	0	0	0	0	0	0	0	0
	12	23.6	6	16.5	9.9	10.1	10	7.4	6.3	2.7	2.5	2.8	1.1	0.8	0.2	0.1	0.1	0	0	0	0	0	0	0	0	0	0
PERCENT OF POWER BY SPEED                                                       																											
	Month	0	1	2	3	4	5	6	7	8	9	10	11	12	13	14	15	16	17	18	19	20	21	22	23	24	25
	ALL	0	0.1	1.6	3.3	6.4	9.4	10.8	15.1	9	10.3	11.6	6.6	6.5	2.2	1.8	1.6	0.4	0.3	0.5	0.1	0.1	0.4	0.2	0.5	0.1	0.9
	1	0	0.1	1.3	2.3	4.6	8.5	10	13.8	8.5	11.5	13.9	7.3	6.6	2.8	2.7	2.9	1.1	0.7	0.7	0.2	0.2	0	0	0.3	0	0
	2	0	0.1	1.1	1.8	3.8	7	9.1	14.9	8.5	10.8	12.8	8.5	10.2	3.1	2.8	2.6	0.2	0.1	0.8	0	0	0.5	0.3	0.6	0	0.4
	3	0	0.1	1.3	2.6	5	8.1	10.4	15.9	10.2	11.7	13.3	7.4	6.3	2.7	2.1	1.5	0.2	0	0.2	0	0.2	0.3	0	0.3	0	0
	4	0	0.1	1.3	3.2	6	9	11.3	16.6	10.5	11.4	13.1	5.4	5.2	1.4	1.4	1.7	0.1	0.1	0.7	0.2	0	0.3	0	0	0.4	0.5
	5	0	0.2	1.7	4.4	8.4	11	12.3	16.6	10.2	10.7	8.8	4.8	3.3	1.4	1	0	0.2	0	0	0	0	1	0.4	0.4	0.5	2.8
	6	0	0.2	3.4	7.9	13.6	14.9	13.2	16.4	7.6	7	5.9	1.2	1.8	0.4	0.2	0.6	0	0	0	0	0.4	0.5	0	1.3	0	3.5
	7	0	0.3	4.7	10.2	17.2	17.9	14.9	15.7	6.6	4.5	3.1	2	0.7	0	0	0	0	0	0	0	0	1.3	0	0	0	1
	8	0	0.3	3.6	7.6	12.5	15.3	12.7	15.1	7.3	7.4	7.4	2.6	3.9	1.1	0.8	0.2	0.3	0	0	0	0	0.5	0.6	0	0	0.9
	9	0	0.1	1.6	3.2	6.6	10.3	11.8	14.8	7.7	8.8	10	7.6	7.9	2.2	1.6	1.8	0.5	0.2	1	0	0	0	0	1.7	0	0.6
	10	0	0.1	0.9	2	4.6	7.4	9.6	15.3	10	12.3	11.7	8	8	3.1	2	1.3	0.4	0.8	0.3	0	0	0.9	0	0.3	0	1.1
	11	0	0.1	1.1	2	4.5	7.6	10.3	14.2	9.2	9.9	12.1	8.3	7.5	2.3	3	2.8	1.2	0.7	1	0.4	0.2	0.3	0.3	0	0.4	0.4
	12	0	0.1	1.1	2	4.1	7.6	9.8	13.6	8.3	10.5	15.6	8.3	8.8	2.2	1.7	1.7	0.4	0.4	1	0.4	0	0.2	0.6	0.6	0	1.2
PREVAILING DIRECTION BY HOUR                                                    																											
	Month	0	1	2	3	4	5	6	7	8	9	10	11	12	13	14	15	16	17	18	19	20	21	22	23	24	
	ALL	120	120	120	120	120	120	120	120	120	120	120	120	120	120	120	120	120	120	120	120	120	120	120	120	120	
	1	100	120	120	110	120	120	120	120	100	120	120	120	120	110	120	120	120	110	120	120	120	120	120	110	100	
	2	120	120	120	120	120	120	120	120	120	120	120	120	120	120	120	120	120	120	120	120	120	120	120	120	120	
	3	120	120	120	120	100	120	120	120	120	120	120	120	120	120	120	120	120	120	110	100	120	110	120	120	120	
	4	120	120	120	120	120	120	120	120	120	120	120	120	120	120	120	120	120	120	120	120	120	120	120	120	120	
	5	120	120	120	120	120	120	120	120	120	120	120	120	120	120	120	120	120	120	120	120	120	120	120	120	120	
	6	100	360	100	360	360	360	100	120	120	230	240	120	120	120	120	120	120	120	90	90	120	360	360	360	100	
	7	360	360	360	360	350	360	100	90	90	240	240	240	230	240	120	120	100	90	90	100	350	360	360	360	360	
	8	360	360	360	100	360	360	360	90	100	100	90	230	120	230	100	120	100	100	100	360	360	360	360	360	360	
	9	100	100	120	90	100	100	120	100	120	120	120	120	120	120	110	100	100	110	100	90	100	110	100	100	100	
	10	120	120	120	120	120	120	120	120	120	120	120	120	120	120	120	120	120	120	120	120	120	120	120	120	120	
	11	120	120	120	120	120	120	120	120	120	120	120	110	120	120	120	120	120	120	120	120	120	100	120	120	120
	12	120	110	110	120	110	110	110	120	120	120	120	120	120	120	120	120	110	120	120	120	120	120	120	110	120
SPEED FOR PREVAILING DIRECTION BY HOUR                                          																										
	Month	0	1	2	3	4	5	6	7	8	9	10	11	12	13	14	15	16	17	18	19	20	21	22	23	24
	ALL	6.85	6.83	6.94	6.92	6.85	6.77	6.62	6.75	6.84	7.06	7.09	7.23	7.08	7.01	7.06	6.91	6.71	6.77	6.68	6.71	6.75	6.87	6.68	6.76	6.85
	1	4.92	7.08	7.33	5.78	7	7.14	7.19	7.17	4.77	7.31	7.23	7.51	6.94	5.65	7.26	7.14	6.53	6.09	6.65	6.49	6.56	6.99	6.56	5.64	4.92
	2	7.57	7.43	7.11	7.25	7.17	7.45	7.42	7.51	7.39	7.51	7.28	7.67	7.63	7.45	7.61	6.92	7.23	6.97	6.93	7.05	7.43	7.62	7.34	7.64	7.57
	3	7.16	7.43	7.75	7.43	4.35	6.74	6.75	6.56	6.93	7.21	7.36	7.3	7.36	7.2	7.19	7.06	6.69	6.78	5.19	4.76	6.93	5.66	7.22	6.9	7.16
	4	6.32	6.31	6.58	6.61	6.59	6.11	6.63	6.61	6.58	7.35	7.21	7.45	7.33	7.26	7.15	6.99	6.37	6.42	6.26	6.31	6.29	5.94	6.32	6.06	6.32
	5	5.78	6.37	6.14	6.26	6.15	5.96	6.15	6.06	6.54	6.75	7.19	7.06	6.84	7.06	6.84	6.77	6.47	6.72	6.61	6.27	6.47	6.21	5.78	5.98	5.78
	6	3.94	2.35	3.92	2.13	2.06	2.17	3.98	5.74	6.45	3.48	3.81	6.84	6.76	6.45	6.62	5.96	5.94	5.81	4.22	4.17	5.46	2.78	2.47	2.37	3.94
	7	2.42	2.34	2.28	2.31	2.26	2.14	4.25	4.05	4.29	2.99	3.45	3.97	3.66	3.71	5.99	6.24	4.34	4.26	4.28	4.4	2.91	2.87	2.54	2.5	2.42
	8	2.26	2.13	2.21	4.61	2.21	2.21	2.24	4.26	4.74	4.94	4.24	3.53	6.7	3.65	4.88	6.86	4.78	4.53	4.52	2.92	2.72	2.51	2.27	2.29	2.26
	9	4.74	4.58	6.85	4.06	4.39	4.66	6.86	4.76	7.41	6.93	7.2	7.32	7.27	6.77	5.99	5.28	4.77	5.87	4.7	4.25	4.55	6.3	4.38	4.76	4.74
	10	7.39	7.11	7.25	7.1	7.19	6.75	6.6	7.31	7.06	7.2	7.12	7.28	7.11	7.31	7.41	7.26	7.09	6.95	6.95	6.98	7.51	7.34	7.15	7.15	7.39
	11	7.49	7.03	7.3	7.26	7.01	7.37	6.53	7.29	6.96	7.09	7.68	5.82	7.31	6.85	7.1	7.09	7.02	6.75	6.34	7.04	6.92	4.65	6.97	6.86	7.49
	12	6.92	5.57	5.72	7.55	5.96	5.75	5.57	6.96	6.97	7.46	6.81	7.15	6.93	6.92	7.13	7.03	6.22	7.45	7.31	7.33	7.4	7.37	7.43	5.79	6.92
