KAKE SEAPLANE BASE  AK - 703855                                                 														
 56 deg    58' N  133 deg    57' W - Elev    0m   LST=GMT+99 hours   *NT= -9    														
 01/73-09/79 01/81-09/02                                                        														
SPEED BY YEAR                                                                   														
	Year	ALL	JAN	FEB	MAR	APR	MAY	JUN	JUL	AUG	SEP	OCT	NOV	DEC
	ALL	2.89	3.05	3.07	3.21	2.92	2.8	2.38	2.26	2.39	2.68	3.48	3.39	3.39
	1973	2.48	2.63	2.91	2.71	2.8	2.81	1.9	2.13	2.33	1.87	2.56	2.52	2.38
	1974	2.36	2.17	2.97	2.09	2.2	3.31	2.38	1.96	1.95	1.83	2.65	2.38	2.74
	1975	2.11	2.2	2.7	1.95	2.13	2.01	2.09	2.01	1.81	1.9	2.23	2.12	2.16
	1976	2.16	2.24	2.09	2.32	1.95	2.3	2.2	2.17	1.88	1.75	2.37	2.3	2.08
	1977	3.01	1.85	2.65	2.15	4.21	3.25	3.45	3.08	2.06	3.07	4.19	3.23	2.85
	1978	3.39	2.49	3.57	3.66	2.69	3.88	3.13	3.01	2.64	3.24	4.93	3.43	3.7
	1979	3.1	3.25	2.59	4.28	2.66	3.28	3.15	2.58	2.46	3.56	-1	-1	-1
	1981	3.32	2.89	3.53	3.54	3.63	2.65	3.33	3.53	3.21	3.16	3.42	3.62	2.95
	1982	2.51	2.76	2.36	1.72	2.48	2.35	2.08	2.27	1.88	2.28	3.99	2.88	3.06
	1983	3.31	4.09	3.33	2.76	3.68	3.68	3.07	2.89	3.27	2.89	4.26	3.13	2.55
	1984	3.74	3.87	4.85	4.14	3.99	3.67	3.54	3.5	3.55	3.06	3.83	3.28	3.05
	1985	3.22	3.15	3.32	-1	-1	-1	-1	-1	-1	-1	-1	-1	-1
	1986	2.1	-1	-1	-1	-1	2.64	2.6	1.63	1.53	1.44	2.02	1.77	-1
	1987	2.83	-1	-1	-1	-1	-1	2.44	1.89	1.85	2.79	3.46	4.02	3.39
	1988	3.25	2.77	3.42	3.83	3.13	3.01	2.83	2.3	2.45	2.9	3.8	5.55	3.84
	1989	3.43	4.64	1.96	3.57	2.94	3.26	3.16	2.48	2.2	3.01	4.25	5.08	4.02
	1990	3.79	3.35	4.09	3.2	3.59	3.25	-1	-1	-1	3.89	4.54	4.38	3.93
	1991	3.43	2.64	3.67	3.64	3.63	3.2	3.59	2.8	4.11	2.83	3.22	4.53	4.01
	1992	4	4.11	3.5	3.87	3.21	4.11	4.9	-1	-1	-1	4.76	4.68	-1
	1993	2.62	-1	-1	-1	-1	1.87	2.07	1.88	2	2.22	2.88	3.63	3.8
	1994	2.72	2.98	3.31	3.47	2.72	3.13	1.79	1.96	1.32	2.57	3.6	3.6	2.66
	1995	2.33	1.39	2.77	2.53	3.1	2.16	1.88	1.97	1.81	1.75	2.86	2.86	2.92
	1996	2.75	2.33	2.78	2.85	2.73	2.31	2.6	2.08	2.35	2.63	3.45	3.15	3.42
	1997	2.79	2.9	3.32	3.67	2.91	2.03	2.23	2.01	1.58	2.27	3.28	2.84	4.43
	1998	3.06	3.01	3.54	2.97	3.32	2.5	2.58	2.43	2.89	2.88	3.64	3.25	4.04
	1999	3.54	4.09	4.1	3.77	3.58	3.47	2.4	2.6	2.79	3.34	4.25	4.05	3.95
	2000	2.34	3.08	1.61	3.78	2.64	1.94	1.33	1.45	1.72	2.34	2.95	2.91	1.99
	2001	3.23	3.46	1.86	2.69	1.81	3.59	2.85	3.13	2.97	4.05	4.12	4.2	4.13
	2002	2.84	3.88	3.87	3.14	2.73	3.05	2.42	2.17	3	3.45	-1	-1	-1
POWER BY YEAR                                                                   														
	Year	ALL	JAN	FEB	MAR	APR	MAY	JUN	JUL	AUG	SEP	OCT	NOV	DEC
	ALL	43	51	54	51	44	35	23	19	27	40	62	59	65
	1973	18	15	23	17	20	22	5	9	10	5	16	51	17
	1974	14	9	30	7	9	31	12	6	6	4	18	14	23
	1975	12	10	20	6	8	8	8	8	5	5	11	42	11
	1976	10	10	8	12	7	12	12	10	5	4	16	13	11
	1977	36	5	19	9	84	36	40	30	8	42	78	38	32
	1978	55	22	75	57	21	88	33	29	23	51	127	60	67
	1979	38	52	16	90	21	39	33	20	16	52	-1	-1	-1
	1981	46	36	57	60	46	23	37	42	38	54	43	45	65
	1982	28	30	57	5	26	24	14	16	8	23	64	39	37
	1983	45	69	45	34	60	51	34	27	43	26	81	42	21
	1984	68	74	108	112	92	54	51	48	47	37	69	65	40
	1985	58	61	54	-1	-1	-1	-1	-1	-1	-1	-1	-1	-1
	1986	14	-1	-1	-1	-1	19	21	6	6	7	16	7	-1
	1987	58	-1	-1	-1	-1	-1	35	19	17	38	135	84	73
	1988	73	64	72	94	66	54	47	25	37	67	91	237	75
	1989	78	157	36	73	40	52	38	26	21	63	140	140	114
	1990	95	59	91	71	110	66	-1	-1	-1	104	133	124	119
	1991	66	54	111	79	61	39	43	29	101	43	60	103	85
	1992	90	91	115	76	25	62	73	-1	-1	-1	119	128	-1
	1993	40	-1	-1	-1	-1	15	15	11	19	34	60	67	79
	1994	42	39	46	62	40	51	13	19	10	43	61	75	58
	1995	30	22	44	37	47	20	14	15	20	19	41	42	43
	1996	38	28	54	39	39	18	39	14	23	40	52	37	63
	1997	41	42	50	54	46	16	17	16	14	42	45	36	112
	1998	41	38	54	35	43	23	21	22	36	33	72	43	88
	1999	60	77	76	59	59	50	23	25	46	53	80	89	76
	2000	41	71	29	73	51	23	13	12	22	35	57	55	37
	2001	52	76	42	50	30	63	21	30	26	65	66	72	76
	2002	34	64	79	37	24	38	22	14	40	38	-1	-1	-1
NUMBER OF SPEED OBSERVATIONS BY YEAR                                            														
	Year	ALL	JAN	FEB	MAR	APR	MAY	JUN	JUL	AUG	SEP	OCT	NOV	DEC
	ALL	106174	8284	8151	8667	8299	9755	10071	10152	10148	8059	8340	8070	8178
	1973	590	50	53	49	44	30	25	42	61	49	63	59	65
	1974	727	68	65	72	50	27	59	56	57	60	52	64	97
	1975	1029	64	88	105	92	77	58	79	85	94	90	99	98
	1976	967	113	108	99	73	64	69	75	84	18	81	81	102
	1977	1038	104	89	96	78	58	43	73	38	55	107	138	159
	1978	2068	212	149	179	127	190	185	184	143	140	188	192	179
	1979	1682	205	204	205	196	202	190	194	149	137	0	0	0
	1981	2781	88	255	266	279	263	175	238	228	254	261	262	212
	1982	2311	195	166	219	219	164	196	199	172	189	194	205	193
	1983	2504	220	218	240	193	223	203	217	183	140	233	200	234
	1984	2371	235	209	223	239	223	218	218	194	149	159	140	164
	1985	220	125	95	0	0	0	0	0	0	0	0	0	0
	1986	1041	0	0	0	0	272	182	108	73	187	193	26	0
	1987	1254	0	0	0	0	0	145	198	177	189	195	159	191
	1988	1594	193	175	180	159	140	120	103	119	121	116	75	93
	1989	987	81	89	81	80	100	54	63	77	78	85	84	115
	1990	986	140	126	122	85	91	0	0	0	117	93	110	102
	1991	1048	121	115	117	120	114	77	66	56	93	54	68	47
	1992	241	41	51	56	14	32	5	0	0	0	29	13	0
	1993	5041	0	0	0	0	107	719	720	717	677	711	667	723
	1994	7795	710	560	702	684	429	696	728	740	707	734	574	531
	1995	8276	683	651	682	669	725	691	697	668	695	726	665	724
	1996	7876	456	693	712	701	738	710	501	732	496	728	697	712
	1997	8533	738	694	709	718	711	672	705	729	702	724	715	716
	1998	8076	650	605	713	716	715	713	707	723	688	505	725	616
	1999	8214	685	649	732	687	794	704	721	478	674	659	718	713
	2000	8308	724	679	731	705	676	600	600	723	716	715	710	729
	2001	7517	731	689	668	658	572	543	555	558	611	645	624	663
	2002	11099	652	676	709	713	2018	2019	2105	2184	23	0	0	0
NUMBER OF SPEED OBSERVATIONS BY HOUR                                            														
	Hour	ALL	JAN	FEB	MAR	APR	MAY	JUN	JUL	AUG	SEP	OCT	NOV	DEC
	0	3403	252	231	246	251	321	344	359	361	260	260	256	262
	1	3379	250	238	278	273	315	348	331	347	252	250	253	244
	2	3345	252	250	277	263	305	322	320	337	236	259	265	259
	3	3371	243	231	234	256	332	359	353	361	255	253	240	254
	4	3682	254	255	289	279	362	380	382	409	291	266	259	256
	5	4378	277	274	308	339	439	463	460	493	397	369	276	283
	6	5647	342	341	395	452	611	583	580	555	556	548	362	322
	7	5899	451	478	546	510	538	522	527	499	434	466	488	440
	8	5536	474	478	483	440	482	504	488	447	394	440	444	462
	9	5048	455	429	419	377	435	437	450	445	388	374	411	428
	10	5348	436	448	459	412	479	501	544	503	395	421	360	390
	11	4773	463	455	488	411	351	359	380	391	267	319	445	444
	12	4297	282	276	283	331	477	453	437	430	369	366	295	298
	13	4525	367	385	419	388	406	391	406	410	317	349	357	330
	14	5562	417	408	420	409	514	542	572	530	471	508	358	413
	15	5423	492	471	447	408	456	458	466	459	407	407	486	466
	16	4827	366	350	374	315	465	470	475	482	390	401	360	379
	17	5168	360	383	418	396	502	511	523	523	402	443	350	357
	18	4556	431	423	431	369	340	380	375	376	269	291	413	458
	19	3727	297	285	295	298	327	348	346	377	287	285	288	294
	20	3717	275	273	319	284	345	370	358	360	267	300	278	288
	21	3764	329	286	285	286	330	357	356	369	283	248	307	328
	22	3404	259	256	277	273	306	332	333	335	246	264	263	260
	23	3395	260	247	277	279	317	337	331	349	226	253	256	263
	24	3403	252	231	246	251	321	344	359	361	260	260	256	262
SPEED BY HOUR                                                                   														
	Hour	ALL	JAN	FEB	MAR	APR	MAY	JUN	JUL	AUG	SEP	OCT	NOV	DEC
	0	2.71	3.02	2.92	3.07	2.58	2.58	1.96	2.02	2.28	2.6	3.39	3.33	3.57
	1	2.71	3.13	3.1	3.2	2.69	2.52	1.89	1.94	2.19	2.56	3.42	3.4	3.36
	2	2.7	3.14	3.08	3.01	2.59	2.37	1.94	1.96	2.09	2.46	3.51	3.19	3.62
	3	2.64	3.12	2.88	2.95	2.44	2.38	1.88	1.89	2.31	2.54	3.39	3.3	3.49
	4	2.65	3.05	3.01	3.12	2.58	2.18	1.93	1.92	2.13	2.63	3.61	3.32	3.48
	5	2.55	2.99	2.89	3.12	2.57	2.11	1.73	1.7	2.04	2.55	3.38	3.43	3.46
	6	2.55	2.97	2.93	2.91	2.29	2.26	1.97	1.71	2.01	2.52	3.3	3.32	3.57
	7	2.65	2.83	2.94	2.8	2.39	2.55	2.15	2.01	1.98	2.51	3.44	3.23	3.22
	8	2.85	3.02	3	3.14	2.79	2.76	2.33	2.17	2.19	2.27	3.42	3.65	3.49
	9	3.04	3.16	3.06	3.21	2.96	2.93	2.51	2.54	2.67	2.77	3.69	3.58	3.57
	10	3.08	3.17	3.09	3.37	3.25	3.06	2.82	2.6	2.72	2.65	3.56	3.46	3.51
	11	3.15	3.04	3.12	3.44	3.6	3.36	2.89	2.64	2.75	2.86	3.61	3.27	3.15
	12	3.33	3.19	3.31	3.77	3.62	3.57	3.12	2.97	2.98	3.01	3.78	3.45	3.42
	13	3.4	3.23	3.34	3.57	3.9	3.64	3.14	2.91	3.13	3.11	3.77	3.48	3.53
	14	3.3	3.11	3.35	3.67	3.61	3.69	3.2	2.92	2.89	2.93	3.57	3.49	3.34
	15	3.2	2.85	3.2	3.52	3.55	3.58	3.01	2.87	2.94	3.02	3.44	3.41	3.09
	16	3.1	3.04	3.2	3.4	3.39	3.25	2.94	2.76	2.6	2.81	3.37	3.5	3.3
	17	2.94	3.01	2.94	3.06	3.08	3.05	2.81	2.69	2.48	2.56	3.25	3.44	3.19
	18	2.76	2.93	2.96	2.89	2.72	2.63	2.39	2.09	2.1	2.64	3.25	3.27	3.16
	19	2.68	3.09	3.23	3.25	2.52	2.35	1.97	1.84	1.83	2.54	3.46	3.38	3.33
	20	2.63	3.03	2.98	3.18	2.53	2.24	1.77	1.72	1.95	2.61	3.45	3.35	3.47
	21	2.66	2.99	2.88	2.92	2.58	2.43	1.87	1.77	2.06	2.71	3.6	3.38	3.32
	22	2.73	3.02	3.21	3.12	2.62	2.41	1.96	1.92	2.18	2.71	3.51	3.26	3.48
	23	2.75	3.17	2.88	3.13	2.58	2.44	1.94	1.88	2.42	2.76	3.42	3.34	3.66
	24	2.71	3.02	2.92	3.07	2.58	2.58	1.96	2.02	2.28	2.6	3.39	3.33	3.57
POWER BY HOUR                                                                   														
	Hour	ALL	JAN	FEB	MAR	APR	MAY	JUN	JUL	AUG	SEP	OCT	NOV	DEC
	0	37	48	49	45	29	25	16	13	23	36	59	55	71
	1	37	57	56	46	31	24	14	14	22	38	55	55	63
	2	39	59	54	48	29	21	15	13	22	32	60	50	81
	3	37	60	52	46	28	22	16	13	24	37	56	57	68
	4	37	51	49	47	30	21	17	13	21	38	66	56	66
	5	35	52	41	44	34	19	16	13	19	39	61	57	68
	6	38	46	44	42	30	24	17	11	21	45	77	56	66
	7	38	43	45	40	33	29	20	16	23	44	64	53	53
	8	46	53	53	60	47	34	22	21	25	34	61	78	72
	9	51	59	57	54	50	38	25	21	33	45	70	72	88
	10	46	54	56	58	52	38	27	22	34	35	59	60	71
	11	48	48	53	53	67	48	28	23	35	41	64	52	54
	12	52	54	62	65	61	53	33	28	40	46	74	61	64
	13	54	53	64	59	73	53	35	28	41	49	67	62	67
	14	51	59	62	61	61	57	37	28	35	42	61	68	65
	15	51	49	70	61	58	55	33	28	37	42	63	67	50
	16	47	54	64	53	58	43	30	26	31	40	60	60	59
	17	42	51	45	49	42	45	28	24	26	36	55	57	58
	18	38	42	44	45	39	32	21	18	23	39	48	48	58
	19	40	49	59	64	35	26	15	15	21	34	57	54	65
	20	37	47	55	48	32	23	13	12	21	36	61	54	64
	21	37	44	45	38	34	28	16	14	24	41	65	53	62																									
	22	39	50	63	44	32	25	15	14	25	39	63	54	67																									
	23	40	53	53	48	31	24	15	13	23	40	59	59	88																									
	24	37	48	49	45	29	25	16	13	23	36	59	55	71																									
SPEED BY DIRECTION                                                              																																							
	Month	calm	0	10	20	30	40	50	60	70	80	90	100	110	120	130	140	150	160	170	180	190	200	210	220	230	240	250	260	270	280	290	300	310	320	330	340	350	360
	ALL	0	3.06	3.11	2.98	2.94	3.09	3.24	2.55	2.54	2.57	3.06	3.69	4.17	4.7	4.69	4.88	4.07	3.18	3.01	2.78	2.78	2.68	2.32	2.41	2.45	2.09	2.19	2.37	2.58	2.81	3.16	3.13	2.97	2.95	3.08	3.15	3.29	3.06
	1	0	2.5	2.7	2.8	2.8	3.3	3.7	3.1	2.4	2.5	3.2	3.8	4.4	5	5.1	5	4.3	2.8	4	3.2	3.2	3.7	3.2	3.9	2.1	2.5	2	2.2	3.9	2.5	2.8	3.1	2.7	3.4	2.7	3.1	3.1	2.5
	2	0	3.2	3.4	3.1	3.2	3.5	3.5	2.6	2.5	2.7	3.1	3.8	4.4	5.1	5.4	5.3	4.1	3.2	3.6	3	4.2	3.4	2.5	3.2	4	2.6	2.5	2.8	2.4	2.8	2.7	2.9	3	3.2	3	3	3.4	3.2
	3	0	3.8	3.7	3.1	3.2	3.4	3.5	2.8	2.7	2.7	3.2	4	4.5	5.2	5.1	5.1	4.2	3	3.1	3.1	3	2.8	2.1	3.2	2.5	2	2.1	2.2	2.6	3.1	3.2	3.5	2.7	2.7	3.1	3.4	3.9	3.8
	4	0	2.9	3	3.2	3	2.9	3.2	2.6	2.7	2.6	3	3.5	4.3	5	5.1	4.7	4.2	3.3	3.2	3.2	3.1	3.3	2.7	2.8	2.7	2.3	2.5	3	3	3	3.4	3.3	3.4	3.2	3.5	3.3	3.4	2.9
	5	0	3	3	2.6	2.9	3.1	2.8	2.4	2.7	2.7	3.1	3.5	3.8	4.1	4.2	4.3	4.1	3.5	3	3	2.8	2.8	2.4	2.5	2.2	1.9	2.2	2.3	2.8	3	3.6	3.5	3.1	3	3.7	3.8	3.6	3
	6	0	2.6	2	2.4	2.4	2.6	2.2	2.1	2.4	2.4	2.7	3.1	3.6	3.6	3.7	3.8	3.9	3.2	2.8	2.4	2.4	2.2	2.2	2	2.2	2	2	2.3	2.6	2.9	3.2	3.2	3	2.6	2.4	2.4	2.3	2.6
	7	0	2.5	2.3	3.2	2	2.2	2.3	2	2.3	2.4	2.5	3	3.2	3.4	3.6	3.8	3.7	2.8	2.7	2.4	2.2	2.2	2.1	2	2	1.9	2	2.2	2.5	2.8	3	3	3	2.5	2.7	2.6	2.1	2.5
	8	0	2.3	3	2.5	2.4	2.4	2.7	2.2	2.5	2.5	2.8	3.3	3.6	4.2	4.5	4.7	3.9	2.7	2.8	2.3	2.4	2.2	1.8	1.8	1.9	1.9	2	2.1	2.3	2.6	2.8	2.7	2.6	2.6	2.4	2.4	3.2	2.3
	9	0	2.6	3.3	2.5	2.5	2.2	2.7	2	2.5	2.6	3.2	3.6	3.9	4.3	4.7	5.1	4.2	3	2.7	2.8	2.3	2.3	1.9	2.1	2.1	1.9	1.9	2	2	2.5	2.7	2.9	3	2.4	2	2.9	2.7	2.6
	10	0	3.5	3.2	3.4	2.9	3	3.2	2.5	2.5	2.6	3.3	3.9	4.4	5	4.8	5.3	4.4	3.8	3.3	3.5	3.6	2.9	2.6	3.1	3.8	2.1	3	2.4	2.4	2.5	3.1	2.8	3	3.3	3	3.2	3.2	3.5
	11	0	2.9	2.8	2.8	2.8	3	3.3	2.7	2.5	2.6	3.1	3.9	4.4	5.2	5.1	5.4	4	3.4	3.1	3	2.7	3.6	3.3	3.8	3.7	3	2.6	3.7	3.8	3.6	3.3	2.7	2.8	3.3	3.7	3.7	3.3	2.9
	12	0	3.2	3.1	3.5	3.4	3	3.5	2.6	2.5	2.5	3.1	3.9	4.5	5.2	5.5	5.7	4.3	3.4	4.7	2.9	3.9	2.6	2.7	2.3	2.5	3	2.7	2.4	3.4	3.1	4	3.3	2.6	3.8	2.9	3	3.2	3.2
FREQUENCY BY DIRECTION                                                          																																							
	Month	calm	0	10	20	30	40	50	60	70	80	90	100	110	120	130	140	150	160	170	180	190	200	210	220	230	240	250	260	270	280	290	300	310	320	330	340	350	360
	ALL	19.43	1.22	0.83	1.17	1.38	1.98	3.35	3.92	4.54	3.3	4.64	7.48	9.43	9.74	7.41	8.02	4.01	4.31	1.63	1.08	0.86	0.66	0.68	0.55	0.47	0.39	0.47	0.71	1.87	3.36	3.62	2.16	1.24	0.91	0.74	1.01	0.83	1.22
	1	19.6	1.6	1.2	1.9	2.6	4.3	7.2	5.7	6.4	4.1	5.7	9.7	13.2	11.7	6.3	7.1	1.6	2.5	0.6	0.2	0.3	0.1	0.3	0.1	0.1	0.1	0.1	0.1	0.1	0.2	0.3	0.5	0.4	0.9	0.4	1.2	1	1.6
	2	21	2.7	1.5	2.3	2.3	2.8	4.7	4.5	5.2	3.5	5.9	8.8	11.5	11.2	7.6	8.2	2.3	4.2	0.6	0.8	0.2	0.2	0.2	0.1	0.2	0.1	0.2	0.4	0.5	0.4	0.8	0.8	0.9	0.7	0.9	1.6	1.3	2.7
	3	15.3	2.4	1.8	1.9	2.7	3.9	5.6	5	4.9	3.1	4.7	6.5	8.7	8.7	5.8	8.2	3.4	4	1.4	0.8	0.6	0.6	0.6	0.5	0.6	0.3	0.4	0.6	1.1	1.4	2.1	1	1	1	1.2	1.6	1.5	2.4
	4	18.5	1	0.9	1.4	1.5	2	3.2	4.3	4.9	3.3	3.9	5.8	6.3	8.6	5.7	7.3	4.2	5	2.1	1.4	1.4	1.2	1.4	0.9	0.6	0.8	0.8	0.9	2.3	3.7	4.6	2.9	1.4	1.1	1.2	1.1	0.8	1
	5	17.4	1	0.7	0.9	1	1.6	2.5	3	4.3	2.6	3.1	5.1	6.1	7.2	6.7	7.3	5.3	4.7	2.6	1.8	1.7	1.5	1	0.8	0.7	0.6	1.1	1.2	3	5.4	6.4	3.4	1.5	1.2	1	1.1	0.9	1
	6	22.1	0.3	0.2	0.5	0.6	0.6	1.5	2.2	3	3	3.1	5.8	6.8	6.3	6.1	5.8	5	5.6	2.8	2	1.5	0.9	1	1.1	0.8	0.5	0.7	1.3	4.2	7.5	8.3	4.8	2.8	1.2	0.8	0.6	0.6	0.3
	7	22.9	0.7	0.4	0.5	0.5	0.5	1.3	2.4	3.3	2.5	3	4.3	6.4	7.5	7.1	7.1	5.3	5.1	2.5	1.6	1	1.1	1.2	1	0.7	0.6	0.7	1.3	4	8.5	7.6	4.9	2.4	1.4	0.6	0.8	0.4	0.7
	8	26.3	0.5	0.3	0.7	0.6	0.8	1.9	3	4.2	3.2	3.6	5.2	6.6	9	9.4	8.7	4.9	4.7	1.9	1.3	0.9	0.7	0.9	0.7	0.6	0.5	0.5	1	3.4	6.8	6.1	3.4	1.6	0.7	0.7	0.6	0.6	0.5
	9	24.8	0.3	0.2	0.3	0.8	1.1	2.2	4.2	4.3	2.7	4.5	7.3	8.3	10.8	11	11.5	5.6	4.7	2	1.3	0.8	0.6	0.6	0.3	0.5	0.4	0.4	0.7	1.9	3.1	3.6	2	0.8	0.5	0.1	0.6	0.1	0.3
	10	14.3	0.6	0.6	0.7	0.9	1.6	2.6	3.2	3.6	3	5.4	9.3	13.1	14.2	9.6	10.2	5.1	5.2	1.3	0.6	1.1	0.3	0.3	0.2	0.3	0.2	0.2	0.4	0.6	1	1.2	0.7	0.6	0.6	0.5	0.7	0.4	0.6
	11	12.4	2.2	1.6	1.9	1.7	2.5	4.2	5.4	5.5	4.6	6.6	11.5	14	10.9	6.4	7.2	2.5	2.7	0.9	0.4	0.4	0.3	0.3	0.2	0.3	0.2	0.2	0.3	0.2	0.2	0.3	0.3	0.4	0.6	0.7	1.2	1.5	2.2
	12	16.1	1.6	0.8	1.2	1.6	2.7	3.9	4.8	5.4	4.2	7.1	11.8	13.7	12.4	7.8	8.3	2.5	2.9	0.4	0.3	0.2	0.2	0.2	0.1	0.1	0.2	0.1	0.1	0.2	0.2	0.2	0.3	0.5	0.8	0.8	1.2	0.9	1.6
FREQUENCY OF SPEED                                                              																																							
	Month	0	1	2	3	4	5	6	7	8	9	10	11	12	13	14	15	16	17	18	19	20	21	22	23	24	25												
	ALL	19.4	11.3	21.5	17.3	13.2	8.9	4.4	2.3	0.8	0.4	0.3	0.1	0	0	0	0	0	0	0	0	0	0	0	0	0	0												
	1	19.6	10.2	19.7	15.7	14.2	10.7	5.1	2.5	1.1	0.5	0.4	0.2	0.1	0	0	0	0	0	0	0	0	0	0	0	0	0												
	2	21	9.2	18.6	15.8	13	10.6	5.9	3.6	1.1	0.5	0.4	0.1	0.1	0	0	0	0	0	0	0	0	0	0	0	0	0												
	3	15.3	10.1	20.3	17.3	15.2	10.7	6.1	3.3	0.9	0.4	0.3	0	0	0	0	0	0	0	0	0	0	0	0	0	0	0												
	4	18.5	10.6	22.5	18.2	13	8.3	4.5	2.6	1	0.4	0.3	0.1	0	0	0	0	0	0	0	0	0	0	0	0	0	0												
	5	17.4	12.3	23.1	18.4	14.1	8.9	3.5	1.4	0.5	0.1	0.1	0	0	0	0	0	0	0	0	0	0	0	0	0	0	0												
	6	22.1	13.8	25.6	19.5	11.1	5.7	1.4	0.5	0.1	0.1	0.1	0	0	0	0	0	0	0	0	0	0	0	0	0	0	0												
	7	22.9	14.2	27.4	19.4	10.3	3.9	1.5	0.3	0.1	0	0	0	0	0	0	0	0	0	0	0	0	0	0	0	0	0												
	8	26.3	13.5	22	16.4	11.2	6.1	2.7	1.2	0.6	0	0.1	0	0	0	0	0	0	0	0	0	0	0	0	0	0	0												
	9	24.8	12.2	19.8	14.6	11.5	8.9	4.4	2.3	0.8	0.3	0.2	0	0.1	0	0	0	0	0	0	0	0	0	0	0	0	0												
	10	14.3	8.4	17.4	17.7	16	12.3	7.3	4	1.3	0.8	0.5	0	0.1	0	0	0	0	0	0	0	0	0	0	0	0	0												
	11	12.4	10.1	20.6	17.3	16.3	11.9	5.2	3.5	1.3	0.6	0.5	0.1	0.1	0	0	0	0	0	0	0	0	0	0	0	0	0												
	12	16.1	9.7	18.1	15.8	14.5	11.6	6.4	4.1	1.7	1.1	0.5	0.1	0.1	0	0	0	0	0	0	0	0	0	0	0	0	0
PERCENT OF POWER BY SPEED                                                       																											
	Month	0	1	2	3	4	5	6	7	8	9	10	11	12	13	14	15	16	17	18	19	20	21	22	23	24	25
	ALL	0	0.5	4.1	9.4	15.4	19.4	16.3	14.1	7.2	4.7	4.3	1.4	1.3	0.2	0.2	0.4	0	0	0.2	0	0	0.1	0	0.3	0	0.2
	1	0	0.4	3.2	7.4	14.2	19.8	16	12.5	8.3	5.6	6	3.1	2.1	0	0.5	0	0	0	0.8	0	0	0	0	0	0	0
	2	0	0.4	2.8	7	12.2	18.6	17.7	17.5	7.9	5	4.8	2	1.5	0	0	1	0	0	0	0	0	0	0	1.7	0	0
	3	0	0.4	3.3	8.2	15.2	20.1	19.6	16.8	6.5	3.7	3.4	0.9	0.3	0.4	0	0	0	0	0	0	0	1.3	0	0	0	0
	4	0	0.5	4.2	9.9	14.8	17.6	16.3	15.4	8.6	5.4	4.7	1.3	0.7	0.5	0	0	0	0	0	0	0	0	0	0	0	0
	5	0	0.7	5.5	12.5	20.3	23.7	16.3	9.9	4.8	2.1	2.2	0	0.4	0	0.6	0	0	0	1	0	0	0	0	0	0	0
	6	0	1.2	9.2	19.7	24	22.7	9.6	6.3	1.8	1.5	2.1	1.3	0.6	0	0	0	0	0	0	0	0	0	0	0	0	0
	7	0	1.5	11.7	23.2	26.2	18.2	12.2	4.7	1.6	0	0	0	0	0.7	0	0	0	0	0	0	0	0	0	0	0	0
	8	0	1	6.4	13.6	20	20.6	15.6	10.9	7.4	0.8	2.5	0.7	0.4	0	0	0	0	0	0	0	0	0	0	0	0	0
	9	0	0.6	4	8.3	14.1	20.4	17.3	14.9	7.2	4.1	4.4	0.9	3.1	0	0	0.7	0	0	0	0	0	0	0	0	0	0
	10	0	0.3	2.4	6.8	12.9	18.1	18.5	16.5	7.7	6.8	5.2	0.7	1.5	0	0	0.9	0	0	0	0	0	0	0	0	0	2
	11	0	0.4	2.9	7	14.1	19	14.2	15.5	8.2	5.4	6.2	2.2	2.4	0.6	0.8	0.5	0	0	0.7	0	0	0	0	0	0	0
	12	0	0.3	2.3	5.8	11.3	16.8	16.2	16.5	9.8	8.7	5.4	2.1	1.2	0.6	0.3	1.3	0	0	0	0	0	0	0	1.4	0	0
PREVAILING DIRECTION BY HOUR                                                    																										
	Month	0	1	2	3	4	5	6	7	8	9	10	11	12	13	14	15	16	17	18	19	20	21	22	23	24
	ALL	100	100	100	110	100	110	110	140	140	140	120	120	140	140	140	140	140	120	120	120	110	110	110	110	100
	1	110	110	110	110	120	110	110	70	110	110	110	110	120	140	110	120	120	110	120	110	100	70	110	100	110
	2	110	70	110	110	110	110	110	100	140	140	110	120	120	140	140	140	140	110	120	120	120	100	120	100	110
	3	100	110	110	120	110	120	110	110	140	140	140	160	140	140	140	140	140	140	120	110	70	100	100	100	100
	4	100	100	100	100	70	60	140	120	120	120	160	280	290	140	290	140	120	140	290	120	130	60	70	100	100
	5	70	100	100	110	100	110	140	140	140	280	280	280	280	290	290	290	290	290	130	120	110	120	120	70	70
	6	100	110	70	100	110	100	130	140	130	290	280	280	290	290	290	290	290	290	290	110	100	100	110	100	100
	7	120	100	100	110	120	120	120	140	130	280	280	280	280	280	280	280	290	290	300	120	110	120	100	110	120
	8	100	100	100	120	110	120	120	130	130	120	140	280	280	280	280	280	290	290	130	130	130	110	70	120	100
	9	130	110	120	100	100	140	140	140	140	140	160	140	140	140	140	140	140	130	130	120	120	130	110	120	130
	10	100	110	120	120	100	120	140	140	120	120	120	140	140	140	140	140	120	110	110	110	110	110	110	110	100
	11	110	100	100	110	100	110	100	110	140	110	110	120	120	120	110	140	120	110	100	110	100	110	110	100	110
	12	110	100	100	110	100	110	110	120	140	140	110	110	110	120	110	110	120	110	100	120	110	110	110	110	110
SPEED FOR PREVAILING DIRECTION BY HOUR                                          																										
	Month	0	1	2	3	4	5	6	7	8	9	10	11	12	13	14	15	16	17	18	19	20	21	22	23	24
	ALL	3.62	3.5	3.52	4.02	3.63	3.86	3.88	4.39	5.04	5.06	4.84	4.85	5.03	5.07	4.85	4.98	4.84	4.53	4.7	4.7	4.06	4.12	4.18	4.08	3.62
	1	4.51	4.88	4.39	4.65	4.97	4.51	4.06	2.1	4.09	4.69	4.43	4.31	5.13	4.45	4.06	4.24	4.75	4.38	4.52	4.63	3.97	2.2	4.41	3.89	4.51
	2	4.43	2.57	4.29	4.66	4.48	3.58	4.6	3.45	5.49	5.48	4.3	4.69	4.96	4.92	4.67	5.14	5.28	4.36	5.21	5.63	5.63	4	5.21	3.77	4.43
	3	3.84	4.62	4.3	4.95	4.79	4.53	4.06	3.74	5.31	5	5.15	2.99	5.03	5.15	5	5.25	4.53	5.12	4.62	4.49	2.89	3.74	4.19	3.71	3.84
	4	3.1	2.94	3.17	3.18	2.5	2.41	4.17	4.72	5.28	5.7	3.32	3.06	3.57	5.63	3.96	5.44	5.93	4.39	3.08	5.03	3.79	2.68	2.98	3.33	3.1
	5	2.91	3.87	3.5	3.62	3.38	3.1	3.82	3.6	4.3	2.98	2.79	2.96	3.1	4.09	3.98	3.87	3.57	3.73	4.69	3.61	3.36	3.96	3.58	2.78	2.91
	6	3.33	3.42	2.35	3.22	3.31	3.17	3.44	3.4	4.28	2.63	2.79	2.75	3.63	3.53	3.55	3.47	3.75	3.3	2.85	3.52	3.01	2.95	3.24	3.01	3.33
	7	3.19	2.74	2.91	3.12	3.1	2.98	3.29	3.49	3.95	2.1	2.42	2.73	3.15	3.1	3.24	3.01	3.22	3.02	2.71	3.38	3.11	3.07	2.7	3.3	3.19
	8	3.42	3.12	3.28	3.81	3.41	3.4	3.55	4.02	3.86	4.24	5.22	2.44	2.77	2.93	2.8	2.94	2.76	2.82	4.46	4.11	4.19	3.72	2.77	4.96	3.42
	9	4.74	4.07	4.11	3.72	3.55	4.99	5.39	5.05	4.79	5.09	3.37	5.34	5.12	5.32	5.33	4.97	4.49	4.73	4.63	3.97	4.47	4.75	3.91	4.75	4.74
	10	3.96	4.63	5.52	5.06	3.81	4.63	5.28	5.14	4.58	4.89	4.76	5.57	5.39	5.64	5.08	5.27	4.93	4.48	4.02	4.36	4.25	4.25	4.33	4.48	3.96
	11	4.63	3.8	3.78	4.29	3.82	4.55	3.87	4.26	6.04	4.2	4.6	4.67	5.24	5.93	4.57	5.26	5.1	4.39	3.83	4.72	4.37	4.71	4.8	4	4.63
	12	4.97	3.78	3.9	4.81	4.6	4.81	4.7	5.05	6.06	6.03	4.76	3.92	4.24	4.87	4.51	4.36	4.87	4.66	4.06	5.51	4.78	4.19	5.12	4.83	4.97
