KETCHIKAN INTL ARPT AK - 703950                                                 														
 55 deg    21' N  131 deg    42' W - Elev   29m   LST=GMT+99 hours   *NT= -9    														
 01/73-09/02                                                                    														
SPEED BY YEAR                                                                   														
	Year	ALL	JAN	FEB	MAR	APR	MAY	JUN	JUL	AUG	SEP	OCT	NOV	DEC
	ALL	4.22	4.26	4.48	4.23	4.32	4.32	4.16	3.89	3.97	4	4.37	4.39	4.27
	1973	4.08	3.63	4.44	3.97	4.9	4.6	4.37	3.51	3.5	3.15	4.36	4.07	4.79
	1974	4.76	4.72	5.75	4.08	4.87	4.47	4.35	3.9	4.25	3.66	5.85	5.48	5.75
	1975	4.47	5.06	4.91	3.46	4.74	4.16	4.14	4.84	4.48	4.97	4.19	4	4.71
	1976	4.81	4.63	4.83	5.13	5.01	5.56	4.43	4.64	4.77	4.85	4.26	4.35	5.17
	1977	4.98	4.06	6.51	4.6	5.08	5.32	5.58	4.93	4.79	4.19	6.04	4.7	4.11
	1978	4.75	3.61	5.68	4.8	4.41	4.72	5.03	4.38	4.43	4.85	5.16	5.04	4.97
	1979	4.54	3.96	4.48	5.4	3.83	4.41	4.05	4.34	4	4.47	4.61	5.88	4.95
	1980	4.64	4.68	4.96	4.4	5.89	4.63	4.38	4.23	4.28	4.45	5.16	5.11	3.55
	1981	4.82	4.67	4.06	5.22	4.89	4.79	4.82	4.87	5.61	4.95	3.99	5.68	4.16
	1982	4.54	4.06	4.24	4.12	5.09	5.64	4.43	4.82	3.68	4.56	5.34	4.21	4.33
	1983	4.45	5.55	4.54	4.21	4.7	4.39	4.25	4.4	4.77	3.74	4.97	4.43	3.32
	1984	4.41	5.13	6.36	5.32	4.9	4.42	3.71	2.33	2.88	4.32	4.93	4.58	4.06
	1985	3.61	4.74	4.16	3.64	3.65	3	3.08	3.4	3.89	3.22	3.15	3.7	3.78
	1986	4.3	4.8	3.55	4.93	4.35	3.87	4.22	3.91	4.18	4.1	5.42	3.9	4.23
	1987	4.26	5.04	5.16	4.08	4.72	4.7	4.22	3.36	3.2	4.07	3.79	4.55	4.4
	1988	3.81	3.37	3.68	4.72	3.77	3.93	3.63	3.38	3.73	3.33	3.73	5.07	3.44
	1989	3.59	4.64	3.15	3.93	3.39	3.73	4.06	3	2.94	3.46	3.47	3.52	3.8
	1990	3.44	3.56	3.8	3	3.55	3.3	3.38	3.33	3.83	2.81	3.69	3.52	3.53
	1991	3.88	3.44	4.96	3.72	4.38	4.28	3.78	3.08	3.73	2.99	3.48	3.79	5.01
	1992	4.73	5.49	4.87	4.9	4.63	5.07	4.85	4.63	4.33	4.46	4.1	4.8	4.65
	1993	4.73	5.11	5.38	4.73	4.63	5.26	4.51	4.62	4.65	4.61	4.77	4.45	4.07
	1994	4.48	3.05	3.85	4.79	4.55	5.12	4.64	4.44	4.17	4.73	4.67	4.69	4.99
	1995	4.49	4.01	4.55	4.54	5.09	3.96	4.46	4.45	3.76	4.01	5.11	4.99	4.81
	1996	4.49	4.51	5.01	4.33	4.7	4.17	5.37	4.1	4.07	4.3	4.94	4.1	4.25
	1997	3.55	3.72	3.73	3.73	3.53	3.2	3.63	3.17	3.49	3.57	3.42	2.95	4.49
	1998	3.52	3.46	4.15	2.67	3.46	3.35	3.79	3.64	3.32	3.38	3.6	3.49	3.95
	1999	3.62	3.56	4.05	3.36	3.59	3.97	3.49	3.47	3.33	2.87	3.95	4.25	3.61
	2000	3.37	2.86	3.22	4.42	3.87	3.51	3.07	3.05	3.41	3.18	2.89	3.85	3.17
	2001	3.99	4.2	3.29	3.57	3.57	4.49	3.92	3.81	3.89	4.62	4.12	4.21	4.27
	2002	3.37	3.83	3.84	2.62	2.51	3.73	3.62	3.05	3.76	4.96	-1	-1	-1
POWER BY YEAR                                                                   														
	Year	ALL	JAN	FEB	MAR	APR	MAY	JUN	JUL	AUG	SEP	OCT	NOV	DEC
	ALL	106	126	136	112	110	98	80	67	71	84	129	134	127
	1973	115	98	114	102	134	128	83	59	55	52	195	124	166
	1974	145	123	231	76	127	139	82	76	75	78	234	211	282
	1975	127	202	210	69	129	90	77	107	93	129	153	128	150
	1976	153	170	185	184	166	185	83	105	97	140	143	146	216
	1977	151	83	292	150	163	133	153	111	110	81	309	151	98
	1978	132	84	220	134	90	119	117	81	85	145	171	153	181
	1979	121	114	101	182	78	101	67	75	58	104	121	254	179
	1980	121	130	149	114	241	97	72	72	71	90	163	190	75
	1981	145	144	85	198	138	105	123	124	165	168	96	262	132
	1982	121	90	90	87	189	200	86	100	58	99	207	115	132
	1983	110	220	129	101	105	87	87	90	109	69	168	107	44
	1984	117	176	259	186	132	86	55	17	35	77	152	151	79
	1985	85	166	119	74	80	64	42	50	69	43	67	119	129
	1986	124	211	119	178	133	84	92	68	77	82	177	114	154
	1987	127	206	178	109	173	131	102	52	59	102	96	169	159
	1988	103	114	100	151	109	93	73	60	69	72	82	227	87
	1989	82	175	51	106	62	69	81	39	33	58	99	109	105
	1990	77	84	95	73	73	47	59	48	66	44	109	121	101
	1991	89	88	202	81	110	98	63	44	82	57	47	59	146
	1992	112	181	145	105	98	130	106	92	71	95	83	123	118
	1993	114	172	211	137	91	128	84	83	84	88	120	99	79
	1994	94	32	75	114	93	116	87	71	60	104	116	122	138
	1995	96	80	98	104	119	62	88	72	52	62	140	137	126
	1996	94	87	127	100	105	79	126	63	71	73	118	69	104
	1997	65	84	64	84	64	41	52	39	45	61	62	46	141
	1998	67	73	108	37	72	47	50	49	49	49	90	70	117
	1999	75	82	121	64	67	87	54	43	47	43	90	121	88
	2000	72	76	74	126	81	62	38	38	61	56	68	98	82
	2001	86	115	74	79	69	101	56	52	54	107	104	96	120
	2002	54	66	93	33	28	55	61	35	63	92	-1	-1	-1
NUMBER OF SPEED OBSERVATIONS BY YEAR                                            														
	Year	ALL	JAN	FEB	MAR	APR	MAY	JUN	JUL	AUG	SEP	OCT	NOV	DEC
	ALL	233713	19830	18453	19818	19624	20189	19190	19955	20040	18871	19427	18860	19456
	1973	3620	216	181	186	190	175	192	289	403	352	508	475	453
	1974	7132	555	515	601	593	569	547	612	623	633	642	616	626
	1975	7814	618	572	634	632	638	608	666	691	685	688	682	700
	1976	7640	713	668	709	703	703	649	592	571	550	600	604	578
	1977	7088	584	527	583	555	658	577	586	639	599	596	584	600
	1978	7511	609	560	578	607	644	570	621	667	647	671	662	675
	1979	7888	692	626	670	661	678	630	646	634	621	647	672	711
	1980	8043	705	657	684	665	695	664	677	665	664	664	615	688
	1981	8194	701	633	707	676	706	690	692	677	668	696	689	659
	1982	8176	699	620	699	694	699	696	664	689	680	680	667	689
	1983	8157	704	653	703	660	700	679	648	700	657	695	673	685
	1984	8310	716	647	704	698	703	681	695	685	687	714	681	699
	1985	8262	691	619	703	696	708	663	706	705	696	703	652	720
	1986	8374	711	647	717	695	712	692	707	718	689	710	687	689
	1987	8342	705	630	714	688	704	683	721	700	677	729	674	717
	1988	8394	707	671	710	691	716	684	713	701	689	696	695	721
	1989	8397	709	643	708	686	722	702	712	711	697	707	682	718
	1990	8472	727	655	710	695	722	694	725	713	705	718	691	717
	1991	8495	721	658	722	703	732	694	719	716	702	713	696	719
	1992	8417	717	665	715	692	713	698	720	729	683	712	678	695
	1993	8336	714	649	710	695	715	701	708	712	679	682	680	691
	1994	8224	695	598	710	690	720	669	711	716	674	715	642	684
	1995	7924	682	638	631	667	706	683	692	551	634	692	650	698
	1996	7844	695	651	689	687	692	648	614	646	602	613	638	669
	1997	7845	660	630	627	653	650	658	693	677	634	642	660	661
	1998	7973	629	646	644	689	682	685	717	674	677	676	636	618
	1999	8132	659	649	667	665	693	680	725	688	660	647	671	728
	2000	8117	716	648	689	657	684	626	680	701	675	697	674	670
	2001	7401	658	657	673	676	642	551	639	587	632	574	534	578
	2002	5191	522	640	621	665	708	596	665	751	23	0	0	0
NUMBER OF SPEED OBSERVATIONS BY HOUR                                            														
	Hour	ALL	JAN	FEB	MAR	APR	MAY	JUN	JUL	AUG	SEP	OCT	NOV	DEC
	0	9494	810	746	804	792	835	762	811	807	757	803	776	791
	1	9573	803	767	819	802	829	781	804	804	771	796	774	823
	2	9513	799	763	807	791	838	787	808	807	759	778	776	800
	3	9559	816	763	811	813	841	770	804	821	773	798	764	785
	4	9669	806	753	819	821	835	796	814	834	776	811	791	813
	5	9757	819	768	822	815	834	798	867	836	772	823	785	818
	6	9784	841	761	827	806	849	800	841	827	792	816	803	821
	7	9860	838	780	829	812	854	823	868	856	791	805	782	822
	8	9893	831	780	830	834	859	828	857	854	793	823	789	815
	9	9801	829	781	833	827	848	797	833	815	802	820	795	821
	10	9916	831	796	828	841	870	833	853	872	801	806	783	802
	11	9938	868	780	852	838	848	813	851	850	805	810	808	815
	12	9882	835	792	849	827	852	812	849	852	786	824	799	805
	13	9863	839	780	848	833	855	822	845	844	792	796	796	813
	14	9894	844	798	838	837	850	811	848	854	808	803	788	815
	15	9657	812	757	817	809	810	792	829	848	790	823	765	805
	16	9839	840	767	838	825	840	812	848	853	804	814	778	820
	17	9774	821	753	823	821	834	791	858	840	795	825	786	827
	18	9718	826	754	827	815	836	796	823	837	786	808	790	820
	19	9729	839	764	826	806	834	791	808	838	798	831	777	817
	20	9730	829	765	824	812	830	786	808	844	794	814	792	832
	21	9644	826	764	832	818	833	797	802	814	777	797	781	803
	22	9627	823	764	812	814	841	797	811	819	776	801	789	780
	23	9599	805	757	803	815	834	795	815	814	773	802	793	793
	24	9494	810	746	804	792	835	762	811	807	757	803	776	791
SPEED BY HOUR                                                                   														
	Hour	ALL	JAN	FEB	MAR	APR	MAY	JUN	JUL	AUG	SEP	OCT	NOV	DEC
	0	3.74	4.12	4.35	3.74	3.45	3.52	3.35	3.09	3.25	3.51	4.1	4.35	4.12
	1	3.74	4.15	4.3	3.73	3.59	3.5	3.33	2.96	3.27	3.55	4.13	4.23	4.14
	2	3.71	4.16	4.3	3.68	3.51	3.43	3.3	2.92	3.23	3.55	4.1	4.21	4.17
	3	3.68	4.11	4.3	3.72	3.53	3.34	3.21	2.91	3.18	3.5	4.07	4.24	4.08
	4	3.7	4.11	4.16	3.77	3.55	3.38	3.21	2.88	3.26	3.58	4.15	4.26	4.11
	5	3.74	4.18	4.27	3.8	3.55	3.6	3.38	3.03	3.29	3.47	4.07	4.28	4.07
	6	3.88	4.15	4.27	3.82	3.71	3.86	3.74	3.39	3.57	3.52	4.21	4.24	4.17
	7	4.09	4.1	4.17	3.86	4.15	4.37	4.18	3.79	3.89	3.8	4.32	4.23	4.23
	8	4.36	4.2	4.33	4.17	4.6	4.66	4.48	4.3	4.29	4.18	4.49	4.35	4.2
	9	4.57	4.17	4.44	4.52	4.98	5.04	4.69	4.5	4.56	4.52	4.61	4.5	4.3
	10	4.77	4.32	4.71	4.89	5.23	5.24	4.88	4.7	4.73	4.69	4.91	4.47	4.41
	11	4.92	4.45	4.82	5.1	5.5	5.33	5.17	4.83	4.85	4.89	4.96	4.67	4.46
	12	5.01	4.59	5.05	5.1	5.56	5.45	5.2	4.98	4.99	4.98	5.08	4.77	4.35
	13	5	4.47	5.05	5.12	5.6	5.36	5.24	4.98	5.03	4.88	4.99	4.78	4.45
	14	4.96	4.49	5.07	5.05	5.45	5.35	5.17	4.89	4.92	4.85	5	4.69	4.52
	15	4.82	4.41	4.93	4.94	5.21	5.34	5.12	4.8	4.81	4.58	4.67	4.6	4.46
	16	4.65	4.31	4.63	4.75	5.06	5.13	4.84	4.73	4.57	4.34	4.53	4.38	4.46
	17	4.4	4.32	4.4	4.38	4.64	4.77	4.67	4.44	4.35	3.97	4.29	4.32	4.29
	18	4.19	4.24	4.37	4.02	4.22	4.47	4.4	4.13	4.02	3.75	4	4.37	4.32
	19	3.99	4.28	4.24	3.86	3.89	4.02	4.06	3.81	3.62	3.58	4.05	4.26	4.27
	20	3.88	4.32	4.29	3.81	3.66	3.74	3.7	3.47	3.4	3.53	4.09	4.25	4.29
	21	3.81	4.21	4.35	3.83	3.63	3.51	3.52	3.28	3.33	3.51	4.02	4.28	4.24
	22	3.79	4.15	4.33	3.85	3.63	3.58	3.43	3.17	3.32	3.6	3.99	4.29	4.22
	23	3.78	4.2	4.36	3.84	3.57	3.5	3.43	3.13	3.33	3.46	4.04	4.34	4.15
	24	3.74	4.12	4.35	3.74	3.45	3.52	3.35	3.09	3.25	3.51	4.1	4.35	4.12
POWER BY HOUR                                                                   														
	Hour	ALL	JAN	FEB	MAR	APR	MAY	JUN	JUL	AUG	SEP	OCT	NOV	DEC
	0	92	121	130	92	80	72	53	46	49	66	125	151	122
	1	93	128	124	95	91	71	52	41	52	70	129	134	134
	2	91	130	127	92	79	69	60	41	47	77	120	122	126
	3	89	131	126	94	82	66	50	40	50	71	114	126	118
	4	89	121	122	95	86	66	49	40	50	75	118	135	121
	5	91	120	126	93	83	73	56	43	54	81	117	136	120
	6	95	128	128	94	88	80	62	53	58	67	121	136	120
	7	100	124	128	96	101	99	74	64	67	76	123	123	126
	8	109	117	128	118	119	105	82	84	83	87	136	128	127
	9	115	111	132	120	133	121	91	82	88	97	140	130	129
	10	125	132	139	142	150	132	101	88	96	104	158	131	135
	11	129	131	140	141	156	143	113	94	100	117	151	135	134
	12	135	139	152	152	160	139	122	102	109	114	157	144	125
	13	131	126	152	141	163	135	120	102	108	110	147	141	132
	14	130	130	160	135	150	128	115	95	101	109	154	144	139
	15	123	130	167	128	138	132	113	93	96	99	124	137	130
	16	118	125	145	129	128	130	97	94	85	88	134	133	129
	17	108	126	126	117	114	105	99	77	81	77	121	131	127
	18	103	123	129	101	98	100	84	69	64	82	109	138	138																									
	19	97	129	127	100	91	90	70	58	55	69	114	135	127																									
	20	94	130	129	99	82	84	60	49	51	68	122	133	122																									
	21	92	130	137	98	84	63	55	46	48	67	116	133	126																									
	22	93	120	142	108	86	74	55	44	48	69	118	128	122																									
	23	95	123	144	104	88	69	69	44	50	65	122	143	120																									
	24	92	121	130	92	80	72	53	46	49	66	125	151	122																									
SPEED BY DIRECTION                                                              																																							
	Month	calm	0	10	20	30	40	50	60	70	80	90	100	110	120	130	140	150	160	170	180	190	200	210	220	230	240	250	260	270	280	290	300	310	320	330	340	350	360
	ALL	0	4.5	3.73	3.22	3	3.3	3.29	3.28	3.68	3.42	3.59	3.94	4.27	4.71	5.41	5.85	5.7	5.01	4.29	3.91	3.67	3.32	2.84	2.35	2.3	2.28	2.45	2.56	2.96	3.3	3.78	4.11	4.27	4.36	4.5	4.72	4.83	4.5
	1	0	5	3.8	3.4	4.2	2.9	3.2	3.8	3.4	3.9	3.5	3.5	4.5	4.9	5.9	6.3	6.2	5.5	4.3	4	4.1	3.6	2.9	2.3	2.2	2.1	2.2	2.3	2.8	3.2	3.6	4	4.3	4.5	4.7	5	5.2	5
	2	0	4.8	3.7	3.1	3.4	3.3	3.3	3.4	3.5	3.2	4.1	4.3	5.1	5.5	6.1	6.6	6.4	5.6	4.6	4.4	4	3.6	3	2.4	2.3	2.2	2.5	2.5	3.2	3.4	3.9	4.2	4.1	4.3	4.8	4.9	5.1	4.8
	3	0	4.3	3.8	3.6	3.2	3.5	3.6	3.3	3.5	3.5	3.6	3.9	4.3	5.1	5.8	6.3	6	5	4.5	3.9	3.7	3.1	2.7	2.3	2.2	2.2	2.4	2.3	2.9	3.4	3.7	4.1	4.2	4.2	4.5	4.5	4.4	4.3
	4	0	4.1	3.5	2.6	2.9	3.2	3.4	2.9	4.4	3.7	3.7	3.9	4.4	5	5.8	6.1	5.9	5.2	4.5	3.9	3.4	3.1	2.3	2.2	2.1	2.2	2.3	2.4	2.6	3.2	3.8	4.1	4.2	4.4	4.4	4.7	4.7	4.1
	5	0	4.4	3.6	3.4	2.9	4.1	2.7	3	3.2	3.4	3.4	4.1	4.3	4.7	5.3	5.7	5.5	5	4.3	3.8	3.5	3	2.6	2.5	2.3	2.2	2.4	2.5	3.1	3.3	3.9	4.2	4.3	4.5	4.6	4.7	4.8	4.4
	6	0	4.4	3.9	2.8	2.6	2.6	2.5	2.7	2.6	3	3.4	3.8	4.4	4.4	4.8	5.1	5.1	4.8	4.3	3.5	3.3	2.8	2.7	2.4	2	2.3	3	2.1	3	3.4	4.1	4.1	4.2	4.3	4.4	4.8	4.8	4.4
	7	0	4.6	3.9	2.8	2.4	2.7	2.7	2.6	3.7	2.8	3.5	3.8	4.2	4.1	4.3	4.7	4.6	4.4	3.9	3.5	3.1	2.9	2.3	2.1	2.5	2.2	2.4	2.7	2.7	3.5	3.9	4.1	4.3	4.4	4.5	4.8	4.9	4.6
	8	0	4.6	3.7	2.6	2.4	2.2	2.2	2.7	2.6	2.9	3.3	3.6	3.9	4.2	4.6	4.9	4.8	4.3	3.9	3.4	3.2	2.7	2.2	2.1	2.1	2	2.5	2.2	2.6	3.2	4	4.3	4.5	4.4	4.5	4.7	4.9	4.6
	9	0	4.4	3.5	4.5	2.3	2	3	6.6	2.1	2.9	3.1	3.5	3.8	4.4	5.1	5.4	5.2	4.7	4	3.9	3.4	3.2	2.7	2.2	2.2	2.3	2.3	2.6	3.1	3.2	3.7	3.9	4.3	4.3	4.3	4.5	4.9	4.4
	10	0	4.3	3.4	2.8	2.9	2.7	5	3.5	4.6	4	4.3	4.9	4.3	5.1	5.8	6.2	5.9	5.1	4.3	3.9	3.6	3.4	3	2.4	2.4	2.5	2.7	2.8	3	3.5	3.6	3.9	4.1	4	4.1	4.3	4.1	4.3
	11	0	4.5	3.8	3.4	3.1	4	3.4	3.3	4.6	3.6	3.6	4.4	4.3	5.1	6	6.3	6.2	5.2	4.3	4	3.8	3.5	3.2	2.4	2.6	2.5	2.8	3.2	3.1	3.5	3.8	4.3	4.3	4.4	4.4	4.7	4.7	4.5
	12	0	4.6	3.9	3.8	3.1	4.3	3	2.5	3.9	3.5	3.8	3.3	4.4	5.1	6	6.4	6.1	5.1	4.2	4	3.6	3.5	3.1	2.5	2.5	2.3	2.5	2.5	3.1	3.1	3.7	4.1	4.3	4.5	4.7	5	5.1	4.6
FREQUENCY BY DIRECTION                                                          																																							
	Month	calm	0	10	20	30	40	50	60	70	80	90	100	110	120	130	140	150	160	170	180	190	200	210	220	230	240	250	260	270	280	290	300	310	320	330	340	350	360
	ALL	10.45	1.34	0.31	0.15	0.1	0.11	0.1	0.12	0.16	0.22	0.47	1.09	2.62	6.34	9.83	12.8	10.29	7.04	5.52	4.84	2.54	1.41	0.79	0.57	0.5	0.5	0.44	0.4	0.67	0.97	2.09	4.23	4.73	4.31	4.45	4.59	3.36	1.34
	1	12.1	1.1	0.2	0.1	0.1	0.1	0.1	0.1	0.1	0.1	0.2	0.6	1.3	3.9	8	12.6	11	8	6.9	7.5	3.9	2.5	1.4	1.1	0.7	0.7	0.7	0.6	1.1	1.5	3.1	5.1	5.1	3.7	2.9	2.2	1.9	1.1
	2	11.2	1.1	0.2	0.2	0.1	0.2	0.1	0.2	0.3	0.1	0.4	0.6	1.6	4.4	8.6	12.5	10.6	7.4	6.4	5.8	3.1	1.9	1.1	0.7	0.6	0.7	0.5	0.6	1	1.4	3.1	5.3	4.7	4.3	3.9	3.7	2.4	1.1
	3	11.6	1.3	0.3	0.2	0.2	0.2	0.2	0.2	0.2	0.3	0.6	0.9	2	5.3	9.2	13.4	10.6	7.1	5.4	5.2	2.8	1.7	1.1	0.7	0.8	0.8	0.6	0.5	0.8	1.2	2.5	4.3	4.7	4.1	4.2	4	2.6	1.3
	4	10.3	1	0.3	0.2	0.1	0.1	0.1	0.1	0.3	0.3	0.6	1.3	2.8	6.5	10.1	13.1	10.7	6.8	5.4	4.4	2.4	1.2	0.7	0.6	0.5	0.4	0.4	0.3	0.6	0.8	1.9	3.9	4.8	4.3	4.7	4.9	3.1	1
	5	8.5	1.5	0.4	0.3	0.1	0.1	0.1	0.1	0.1	0.3	0.6	1.8	3.6	7.6	10.2	12.4	9.2	6.5	4.4	3.3	1.7	0.9	0.5	0.4	0.3	0.3	0.3	0.3	0.4	0.7	1.6	3.8	4.5	4.9	6	6.4	4.5	1.5
	6	7.9	1.9	0.4	0.1	0.1	0.1	0.1	0.1	0.1	0.3	0.6	1.7	4.2	8.1	10	11.5	9.8	6.8	4.2	3	1.1	0.6	0.3	0.2	0.2	0.3	0.2	0.1	0.4	0.6	1.3	3.2	4.6	5	6	7.4	5.3	1.9
	7	9.9	2.2	0.4	0.1	0.1	0.1	0.1	0.1	0.1	0.2	0.5	1.8	4.9	9.4	10.7	12	8.7	5.7	3.9	2.6	1.2	0.6	0.3	0.2	0.1	0.2	0.2	0.1	0.3	0.5	1	3.1	4.4	5	6.3	7.6	5.6	2.2
	8	9.7	2.1	0.4	0.1	0.1	0.1	0.1	0.1	0.1	0.2	0.5	1.1	3.7	7.4	9.8	11.1	8.5	5.5	3.5	2.7	0.9	0.5	0.4	0.3	0.3	0.2	0.2	0.3	0.5	0.6	1.8	4.5	6.2	6.3	6.7	7.5	6	2.1
	9	11	1.5	0.3	0.1	0.1	0	0.1	0.1	0.1	0.2	0.4	0.9	2.5	7.4	11.1	13	9.7	6.3	4.7	3.4	1.7	0.8	0.6	0.5	0.4	0.5	0.5	0.4	0.6	0.8	1.9	4.5	5.8	5	5	5.2	4	1.5
	10	11.4	0.7	0.2	0.1	0.1	0.1	0.1	0.2	0.3	0.3	0.6	1.2	2	6.9	12.1	16.1	12.5	8.3	6.4	5.5	2.9	1.3	0.9	0.6	0.5	0.5	0.5	0.4	0.6	0.9	1.6	3.1	3.3	2.9	2.7	2.4	1.5	0.7
	11	10.5	0.7	0.3	0.1	0.1	0.1	0.1	0.1	0.1	0.2	0.4	0.6	1.3	4.5	9.2	13.3	11.5	8.2	7.5	7.4	4.3	2.6	1.1	0.8	0.6	0.6	0.6	0.6	0.9	1.1	2.7	5.1	4.5	3.4	2.2	1.8	1.3	0.7
	12	11.4	0.9	0.3	0.2	0.1	0.1	0.1	0.1	0.1	0.2	0.4	0.5	1.2	4.5	8.9	12.7	10.9	8.2	7.9	7.8	4.6	2.4	1.2	0.9	0.8	0.8	0.7	0.7	0.9	1.6	2.7	4.9	4.2	2.8	2.3	1.7	1.9	0.9
FREQUENCY OF SPEED                                                              																																							
	Month	0	1	2	3	4	5	6	7	8	9	10	11	12	13	14	15	16	17	18	19	20	21	22	23	24	25												
	ALL	10.4	4	16.1	15.8	15.4	14.4	9.6	6.9	2.4	2.1	1.5	0.5	0.4	0.1	0.1	0.1	0	0	0	0	0	0	0	0	0	0												
	1	12.1	4.9	17.8	14.8	12.5	11.6	8.7	7.3	2.8	3	2.4	1	0.8	0.2	0.1	0.1	0	0	0	0	0	0	0	0	0	0												
	2	11.2	4	15.7	13.8	12.9	13.1	9.6	8.8	3.4	2.9	2.4	0.9	0.6	0.2	0.2	0.2	0	0	0	0	0	0	0	0	0	0												
	3	11.6	4.5	16.5	14.9	13.9	13.1	9.2	7.8	2.9	2.6	2	0.6	0.3	0.1	0	0	0	0	0	0	0	0	0	0	0	0												
	4	10.3	4.2	15	14.9	15.1	14.6	9.8	7.9	2.9	2.6	1.6	0.6	0.3	0.1	0	0	0	0	0	0	0	0	0	0	0	0												
	5	8.5	3.2	14.4	15.9	17	17.6	11.1	6.7	2.4	1.8	0.9	0.4	0.3	0	0	0	0	0	0	0	0	0	0	0	0	0												
	6	7.9	2.8	14.8	17.1	19	18.2	11.2	5.8	1.6	0.9	0.4	0.1	0	0	0	0	0	0	0	0	0	0	0	0	0	0												
	7	9.9	4	15.6	17.1	19.3	17.9	9.6	4.5	1.2	0.5	0.2	0	0	0	0	0	0	0	0	0	0	0	0	0	0	0												
	8	9.7	3.9	15.1	17	19.1	17.3	10.3	5.2	1.3	0.7	0.3	0.1	0.1	0	0	0	0	0	0	0	0	0	0	0	0	0												
	9	11	3.7	16.5	17.4	16.7	14.7	9.2	6.2	1.9	1.4	0.8	0.2	0.2	0	0	0	0	0	0	0	0	0	0	0	0	0
	10	11.4	3.9	16.6	15.7	13.1	12.1	8.8	7.9	2.8	2.9	2.5	0.8	0.8	0.2	0.2	0.2	0	0	0	0	0	0	0	0	0	0
	11	10.5	4.1	17.3	15.6	13.4	12	8.7	7.6	2.9	2.9	2.2	1	0.7	0.2	0.2	0.2	0.1	0	0.1	0	0	0	0	0	0	0
	12	11.4	5.1	18.4	15.5	12.4	10.9	8.4	7.6	3	2.9	2.4	0.9	0.7	0.1	0.2	0.1	0	0	0	0	0	0	0	0	0	0
PERCENT OF POWER BY SPEED                                                       																											
	Month	0	1	2	3	4	5	6	7	8	9	10	11	12	13	14	15	16	17	18	19	20	21	22	23	24	25
	ALL	0	0.1	1.3	3.5	7.1	12.4	14.2	17.2	8.5	9.9	9.7	4.9	4.8	1.3	1.4	1.5	0.6	0.1	0.4	0.2	0.2	0.3	0	0.1	0.1	0.3
	1	0	0.1	1.2	2.8	4.9	8.5	11	15.3	8.3	11.9	13.2	7.1	7.8	1.8	2.1	2.3	1	0.1	0.2	0	0	0	0	0	0	0.4
	2	0	0.1	1	2.4	4.8	9	11.4	17.3	9.5	10.7	11.9	6.4	5.4	1.9	2.4	3	0.8	0.2	1.2	0.2	0.2	0	0.3	0	0	0
	3	0	0.1	1.2	3.2	6.1	10.8	13.1	18.5	9.6	11.7	12.2	5	3.9	1.3	0.6	0.4	0.4	0.1	0.5	0.4	0	0.5	0	0.3	0	0
	4	0	0.1	1.1	3.2	6.8	12.2	14.1	18.9	9.8	12	10	5.6	3.3	1.1	0.6	0.3	0.5	0	0	0	0	0.3	0	0	0	0
	5	0	0.1	1.2	3.9	8.5	16.4	17.7	17.8	9.1	9.1	6.3	3.3	3.5	0.3	0.6	0.1	0	0.2	0	0	0	0.9	0	0	0.5	0.5
	6	0	0.1	1.6	5.1	11.6	20.5	21.6	18.7	7.5	5.7	3.3	1.7	0.6	0.1	0	0	0	0	0	0	0.4	0.4	0	0.5	0	0.7
	7	0	0.1	1.9	6	14	24	22	17	6.5	3.9	2.3	0.4	0.4	0.2	0	0	0	0	0	0	0	0.5	0	0	0.7	0
	8	0	0.1	1.8	5.6	13	21.8	22.2	18.5	6.4	4.9	2.6	0.8	1	0.1	0.6	0.2	0	0	0	0	0.4	0	0	0	0	0
	9	0	0.1	1.6	4.8	9.6	15.8	16.9	19.1	8.4	8.4	6.4	2.6	2.7	0.6	0.5	0.6	0	0	0	0	0	0	0	0	0.5	1.2
	10	0	0.1	1.1	2.9	4.9	8.5	10.8	16.2	8.1	11.2	12.9	5.9	8.1	2.1	2.3	2.7	0.8	0	0.6	0.2	0.6	0.2	0	0	0	0
	11	0	0.1	1.1	2.8	4.9	8.1	10.3	15	8	11	11.4	6.8	6.9	2.3	2.4	3.1	1.5	0.5	1.4	0.7	0.4	0.7	0	0.3	0	0.4
	12	0	0.1	1.2	2.9	4.8	7.9	10.4	16	9	11.6	12.9	6.3	7.3	1.6	2.7	2.3	0.9	0.1	0.6	0.4	0.2	0.2	0	0	0	0.4
PREVAILING DIRECTION BY HOUR                                                    																											
	Month	0	1	2	3	4	5	6	7	8	9	10	11	12	13	14	15	16	17	18	19	20	21	22	23	24	
	ALL	140	140	140	140	140	140	140	140	140	140	140	140	140	140	140	140	140	140	140	140	140	140	140	140	140	
	1	140	150	140	140	140	140	140	140	140	140	140	140	140	140	150	150	140	140	140	150	140	140	140	140	140	
	2	140	150	140	140	140	140	140	140	140	140	140	140	140	140	140	140	140	140	140	150	150	150	140	140	140	
	3	140	140	140	140	140	140	140	140	140	140	140	140	140	140	140	140	130	140	140	150	150	140	140	140	140	
	4	140	140	140	140	140	140	140	140	140	130	130	140	140	130	140	150	140	140	140	140	140	140	140	140	140	
	5	140	140	140	140	140	140	140	130	140	140	140	140	140	140	140	120	140	140	130	140	140	140	140	150	140	
	6	140	150	140	140	140	140	140	140	340	340	340	130	340	340	120	120	120	120	140	140	140	140	150	140	140	
	7	150	140	140	140	140	140	140	140	340	120	340	340	340	130	120	120	120	120	130	140	140	140	140	140	150	
	8	140	140	140	140	140	140	150	140	140	340	340	340	340	340	120	130	130	130	130	140	130	140	140	140	140	
	9	140	140	140	140	140	140	140	140	140	130	130	140	140	140	130	120	140	130	130	140	140	140	140	140	140	
	10	140	140	140	140	140	140	140	140	140	140	140	140	140	140	150	140	140	140	140	140	140	140	140	140	140	
	11	140	140	140	140	140	140	150	140	150	140	140	140	140	140	140	140	140	140	140	140	140	140	150	140	140
	12	140	150	140	150	150	140	140	140	140	140	150	140	140	140	140	140	140	150	140	140	140	140	140	140	140
SPEED FOR PREVAILING DIRECTION BY HOUR                                          																										
	Month	0	1	2	3	4	5	6	7	8	9	10	11	12	13	14	15	16	17	18	19	20	21	22	23	24
	ALL	5.65	5.64	5.71	5.63	5.58	5.6	5.61	5.66	6	6.14	6.11	6.26	6.12	6.24	6.25	6.13	6.02	5.88	5.69	5.61	5.66	5.56	5.63	5.66	5.65
	1	6.26	6.38	6.28	6.29	6.67	5.98	6.43	6.6	6.29	5.98	5.94	6.48	6.35	6.13	6.51	6.63	6.93	6.57	5.99	5.97	6.25	6.24	6.49	6.26	6.26
	2	6.83	5.59	6.47	6.77	6.23	6.17	6.06	6.44	6.64	6.35	6.14	6.42	6.61	6.68	7.05	6.7	6.89	6.73	6.53	6.41	6.7	6.55	6.69	7.1	6.83
	3	5.72	6.35	5.83	5.8	5.95	6.12	6.43	5.87	6.29	6.6	6.93	7.19	6.4	6.61	6.17	6.57	6.16	6.21	6.26	6.01	5.52	5.8	6.04	6.08	5.72
	4	5.93	5.82	5.48	5.19	5.55	5.44	5.72	5.73	6.27	5.89	6.29	6.8	6.65	6.36	6.66	6.64	6.09	5.88	6.03	6.3	6.06	6.18	5.62	5.46	5.93
	5	5.92	5.97	5.56	5.25	5.33	5.43	5.23	5.01	5.89	6.14	6.45	5.97	6.24	6.44	6.04	4.97	5.91	5.53	4.9	5.23	4.86	5.14	5.31	5	5.92
	6	4.4	4.56	4.94	4.86	4.52	4.8	4.81	4.64	4.9	4.8	5.14	5.36	5.16	5.5	5.04	5.09	4.75	4.7	4.88	4.88	4.65	4.43	4.75	4.6	4.4
	7	3.89	3.94	4.15	4.13	3.94	4.09	4.24	4.83	4.53	4.07	4.87	5.11	5	4.82	4.55	4.63	4.37	4.29	3.98	4.34	3.96	4.34	3.98	4.2	3.89
	8	4.47	4.44	4.26	4.58	4.45	4.85	4.95	4.97	5.2	4.78	4.92	4.93	5.04	5.07	4.69	4.46	4.68	4.3	4.34	4.45	4.39	4.43	4.54	4.25	4.47
	9	5.18	4.9	5.57	5.49	4.89	4.93	4.92	4.67	5.62	5.01	5.31	5.87	6.07	5.83	5.15	4.56	5.33	4.76	5.24	5.18	5.12	5.26	4.96	5.22	5.18
	10	6.42	5.92	6.47	6.29	6.43	6.24	6.05	6.09	6.25	6.12	6.16	6.12	6.27	6.48	5.89	6.27	6.1	6.02	6.09	6.04	6.59	6.25	5.71	6.3	6.42
	11	6.17	6.62	6.23	6.41	5.92	6.09	5.44	5.58	6.34	6.43	6.31	6.19	6.07	6.14	6.2	6.18	6.8	6.65	6.44	6.2	6.88	6.01	6.2	6.92	6.17
	12	5.85	6.2	6.59	5.78	6.16	6.33	6.29	6.62	6.7	6.71	5.83	6.9	5.49	6.15	6.89	6.24	6.07	5.52	6.47	6.4	6.17	6.24	6.33	6.31	5.85
