KOYUK AIRPORT       AK - 702223                                                 														
 64 deg    56' N  161 deg    09' W - Elev   40m   LST=GMT+99 hours   *NT=-11    														
 05/76-05/76 02/98-09/02                                                        							Adjusted to Alaska Timezone (GMT-9)							
SPEED BY YEAR                                                                   														
	Year	ALL	JAN	FEB	MAR	APR	MAY	JUN	JUL	AUG	SEP	OCT	NOV	DEC
	ALL	3.83	4.59	3.99	4.49	4.36	3.52	3.38	3.29	4.02	3.48	3.34	3.95	4.2
	1976	1.5	-1	-1	-1	-1	1.5	-1	-1	-1	-1	-1	-1	-1
	1998	3.72	-1	1.96	3.72	5.93	3.91	3.62	3.19	4.55	3.98	3.25	3.61	3.27
	1999	3.74	4.75	2.96	4.87	4.34	3.32	2.91	3.77	3.95	3.15	3.2	3.61	3.75
	2000	3.92	3.43	4.21	4.99	4.73	3.32	3.36	3.23	4.57	3.3	2.79	4.1	5.06
	2001	4.36	4.88	4.48	4.81	4.59	4.26	4.3	3.84	4.39	3.56	4.03	4.32	4.8
	2002	3.45	5.5	4.22	3.68	3.73	3.26	3.18	2.94	3.31	1.98	-1	-1	-1
POWER BY YEAR                                                                   														
	Year	ALL	JAN	FEB	MAR	APR	MAY	JUN	JUL	AUG	SEP	OCT	NOV	DEC
	ALL	82	148	106	120	124	56	49	47	85	55	48	85	116
	1976	2	-1	-1	-1	-1	2	-1	-1	-1	-1	-1	-1	-1
	1998	76	-1	22	60	297	70	63	41	132	72	48	79	90
	1999	92	187	62	175	116	54	33	71	93	48	39	76	119
	2000	87	95	109	139	117	50	47	38	115	58	34	98	135
	2001	97	139	131	130	133	81	79	56	82	44	66	83	119
	2002	63	188	119	66	117	45	41	39	45	9	-1	-1	-1
NUMBER OF SPEED OBSERVATIONS BY YEAR                                            														
	Year	ALL	JAN	FEB	MAR	APR	MAY	JUN	JUL	AUG	SEP	OCT	NOV	DEC
	ALL	36315	2578	2523	3097	2446	4555	4135	4389	3285	2579	2097	2201	2430
	1976	1	0	0	0	0	1	0	0	0	0	0	0	0
	1998	5120	0	23	341	40	714	664	657	696	631	458	274	622
	1999	6617	574	552	690	342	489	469	728	453	606	396	678	640
	2000	7458	713	600	688	690	678	536	517	351	716	623	685	661
	2001	7515	728	680	697	654	634	498	659	671	603	620	564	507
	2002	9604	563	668	681	720	2039	1968	1828	1114	23	0	0	0
NUMBER OF SPEED OBSERVATIONS BY HOUR                                            														
	Hour	ALL	JAN	FEB	MAR	APR	MAY	JUN	JUL	AUG	SEP	OCT	NOV	DEC
	0	1506	92	87	107	109	197	175	207	143	128	92	87	82
	1	1605	126	130	150	102	187	169	180	134	111	94	104	118
	2	1483	103	105	135	103	184	161	169	141	103	80	94	105
	3	1493	94	87	104	109	200	181	195	146	125	90	81	81
	4	1546	131	122	156	98	179	149	169	136	103	85	96	122
	5	1437	102	106	125	94	173	169	157	128	91	90	96	106
	6	1475	91	87	105	96	194	184	209	133	120	88	85	83
	7	1592	126	123	156	107	187	173	183	121	105	93	99	119
	8	1493	112	102	129	99	177	181	173	130	93	91	94	112
	9	1489	88	88	102	105	192	178	215	154	125	87	75	80
	10	1612	126	123	148	103	188	180	188	136	103	92	100	125
	11	1485	100	107	130	100	192	173	165	138	97	91	85	107
	12	1476	82	88	108	105	199	184	197	150	122	80	83	78
	13	1610	123	122	148	106	182	173	196	140	106	90	103	121
	14	1469	108	108	124	103	188	158	167	139	105	85	84	100
	15	1499	90	89	113	105	197	189	209	146	116	88	82	75
	16	1572	124	117	148	109	189	169	173	133	105	82	105	118
	17	1459	111	106	134	95	190	163	161	123	90	92	96	98
	18	1481	86	87	102	102	207	184	205	141	119	84	84	80
	19	1588	127	118	151	101	192	177	166	139	103	88	101	125
	20	1428	112	107	128	92	185	152	163	125	89	82	93	100
	21	1468	88	86	110	107	201	176	199	149	115	79	80	78
	22	1595	128	123	152	102	191	168	179	129	111	86	101	125
	23	1454	108	105	132	94	184	169	164	131	94	88	93	92

SPEED BY HOUR                                                                   														
	Hour	ALL	JAN	FEB	MAR	APR	MAY	JUN	JUL	AUG	SEP	OCT	NOV	DEC
	0	3.62	4.35	4.21	4.4	4.39	3.31	3.06	2.85	3.55	3.38	3.26	4.17	4.37
	1	3.74	4.35	4.02	4.68	4.18	3.39	3.18	3.12	3.65	3.63	3.38	3.82	3.97
	2	3.68	4.44	3.9	4.56	4.11	3.39	3.12	3	3.58	3.5	3.25	3.85	4.14
	3	3.53	4.42	4.18	4.56	4.14	3.26	2.58	2.83	3.45	3.26	3.22	3.96	4.58
	4	3.63	4.67	4	4.35	3.98	3.22	2.7	2.7	3.87	3.41	3.34	3.82	3.95
	5	3.51	4.42	4.09	4.36	3.67	3.1	2.57	2.49	3.67	3.4	3.23	3.93	4.38
	6	3.45	4.86	4.25	4.13	3.99	3	2.36	2.72	3.73	3.18	3.31	4.05	4.3
	7	3.54	4.8	3.88	4.36	3.9	3.12	2.62	2.43	3.62	3.27	3.33	3.84	4.23
	8	3.6	4.48	4.01	4.19	4.22	3.25	2.89	2.73	3.6	3.35	3.49	3.85	4.28
	9	3.72	4.47	4.25	4.45	3.93	3.6	3.33	3.12	4.03	3.2	3.37	3.96	4.26
	10	3.81	4.43	3.87	4.36	4.06	3.52	3.7	3.26	4.09	3.38	3.39	3.77	4.13
	11	3.89	4.65	3.98	4.07	4.61	3.68	3.67	3.32	3.98	3.86	3.26	3.61	4.42
	12	3.93	4.6	3.72	4.27	4.3	3.81	3.68	3.73	4.28	3.62	3.34	4.07	4.24
	13	4.08	4.48	3.68	4.4	4.83	3.91	3.99	3.99	4.61	3.73	3.28	3.76	4.14
	14	4.15	4.72	3.9	4.19	4.85	3.98	3.91	3.94	4.73	3.83	3.47	3.91	4.34
	15	4.23	4.32	3.88	4.51	4.71	4.1	4.2	4.22	4.67	3.81	3.37	4.1	4.76
	16	4.27	4.65	4.04	4.75	5.01	4.1	4.22	4.11	4.9	3.72	3.44	3.99	3.96
	17	4.14	4.68	3.84	4.68	4.69	3.87	4.06	3.99	4.64	3.64	3.22	4.19	4.13
	18	4.16	4.65	4.39	4.66	4.85	3.76	4.07	4	4.57	3.53	3.34	4.13	4.63
	19	3.94	4.82	3.82	4.86	4.48	3.36	3.73	3.48	4.24	3.48	3.36	3.96	3.82
	20	3.9	4.58	4.17	4.86	4.47	3.35	3.64	3.49	3.98	3.39	3.29	3.84	4.13
	21	3.81	4.71	4.23	4.46	4.37	3.37	3.17	3.48	3.89	3.41	3.42	4.25	4.4
	22	3.75	4.63	3.88	4.75	4.53	3.55	3.34	2.83	3.52	3.33	3.45	3.95	3.67
	23	3.73	4.79	3.96	4.8	4.32	3.3	3.27	2.85	3.44	3.28	3.28	4.08	4.38

POWER BY HOUR                                                                   														
	Hour	ALL	JAN	FEB	MAR	APR	MAY	JUN	JUL	AUG	SEP	OCT	NOV	DEC
	0	77	129	116	103	146	55	44	34	79	53	45	101	131
	1	84	124	113	127	156	56	52	40	78	61	49	83	105
	2	77	139	104	114	122	52	48	38	75	53	46	74	106
	3	74	133	109	113	145	50	38	41	61	50	43	85	129
	4	83	162	106	114	133	48	40	37	82	69	53	76	104
	5	75	125	128	121	91	45	31	28	69	58	47	80	128
	6	68	161	134	93	95	41	33	36	62	44	48	81	110
	7	77	162	108	121	91	47	33	29	72	50	51	77	126
	8	76	135	122	119	112	45	33	38	67	60	51	79	118
	9	76	135	124	127	94	56	44	44	85	56	53	76	113
	10	83	153	99	128	89	55	52	51	91	58	52	82	115
	11	82	151	98	103	131	57	52	48	79	72	51	78	119
	12	78	139	79	101	105	57	55	62	88	62	49	94	106
	13	92	170	88	122	142	64	61	66	112	56	43	83	119
	14	90	156	93	102	144	67	60	59	107	69	48	80	128
	15	91	135	97	117	133	74	69	77	114	65	43	89	132
	16	100	156	101	140	149	70	68	70	142	60	45	91	116
	17	90	156	91	132	134	66	65	62	102	51	42	89	108
	18	88	140	125	117	143	66	62	68	105	48	42	90	123
	19	87	168	104	147	118	51	51	48	84	56	46	89	102
	20	85	143	115	138	132	52	53	49	76	44	47	91	116
	21	76	151	112	110	123	54	38	44	75	48	51	89	126
	22	80	159	98	132	133	57	41	31	58	43	52	93	100
	23	78	148	106	126	117	49	46	28	69	45	48	95	126

SPEED BY DIRECTION                                                              														
	Month	calm	0	10	20	30	40	50	60	70	80	90	100	110	120	130	140	150	160	170	180	190	200	210	220	230	240	250	260	270	280	290	300	310	320	330	340	350	360
	ALL	0	5.19	5.3	4.81	4.08	3.68	3.6	3.46	3.41	3.33	3.09	3.22	3.22	3.15	3.35	3.48	3.46	3.89	4.06	4.27	4.19	4.43	4.78	4.84	4.01	3.66	2.97	2.32	2.22	2.23	2.35	2.81	3.01	3.8	4.31	4.89	4.93	5.19
	1	0	6.4	7	5.5	4.2	3.9	3.8	3.2	2.5	3.6	3.9	3.7	3.9	3.5	5.6	4.8	5	4.3	5	5.7	5.8	5.5	6.1	4.8	3.9	3.1	2.4	1.8	2.6	2.2	2.2	3	3	4.3	4.7	5.7	5.9	6.4
	2	0	5.5	6.4	5.3	4.5	4.1	3.9	4	3.7	3.8	5.1	4.5	3.7	4.4	5.1	4.9	4.2	4.5	6.5	4.3	5.1	6.1	6.2	5.2	4.2	2.2	2.2	1.9	1.9	1.9	2	2.5	2.6	2.7	4.6	5.4	5.4	5.5
	3	0	6.2	5.7	5.6	4.8	4.5	4.6	4.5	4.2	3.9	2.5	3.2	3.5	1.7	1.9	2.8	2.9	2.5	3.5	3.1	3.7	3.6	4.2	2.9	2.1	2.1	2.2	1.7	1.8	1.7	1.8	1.8	2.6	4.8	4.9	5.2	6.2	6.2
	4	0	5.6	5.5	5.5	4.4	3.8	4.1	3.8	3.6	2.8	2.6	2.1	3	3.6	2.8	4.9	2.8	4.2	3.9	5.4	5.5	4.9	6.7	5.8	4.8	4.2	3.4	2.1	2.3	1.9	2	2.1	2.3	3.8	5.5	6.6	5.9	5.6
	5	0	4.9	4.6	4.5	3.8	3.5	3.5	3.4	3.6	3.7	3.7	3.6	3.7	3.4	3.2	2.7	2.7	2.8	3.2	3.2	3.7	3.6	4	3.6	3.2	3.3	3.3	2.1	1.9	1.6	2.2	2.5	3.1	3.9	4.1	5.1	5	4.9
	6	0	4.5	4.5	3.5	3.4	3.1	2.5	2.5	2.8	3.2	3.3	2.5	2.3	2.2	2.6	2.4	2.1	2.1	2.7	3.4	3.9	4.5	4.6	4.6	3.5	3.1	2.6	2.5	2.2	2.4	2.3	2.5	3	4.1	3.8	4.5	4.3	4.5
	7	0	4.5	3.9	3.1	2.9	2.6	2.5	2.5	2.9	2.9	2.3	3.4	2.9	2.5	2.4	2.8	2.7	3.3	3.7	3.6	3.7	4.3	4.4	5	4.1	3.9	3.2	2.4	2.3	2.2	2.2	2.9	2.3	3.9	3.9	3.8	3.9	4.5
	8	0	4.2	4.3	4.1	3.8	3.2	3.1	3.1	3.5	3	2.5	2.4	2.4	2.8	3.1	3.5	4.6	5.1	4.7	5.3	4.8	5	5.6	5.7	4.5	4	3.3	2.4	2.1	2.3	3.2	3.5	4	3.4	3.8	4.5	4.3	4.2
	9	0	4	4	3.6	3.2	2.8	2.8	2.8	2.9	2.8	2.8	2.6	2.8	3.4	3.6	3.7	3.9	4.6	4.5	5.5	4.2	4.1	4.6	4.5	4.1	3.8	3	2.7	2.6	2.6	2.5	3	3.2	3.7	5	4.5	4.2	4
	10	0	4.2	4.6	4.4	3.2	3.1	2.8	2.7	2.9	2.7	2.9	2.6	1.9	2.9	3.1	2.1	3.8	5	4.5	2.9	4.4	4.5	3.4	2.5	3.4	3.4	2.6	2	2.1	1.7	2.2	2.4	2.5	2.9	4	3.7	3.4	4.2
	11	0	5.1	5.5	4.8	4.2	3.6	3.5	3.5	3.3	2.9	2.6	3.6	4.9	2	3.1	5.1	4.8	3.7	3.8	5.6	7.1	7.3	2.3	4.1	2.8	2.3	2.1	1.7	1.9	1.7	1.7	2	1.8	2.2	2.7	4.2	4.1	5.1
	12	0	5.6	5.8	5.5	4.8	4.3	4.2	4.2	4.5	4.1	4.4	4.2	3.1	3.9	5	1.9	3.3	3.3	5.4	6.7	6	6	6	5	4.3	3.8	2.6	2.3	1.9	2	2	2	2.6	4.9	3.6	5.7	4.9	5.6
FREQUENCY BY DIRECTION                                                          																																							
	Month	calm	0	10	20	30	40	50	60	70	80	90	100	110	120	130	140	150	160	170	180	190	200	210	220	230	240	250	260	270	280	290	300	310	320	330	340	350	360
	ALL	11.98	9.65	12.9	7.96	5.69	5.12	4.5	3.25	1.76	1.41	1.08	0.74	0.62	0.58	0.63	0.64	0.71	0.8	1.15	2.13	3.74	5.89	4.6	3.72	2.84	1.86	1.1	0.84	0.75	0.74	0.63	0.59	0.58	0.92	1.51	2.86	5.49	9.65
	1	13.8	14.1	18.7	10.1	6.4	6	5.2	3.1	1.5	1.2	0.8	0.4	0.5	0.8	0.5	0.6	0.7	1.1	1.5	2.4	1.7	2.7	1.8	1.8	1.5	0.8	0.8	0.4	0.3	0.5	0.4	0.4	0.3	0.9	1	2.7	6.6	14.1
	2	17.6	9.1	14	9.8	8.9	10.7	7.8	4.7	1.9	1.5	0.8	0.4	0.3	0.9	1.1	1.3	0.9	0.8	0.9	1.1	1.4	1.6	1.3	1.9	1.3	0.8	1	0.9	0.6	0.6	0.8	0.2	0	0.3	1	3.1	6.1	9.1
	3	12.5	16.8	16.7	11.8	9	7.9	7	5	2.2	1.8	1.1	0.6	0.4	0.3	0.3	0.1	0.4	0.2	0.5	0.6	1.3	1.3	0.9	0.6	0.3	0.2	0.2	0.1	0.3	0.3	0.2	0.1	0.1	0.4	1.1	2.3	7.7	16.8
	4	12.9	10.7	18.3	10.4	6	4.1	5.3	3	1.6	1.5	1.5	0.8	0.8	0.7	0.7	0.7	0.3	0.4	0.9	1.5	2.7	2.9	4.6	3.1	1.5	1.3	0.5	0.5	0.2	0.2	0.2	0.3	0.5	0.7	1.6	3.1	6.9	10.7
	5	11.5	10	9.8	5.4	3.8	3.3	3	3	2.3	2.3	1.7	1.9	1.3	0.9	1	1	1	0.8	1.2	2.5	4.8	7.5	7.7	5	3	1.4	0.6	0.4	0.2	0.2	0.2	0.6	0.4	0.6	0.9	3.2	6.8	10
	6	11.6	8.7	8.2	5.2	4.1	3.1	1.9	1.8	1.2	1.2	0.8	0.7	0.3	0.6	0.3	0.5	0.7	0.7	1.3	2.9	8	12.4	7.1	4.5	3.1	2	1.3	1.4	1.3	1	0.9	0.5	0.7	1.1	1.8	3.4	5.4	8.7
	7	11.7	5.4	5.7	3	2.2	2.7	2.3	2.2	1.5	1.5	1.3	0.5	0.4	0.6	1	0.8	0.7	0.9	1.7	3.6	7.1	13.3	8.9	7	5.1	4.1	2.6	1.6	1.7	1.3	0.9	0.7	0.5	0.6	1.7	1.6	3.1	5.4
	8	6.6	4.5	6	3.8	3.3	2.9	3.2	2.8	1.4	0.7	1	0.4	0.6	0.4	0.4	0.7	0.9	1.2	1.2	2.8	4.3	8.3	7.4	9.4	9.4	5.3	2.4	1.8	1.1	0.9	1.1	1.5	1.2	1.5	1.1	2.4	2.7	4.5
	9	8.3	6.9	9.3	4.7	3.6	5.2	4.6	3.3	1.7	1.4	1.4	0.8	1	0.8	0.9	1.1	1.5	1.5	2.4	3.5	4.1	4.4	3.7	2.7	2	2	1.2	1.1	1.1	2	1.1	1	1.4	1.9	3.9	4.6	6.4	6.9
	10	11	12.9	20.8	13.4	7.1	5.6	5.3	3.6	2	1.6	1.2	0.8	0.4	0.3	0.5	0.2	0.4	0.9	0.8	1	0.7	1.2	1	0.5	0.9	1	0.5	0.4	0.5	0.6	0.4	0.9	1.1	1.3	2.4	3.1	4.6	12.9
	11	13.4	11.4	24.4	16.7	11.4	8	6.6	2.9	1.5	0.8	0.5	0.6	0.5	0.1	0.3	0.1	0.3	0.8	0.3	0.4	0.8	0.9	0.3	0.5	0.2	0.1	0.2	0.3	0.2	0.3	0.3	0.3	0.2	0.6	0.7	1.9	4.6	11.4
	12	15.6	10.2	19.4	12.1	9.6	8	7.1	5.7	2.4	0.9	0.5	0.6	0.4	0.3	0.2	0.1	0.3	0.1	0.3	0.7	0.8	1.1	1.3	0.9	0.9	0.4	0.6	0.3	0.5	0.5	0.8	0.3	0.4	1.4	1	3.3	6.2	10.2
FREQUENCY OF SPEED                                                              																																							
	Month	0	1	2	3	4	5	6	7	8	9	10	11	12	13	14	15	16	17	18	19	20	21	22	23	24	25												
	ALL	12	7.6	17	16	15.8	12.9	8.6	5.1	2.7	1.5	0.6	0.2	0.1	0	0	0	0	0	0	0	0	0	0	0	0	0												
	1	13.8	5.7	10.8	11.3	12.9	12.6	9.6	8.4	6.9	5.2	2.1	0.6	0.1	0	0	0	0	0	0	0	0	0	0	0	0	0
	2	17.6	7.4	13.7	9.7	11.7	12.9	11.9	7.7	3.7	2.4	1	0.4	0.2	0	0	0	0	0	0	0	0	0	0	0	0	0
	3	12.5	4.6	8.8	12	17	14.9	12.2	8.2	5.7	3.1	0.7	0.1	0	0	0	0	0	0	0	0	0	0	0	0	0	0
	4	12.9	5.8	11.4	13.2	15.6	13.5	9.7	8	5	2.5	1	0.7	0.4	0.1	0.1	0	0	0	0	0	0	0	0	0	0	0
	5	11.5	8.6	18.9	18.4	16.1	13.3	9	3.2	0.9	0.2	0	0	0	0	0	0	0	0	0	0	0	0	0	0	0	0
	6	11.6	8.7	19.8	19.3	19.1	11.8	6	2.5	0.8	0.4	0.1	0	0	0	0	0	0	0	0	0	0	0	0	0	0	0
	7	11.7	9.3	23.2	19.7	15.8	10.6	6	2.5	0.7	0.3	0.2	0	0	0	0	0	0	0	0	0	0	0	0	0	0	0
	8	6.6	6.9	20.1	17.2	18	13.7	7	4.7	2.8	1.2	0.9	0.5	0.2	0.1	0.1	0	0	0	0	0	0	0	0	0	0	0
	9	8.3	8.7	24.7	20.9	16	9.8	6	2.9	1.3	0.9	0.3	0.1	0.1	0	0	0	0	0	0	0	0	0	0	0	0	0
	10	11	9.8	20.6	18.7	17.9	13.6	5.5	2.4	0.3	0.2	0	0	0	0	0	0	0	0	0	0	0	0	0	0	0	0
	11	13.4	7.4	12.7	13.9	14.9	15.1	12.5	6.8	2.2	1	0.2	0	0	0	0	0	0	0	0	0	0	0	0	0	0	0
	12	15.6	6.6	11.6	10.7	12	14.9	11.8	8.2	4.8	2.5	0.8	0.3	0.1	0	0	0	0	0	0	0	0	0	0	0	0	0
PERCENT OF POWER BY SPEED                                                       																											
	Month	0	1	2	3	4	5	6	7	8	9	10	11	12	13	14	15	16	17	18	19	20	21	22	23	24	25
	ALL	0	0.2	1.8	4.7	10.1	15.8	18.1	16.6	12.7	10.2	5.1	2.5	1.3	0.4	0.4	0.1	0	0.1	0	0	0	0	0	0	0	0
	1	0	0.1	0.7	1.9	4.8	8.9	11.6	15.7	19.1	20.4	11.1	4.3	1.1	0.4	0	0	0	0	0	0	0	0	0	0	0	0
	2	0	0.2	1.1	2.3	6.1	12.6	19.6	19.8	13.4	12.5	6.7	3.7	2	0	0	0	0	0	0	0	0	0	0	0	0	0
	3	0	0.1	0.7	2.5	7.7	12.9	18.2	18.6	19.3	14.3	4.6	1.1	0	0	0	0	0	0	0	0	0	0	0	0	0	0
	4	0	0.1	0.8	2.7	6.9	11.2	13.7	17.4	15.4	11.5	6.1	5.1	4.3	1.6	1.3	0.8	0	1	0	0	0	0	0	0	0	0
	5	0	0.3	3	8	15.1	23.7	26.7	15	5.9	1.9	0.3	0	0	0	0	0	0	0	0	0	0	0	0	0	0	0
	6	0	0.4	3.3	9.5	19.7	22.8	20.2	13	6	4	1.1	0	0	0	0	0	0	0	0	0	0	0	0	0	0	0
	7	0	0.4	4	9.6	16.8	21.5	20.1	13.6	5.4	3.7	2.7	0.9	1.2	0	0	0	0	0	0	0	0	0	0	0	0	0
	8	0	0.2	2	4.7	10.6	15.4	13.7	14.1	12	7.7	7.9	5.3	2.7	1.7	2.1	0	0	0	0	0	0	0	0	0	0	0
	9	0	0.3	3.8	8.9	14.5	17.2	17.5	13.2	8.3	8.3	4.3	2	1.7	0	0	0	0	0	0	0	0	0	0	0	0	0
	10	0	0.4	3.7	9.8	19.9	28.4	19.8	13.1	2.7	2	0	0	0	0	0	0	0	0	0	0	0	0	0	0	0	0
	11	0	0.2	1.3	4.2	9.6	18.6	25.8	21.4	10	7	1.5	0.5	0	0	0	0	0	0	0	0	0	0	0	0	0	0
	12	0	0.1	0.9	2.4	5.9	13.6	18	19.4	16.7	12.4	5.4	2.8	1	0.6	0.7	0	0	0	0	0	0	0	0	0	0	0
PREVAILING DIRECTION BY HOUR                                                    																											
	Month	0	1	2	3	4	5	6	7	8	9	10	11	12	13	14	15	16	17	18	19	20	21	22	23		
	ALL	10	10	10	10	10	10	10	10	10	10	10	10	10	200	10	200	10	200	10	10	10	10	10	10		
	1	360	360	360	10	10	360	10	10	10	10	10	10	360	10	10	10	10	10	10	10	10	10	10	10		
	2	10	10	20	10	10	10	10	40	10	10	10	10	10	10	10	10	360	30	10	20	360	40	30	10		
	3	20	10	10	10	10	10	10	10	10	10	360	30	10	360	10	10	360	360	10	360	360	10	360	360
	4	10	10	10	10	10	10	10	10	10	10	20	10	20	20	360	10	10	10	10	10	10	10	350	10
	5	360	360	10	10	10	10	10	10	10	10	200	200	190	200	200	210	360	210	210	360	210	360	360	360
	6	360	360	360	360	20	350	10	10	360	360	190	200	200	200	200	200	200	200	200	200	210	210	10	10
	7	240	360	10	360	10	360	240	10	10	200	200	200	200	200	200	200	200	200	200	210	210	210	200	10
	8	230	360	10	230	10	240	220	230	220	10	10	230	210	190	200	200	200	210	220	220	220	230	240	230
	9	10	50	40	10	10	360	10	10	10	10	40	350	190	180	210	200	200	200	10	10	360	360	10	350
	10	10	10	10	10	10	10	10	10	10	20	10	20	10	20	10	20	10	10	10	10	20	10	10	10
	11	10	10	10	10	10	10	10	10	20	10	10	10	20	10	10	10	10	20	10	10	10	10	10	10
	12	10	10	10	10	10	10	10	10	10	10	10	10	20	10	10	10	10	360	10	10	20	10	10	10
SPEED FOR PREVAILING DIRECTION BY HOUR                                          																									
	Month	0	1	2	3	4	5	6	7	8	9	10	11	12	13	14	15	16	17	18	19	20	21	22	23
	ALL	5.24	5.32	5.26	5.17	5.26	5.15	5.18	5.25	5.13	5.2	5.22	5.63	5.17	4.51	5.44	4.19	5.35	4.21	5.56	5.26	5.41	5.42	5.38	5.27
	1	5.67	5.7	6	6.6	7.21	6.45	7.87	7.5	7.01	7.34	6.66	6.97	6.15	7.44	6.2	7.09	6.47	7.01	7.14	7.73	6.71	7.77	7.05	6.88
	2	6.65	5.26	4.74	6.52	7.14	6.6	6.39	4.46	6.44	6.49	6.21	6.69	5.53	6.97	6.37	6.53	5.14	3.79	7.04	5.44	5.26	4.59	4.85	6.26
	3	5.44	6.22	5.39	5.27	5.65	5.18	5.07	5.51	5.81	6	7.18	4.83	5.8	6.03	6.18	5.69	6.14	6.44	5.43	6.18	6.54	5.26	6.67	6.56
	4	5.95	5.75	5.85	5.44	5.19	4.97	4.86	5.33	5.2	4.81	5	5.49	5.99	5.75	6.65	5.9	6.31	5.53	5.84	5.53	6.05	6.25	6.14	5.82
	5	4.96	4.97	4.18	5.01	4.32	4.79	4.45	4.69	4.08	4.11	2.91	3.26	3.56	3.77	4.2	4.5	5.13	3.93	4.31	4.97	4.1	4.61	4.54	4.26
	6	3.93	4.97	4.51	4.6	3.51	3.82	5.42	4.16	4.24	3.55	4.34	3.94	4.69	4.69	4.79	4.3	4.93	4.72	4.66	3.91	4.68	3.19	4.75	4.81
	7	2.98	4.78	3.79	5.62	3.94	4.05	3.26	4.13	3.51	4.67	4.38	3.97	4.33	4.28	3.92	4.42	4.4	4.07	4.44	4.08	3.44	3.48	3.09	4.14
	8	3.92	3.99	5.05	3.08	4.18	3.06	5.87	4.82	4.9	4.34	4	4.67	5.04	3.51	4.89	4.17	4.36	5.38	5.93	4.52	4.17	3.88	2.77	3.62
	9	4.07	2.87	3.18	4.15	3.77	3.44	4.79	4.43	3.95	4.49	3.15	4.75	2.62	4.53	4.62	3.87	3.62	4.18	4.63	3.68	3.98	4.03	4.05	3.61
	10	4.36	4.39	4.59	4.35	4.87	4.81	4.35	4.48	4.91	4.26	5.01	4.94	4.05	4.47	4.45	4.73	4.26	4.73	5	4.52	4.79	5.47	4.65	4.68
	11	5.55	5.92	5.65	6.05	5.42	5.63	5.77	5.06	5.16	5.4	5.66	5.5	4.89	4.95	5.47	5.38	5.38	4.33	5.54	5.07	6.03	5.5	6.47	5.3
	12	6.47	6.11	5.19	5.29	6.04	6.11	5.44	5.99	6.11	6.3	5.39	5.81	5.25	6.29	6.39	5.32	5.41	5.61	5.48	4.76	4.66	5.62	5.51	5.6
