KUPARUK AIRPORT   & AK - 700634                                                 														
 70 deg    19' N  149 deg    35' W - Elev   20m   LST=GMT+99 hours   *NT=-10    														
 02/81-12/81 02/91-09/02                                                        									Adjusted to Alaska Time Zone (GMT-9)					
SPEED BY YEAR                                                                   														
	Year	ALL	JAN	FEB	MAR	APR	MAY	JUN	JUL	AUG	SEP	OCT	NOV	DEC
	ALL	4	5.03	3.98	3.82	3.71	4.53	3.77	3.78	3.65	3.58	3.94	3.87	4.59
	1981	3.69	-1	2.76	4.06	2.57	4.15	5.32	-1	2.5	-1	5.1	6.3	4.35
	1991	3.47	-1	4.31	3.41	2.11	4.19	4.15	2.64	3.41	4.2	2.87	3.11	3.68
	1992	3.64	4.86	2.65	2.49	4.23	4.03	3.71	3.98	3.09	3.44	3.95	3.33	4.07
	1993	3.95	5.32	3.94	2.9	3.44	5.36	3.15	3.38	3.21	3.84	4.13	3.3	5.42
	1994	3.7	5	3.35	3.4	2.31	4.95	3.19	3.34	3.77	4.38	2.49	4.74	3.39
	1995	4.21	3.6	-1	3	4.59	4.9	5.35	-1	5.6	-1	-1	-1	0
	1996	2.96	5.85	1	-1	1.87	2.2	3.3	-1	-1	9	0.38	1.5	3.35
	1997	4.88	6.13	-1	6.28	4.1	5.67	1.55	5.04	2.49	3.6	-1	-1	-1
	1998	4.2	-1	5.14	3.75	3.22	6.12	4.41	4.79	3.72	3.27	4.05	4.26	3.74
	1999	4.17	4.29	2.82	3.46	4.59	4.5	3.95	3.44	3.98	3.36	6.08	3.89	5.44
	2000	4.32	5.44	4.35	6.34	3.65	3.45	3.12	3.95	4.23	3.25	3.33	4.46	6.68
	2001	4.15	5.57	4.09	3.94	4.93	3.53	3.83	4.59	4.01	3.17	4.47	3.58	3.56
	2002	4.26	4.49	5.25	3.78	5.05	5.32	3.76	3.39	3.2	1.19	-1	-1	-1
POWER BY YEAR                                                                   														
	Year	ALL	JAN	FEB	MAR	APR	MAY	JUN	JUL	AUG	SEP	OCT	NOV	DEC
	ALL	137	252	155	129	128	164	85	86	85	79	155	161	213
	1981	97	-1	54	132	39	126	153	-1	9	-1	144	234	158
	1991	105	-1	201	112	23	176	102	45	71	135	94	94	118
	1992	111	253	45	31	229	77	90	109	59	70	131	107	157
	1993	149	238	140	70	114	270	67	63	63	103	194	80	381
	1994	120	296	109	70	43	141	108	54	109	128	39	257	90
	1995	147	33	-1	20	218	155	153	-1	111	-1	-1	-1	0
	1996	104	158	1	-1	41	38	87	-1	-1	565	1	2	105
	1997	142	290	-1	195	101	161	3	125	67	34	-1	-1	-1
	1998	163	-1	276	172	121	340	132	161	62	66	228	173	93
	1999	148	166	54	112	134	122	87	65	115	56	357	224	283
	2000	163	278	160	334	103	61	41	80	126	48	68	253	443
	2001	120	338	127	101	218	64	60	113	74	38	131	62	75
	2002	157	164	314	106	202	285	62	66	70	4	-1	-1	-1
NUMBER OF SPEED OBSERVATIONS BY YEAR                                            														
	Year	ALL	JAN	FEB	MAR	APR	MAY	JUN	JUL	AUG	SEP	OCT	NOV	DEC
	ALL	39743	2521	2915	3475	3723	3943	3783	3534	3655	3099	3119	3045	2931
	1981	835	0	7	120	332	237	125	0	1	0	5	6	2
	1991	3851	0	242	346	322	390	436	353	369	360	348	344	341
	1992	4253	339	338	371	352	386	358	370	379	354	329	351	326
	1993	3732	286	263	288	284	322	352	345	328	320	307	298	339
	1994	4037	322	273	325	311	344	305	346	397	372	382	343	317
	1995	19	1	0	1	8	3	2	0	2	0	0	0	2
	1996	20	2	1	0	3	3	2	0	0	2	4	1	2
	1997	42	3	0	14	2	6	2	5	7	3	0	0	0
	1998	4403	0	286	393	420	417	461	395	405	422	420	398	386
	1999	4782	329	339	354	422	440	422	409	431	415	412	426	383
	2000	5382	395	392	434	417	519	484	448	467	447	465	454	460
	2001	5239	475	441	438	466	424	418	499	440	394	447	424	373
	2002	3148	369	333	391	384	452	416	364	429	10	0	0	0
NUMBER OF SPEED OBSERVATIONS BY HOUR                                            														
	Hour	ALL	JAN	FEB	MAR	APR	MAY	JUN	JUL	AUG	SEP	OCT	NOV	DEC
	0	25	0	4	7	8	0	2	1	2	0	0	0	1
	1	26	2	1	7	6	2	2	0	2	2	1	0	1
	2	358	2	3	6	36	64	55	56	62	36	38	0	0
	3	986	40	33	43	115	134	107	116	124	102	100	34	38
	4	1460	107	103	115	150	147	145	135	140	116	100	98	104
	5	2208	99	110	133	232	256	251	252	246	220	198	109	102
	6	2742	195	217	259	241	253	246	236	251	211	220	209	204
	7	2665	171	204	237	243	265	250	239	245	201	210	209	191
	8	2654	171	197	223	250	258	247	239	237	208	214	213	197
	9	2644	171	190	230	260	256	235	234	246	210	208	209	195
	10	2655	160	203	237	251	263	245	224	252	202	210	210	198
	11	2603	172	194	249	254	246	222	231	226	209	207	201	192
	12	2513	154	198	235	231	248	226	204	220	204	197	211	185
	13	2504	145	184	209	231	246	236	220	236	199	212	206	180
	14	2577	167	194	215	242	264	239	223	224	205	211	199	194
	15	2685	166	186	232	262	267	247	232	249	212	221	202	209
	16	2680	175	186	230	239	262	251	251	233	219	220	207	207
	17	2685	169	199	246	254	269	246	231	251	203	211	202	204
	18	1933	179	196	241	130	156	161	129	119	110	108	207	197
	19	706	56	77	83	46	49	76	37	47	13	21	101	100
	20	187	9	14	14	11	18	47	21	18	7	6	9	13
	21	121	5	9	10	12	13	29	10	15	3	3	3	9
	22	83	4	8	8	11	5	13	10	6	5	2	4	7
	23	43	2	5	6	8	2	5	3	4	2	1	2	3

SPEED BY HOUR                                                                   														
	Hour	ALL	JAN	FEB	MAR	APR	MAY	JUN	JUL	AUG	SEP	OCT	NOV	DEC
	0	3.43	-1	6.93	3.84	2.42	-1	1.8	0.5	2.3	-1	-1	-1	3
	1	4.66	11.8	11.3	4.07	2.65	8.45	3.35	-1	6.35	0.75	2	-1	2
	2	3.35	8.75	9.1	3.47	4.53	3.77	2.93	2.77	3.23	2.5	3.27	-1	-1
	3	3.57	4.75	4.51	3.64	3.95	3.65	2.96	3.04	3.25	2.99	4.07	3.76	4.36
	4	3.66	5.06	3.81	3.86	3.53	3.88	3.01	3.11	3.06	2.69	4.18	3.68	4.78
	5	3.51	5.05	3.83	3.9	3.01	3.95	3.05	2.83	2.94	3.05	3.68	3.96	5.49
	6	3.59	4.94	3.7	3.42	3.24	4.03	3.14	3.07	3.09	3.1	3.56	3.52	4.67
	7	3.71	5.03	4.21	3.66	3.17	4.26	3.17	3.12	3.22	3.26	3.81	3.84	4.29
	8	3.87	5.09	4.01	3.71	3.35	4.59	3.32	3.18	3.41	3.57	4.03	3.95	4.68
	9	3.93	4.96	4.02	3.65	3.6	4.6	3.62	3.38	3.57	3.6	3.96	3.98	4.59
	10	4.04	5.14	4.16	3.64	3.96	4.53	3.73	3.84	3.72	3.81	4.02	3.9	4.4
	11	4.13	4.94	4.19	3.97	3.99	4.79	3.76	3.71	3.89	3.9	4.03	3.99	4.66
	12	4.22	4.96	4.14	4.06	4.24	4.9	3.91	3.98	4.03	3.92	4.06	3.94	4.67
	13	4.25	4.94	4	4.11	4.19	4.92	4.27	4.24	4.01	4.01	4.01	3.84	4.62
	14	4.25	4.77	4.02	4.11	4.05	4.86	4.15	4.51	3.98	3.87	4.1	3.97	4.58
	15	4.3	5.03	4.03	4.23	3.93	4.94	4.34	4.51	4.19	3.95	4.09	3.82	4.53
	16	4.32	5.16	3.77	4.1	4.02	5.01	4.51	4.62	4.17	3.96	4.03	3.82	4.59
	17	4.25	5.16	3.78	3.95	3.81	4.82	4.58	4.62	4.07	3.78	3.92	3.86	4.69
	18	4	5.02	3.71	3.66	3.35	4.44	4.17	4.37	3.59	3.69	3.34	3.86	4.41
	19	3.85	5.11	3.62	2.81	3.26	3.85	4.24	4.76	3.53	1.52	4.61	3.85	4.14
	20	4.17	5.34	3.78	2.54	3.97	4.08	4.12	4.64	4.01	3	6.5	5.82	3.91
	21	3.92	5.32	3.48	2.19	3.99	4.27	3.95	4.74	2.85	2.4	6.83	3.23	5.51
	22	3.88	7.18	3.79	3.45	1.61	3.82	4.23	5.04	2.55	2.22	8.45	4.52	4.53
	23	3.61	8.2	5.02	2.95	2.03	6.7	4.42	2.9	3.32	1.75	6.6	3.6	1.7

POWER BY HOUR                                                                   														
	Hour	ALL	JAN	FEB	MAR	APR	MAY	JUN	JUL	AUG	SEP	OCT	NOV	DEC
	0	88	-1	381	69	17	-1	6	0	15	-1	-1	-1	19
	1	213	1130	1014	110	26	396	99	-1	163	1	5	-1	6
	2	87	849	560	79	164	149	38	32	79	19	64	-1	-1
	3	96	183	194	110	120	114	37	59	76	54	132	83	153
	4	123	275	131	125	102	134	50	64	67	37	205	149	218
	5	108	254	137	134	86	122	54	46	65	59	143	170	288
	6	115	251	129	92	91	144	55	55	64	63	125	134	217
	7	118	240	167	112	92	142	53	56	57	67	161	148	172
	8	131	263	166	118	95	173	64	59	75	78	173	153	215
	9	132	241	162	108	115	172	68	67	98	83	140	157	215
	10	140	256	163	119	145	155	74	109	91	93	168	152	209
	11	149	244	169	140	153	175	76	88	91	91	157	171	278
	12	153	276	160	154	176	178	85	97	103	91	165	165	222
	13	158	238	180	152	167	213	132	106	104	99	168	156	213
	14	153	224	165	141	162	169	89	121	94	92	203	180	219
	15	150	246	179	156	138	186	95	114	103	92	165	164	194
	16	151	266	127	146	156	198	146	113	96	85	139	166	198
	17	151	259	136	173	125	187	153	114	92	82	142	158	214
	18	135	235	122	122	123	156	94	92	73	88	86	163	185
	19	141	281	141	60	95	84	90	133	71	8	146	195	216
	20	146	227	137	49	240	80	92	116	94	36	243	684	171
	21	122	281	101	14	252	99	94	127	29	14	276	25	293																									
	22	127	481	113	78	8	55	104	157	17	10	718	88	264																									
	23	105	660	230	35	15	255	141	30	30	5	190	36	8																									

SPEED BY DIRECTION                                                              																																							
	Month	calm	0	10	20	30	40	50	60	70	80	90	100	110	120	130	140	150	160	170	180	190	200	210	220	230	240	250	260	270	280	290	300	310	320	330	340	350	360
	ALL	0	2.26	2.3	2.52	3.01	3.91	4.38	5.24	6.16	6.1	5.07	4.57	3.63	2.7	2.18	2.21	2.28	2.42	2.42	2.61	2.88	3.15	3.17	3.72	3.96	4.38	4.41	4.33	4.13	3.95	3.7	3.24	2.98	3.01	2.44	2.34	2.24	2.26
	1	0	2	1.6	2.2	2.9	4.1	5.5	6	8	8.5	7.6	6.2	4.8	2.1	2.1	4	2.4	3	2.8	2.2	2.5	3	4.1	5	5	4.9	5.3	5	4.4	3.8	2.9	2.2	1.9	3.5	1.8	1.1	2	2
	2	0	1.4	1.9	2.1	3	3.8	3.6	6.2	6.3	7.2	5.6	4.5	3.6	2.9	2	1.9	2.2	2.6	1.9	2.3	2.7	2.6	2.6	3.1	3.6	4.7	4.6	4.2	4.1	4.2	2.8	2	2.4	2.6	2.3	1.8	1.3	1.4
	3	0	1.9	2.2	2.2	2.5	4.2	5.1	5.7	6.1	5.8	5.5	4.2	3.9	2.8	2.1	1.7	2.2	2.1	2.8	2.5	1.9	2	2.5	3	3.7	4	3.9	3.5	3.5	2.5	2.7	1.6	2.6	2.8	1.9	1.9	1	1.9
	4	0	1.4	1.7	1.9	2.4	3.4	3.7	4.6	6	5.3	5	5.3	3.9	2.8	2.6	2.2	2.7	2.6	2.3	2	2.4	3.4	2.9	3.6	4.1	4.2	4.3	4.2	4.9	3.7	3.6	3.4	2.3	1.8	2.2	1.8	1.3	1.4
	5	0	1.9	2.2	2.1	3.6	3.6	4.2	5.9	6.9	6.1	5.1	5.1	3.8	2.7	2.5	3.4	1.8	2.8	2.9	1.9	1.9	1.9	3.6	2.6	3.4	4.1	4.7	4.8	4	4.3	3.7	3.3	2.4	1.6	1.6	1.8	1.7	1.9
	6	0	3	2.9	2.8	2.8	3.9	3.9	4.3	5.2	5.3	4.5	3.8	3.1	2.9	2.2	2.3	2.2	2.5	2.3	2	2.2	3.7	3.6	6.2	3.8	3.3	4	4.1	4.1	3.7	3.6	3.2	3	3.1	3.1	2.9	2.6	3
	7	0	2.6	2.5	2.9	3.3	3.5	3.8	4.5	5.2	5.2	5.1	3.3	3.2	2.7	2.1	1.9	2.6	2.3	2	2.6	2.8	2.6	3.8	3.2	4.2	4.5	4.7	4.6	4.3	4.3	3.8	3.4	3.2	3.5	3	2.7	2.9	2.6
	8	0	2.3	2.6	2.3	2.8	3.4	3.5	4	4.7	4.7	4.7	3.8	3	2	2.1	2.2	2.3	2.3	2.8	3.2	3.9	4	3.9	4	4.7	4.5	4.8	4.5	4.7	4.7	4.7	4	3.8	3.4	2.4	2.4	2.7	2.3
	9	0	2.2	2.3	2.7	3	3.5	3.7	4.6	4.8	5.4	4.2	4.3	3.5	2.8	1.7	1.6	2.1	2.1	2.2	2.7	2.7	2.9	2.9	3.1	3.7	4.3	3.9	4.1	3.9	4.6	4.2	3.3	3	2.7	2.1	2.1	2	2.2
	10	0	2.8	2.7	3.2	3.5	4.8	5.5	5.7	6.8	7.4	5	3.7	3.4	2.4	1.8	1.9	2.8	2.3	2.6	2.6	3.5	3.8	2.7	4	3.3	3.7	3.6	4.2	3.9	3.9	2.9	2.8	1.2	1.8	1.8	2.3	2.3	2.8
	11	0	2.3	1.9	2.6	3.5	3.9	4.4	4.8	7	7.4	4.9	4.1	3.9	2.9	2.2	1.8	1.8	1.9	1.8	2	2.2	2.2	2.8	4	4	4.7	3.9	4.4	3.4	3.1	3.2	3.5	2.2	3.1	1.7	2.5	2.2	2.3
	12	0	1.6	1.9	2.3	2.7	4.1	5.1	6.2	7.8	8.5	7.1	7.8	4.4	3.1	2.8	2.3	2	2.4	2	2.9	2.4	4	2.6	3.3	3.7	4.6	4.6	4.5	4.1	4.1	3.6	2.3	2.1	2.3	2.2	0.9	1.6	1.6
FREQUENCY BY DIRECTION                                                          																																							
	Month	calm	0	10	20	30	40	50	60	70	80	90	100	110	120	130	140	150	160	170	180	190	200	210	220	230	240	250	260	270	280	290	300	310	320	330	340	350	360
	ALL	10.47	1.05	1.18	1.54	2.11	3.79	5.54	8.99	9.26	9.42	6.57	3.38	2.5	1.55	1.02	0.69	0.9	0.96	0.78	0.63	0.42	0.41	0.99	1.32	2.68	6.3	5.52	5.35	4.34	2.73	1.93	1.54	1.04	0.88	1.02	0.73	0.94	1.05
	1	7.3	0.7	1.4	1.7	1.6	3.7	5.5	8.1	8.4	8.4	3.9	3	1.9	1.1	0.4	0.5	0.5	0.8	0.3	0.4	0.1	0.2	0.6	1.3	4.2	10.5	10	8.5	4.7	2.9	1.1	0.8	0.6	0.4	0.6	0.4	0.5	0.7
	2	12.6	0.7	0.5	1.6	1.3	4.1	5.6	10.3	9.5	6.5	4.1	3.4	3.1	2.2	1.4	0.9	1	0.9	1	0.9	0.4	0.3	1.1	1.7	2.6	6.8	8.3	7.5	5.7	2	1.2	0.8	0.5	0.5	0.6	0.2	0.5	0.7
	3	13.7	0.8	0.8	1.4	1.8	3.6	8.2	13.4	9	7.3	5.4	2.6	2.3	1.3	0.9	0.5	0.7	0.6	0.2	0.2	0.2	0.2	0.5	0.6	1.6	7.3	8.4	7.2	5.8	2.6	1.5	1.1	0.6	0.6	0.4	0.3	0.3	0.8
	4	14.7	0.7	0.7	1	1.5	3.2	5.6	10.4	10.5	7.8	8.5	3.4	2	1.9	1	0.8	1	1.1	0.8	0.4	0.8	0.3	1.2	1.1	3	6.5	4.9	5.5	5.2	3.7	2	1.3	0.7	0.3	0.5	0.3	0.5	0.7
	5	7.5	0.5	0.9	1.2	1.9	2.3	4.1	8.8	12	16.2	9.7	4.6	3.2	1.2	0.9	0.7	0.8	1.5	0.9	0.2	0.2	0.2	0.8	1	2.2	4.6	4.2	3.4	3.5	2.5	1.4	1.6	0.4	0.5	0.5	0.6	0.8	0.5
	6	8.1	1.6	1.5	2	3.1	4.9	5.9	8.8	10.9	13.6	9.7	4	3.1	1.8	0.9	0.6	0.4	0.4	0.4	0.2	0.1	0.1	0.3	0.7	0.8	1	2.1	2.6	2.3	2.5	2.8	2.2	1.6	1.6	1.8	1.8	2.2	1.6
	7	9.6	1.4	1.8	1.6	2.5	4.6	6.6	10.3	11.3	12	7.4	3.9	2.3	1.4	1	0.8	0.8	0.5	0.3	0.3	0.3	0.6	0.6	1.2	1.5	2	2.2	2.3	3.1	2.3	2.3	2.1	2.2	2	2.2	1.2	1.3	1.4
	8	9.1	1.5	1.4	1.4	1.7	2.2	2.8	6.3	7.7	7.2	6.7	3.2	2.1	1.4	1.2	0.7	1.4	1.7	1.4	1.6	1.1	1.1	2	1.9	3.1	5.2	3.7	4.4	4.5	3.3	3.5	3.5	2.5	2	2	1	1.5	1.5
	9	9.4	1.3	1.7	1.2	2.4	3	3.8	6.9	7.1	9.3	7.6	3.2	2.9	1.6	0.7	0.4	1.2	0.7	0.8	0.6	0.3	0.6	1	1.6	3.2	6.9	4.4	6	5	3.5	2.3	2.3	1.6	1.2	1.3	1.2	1.4	1.3
	10	10.7	1.2	1.2	2.7	3.3	6.2	5.6	6.5	6.3	8.2	5.7	3.2	2.5	1.6	1.1	0.7	1.3	1.4	1.5	1.3	0.5	0.6	1.7	1.8	4.3	7.6	4.4	5.5	4.6	3.2	1.4	0.5	0.2	0.3	0.5	0.7	0.9	1.2
	11	13.2	1.1	1.2	1.6	1.9	4	6.1	7.1	8.6	8	4.7	2.5	2.5	1.6	1.7	1.3	1	1.1	1.2	0.6	0.3	0.6	1.2	1.9	3.3	10.1	7	7	4.1	2	1.7	0.9	0.6	0.3	0.6	0.4	0.4	1.1
	12	9.9	1	0.9	1.4	2.3	4.3	7.3	10.9	8.4	5.1	2.7	2.9	2	1.3	1	0.3	0.7	0.7	0.4	0.9	0.8	0.3	1	1.3	3.3	11	10.1	6.9	4.3	2.3	1.3	0.7	0.5	0.3	0.7	0.3	0.5	1
FREQUENCY OF SPEED                                                              																																							
	Month	0	1	2	3	4	5	6	7	8	9	10	11	12	13	14	15	16	17	18	19	20	21	22	23	24	25												
	ALL	10.5	14.2	15.4	17.8	9.9	8.3	8.4	5.2	3.2	3.2	1.3	1	0.6	0.6	0.2	0.1	0.1	0.1	0	0	0	0	0	0	0	0												
	1	7.3	12.9	10.8	16.3	9.1	7.3	9.2	6.1	4.1	6.2	2.8	3.4	2.1	1.2	0.4	0.3	0.1	0.1	0	0.1	0	0	0	0	0	0												
	2	12.6	15.7	13.6	16.8	9.6	6.7	7.4	5.8	3.5	3.5	1.8	1	0.4	1	0.2	0.1	0	0.1	0.1	0.1	0	0	0	0	0	0												
	3	13.7	14.9	15.3	16.1	9.2	6.9	7.8	5.5	3.3	3.6	2	0.8	0.3	0.4	0.1	0.1	0	0	0	0	0	0	0	0	0	0												
	4	14.7	15	16.1	16.2	8.6	7.5	7.8	4.2	2.9	3	1.5	1	0.3	0.4	0.3	0.2	0.2	0	0	0	0	0	0	0	0	0												
	5	7.5	11.2	13.2	16.2	11	10.7	10.9	6.7	4.3	3.4	1.4	1.1	0.8	0.8	0.2	0.1	0.1	0.2	0.1	0	0	0	0	0.1	0	0												
	6	8.1	11.5	17.2	21.6	12.5	10.2	8.6	4.8	2.8	1.9	0.6	0.1	0.1	0	0	0	0	0	0	0	0	0	0	0	0	0.1												
	7	9.6	12.5	16.6	19.9	11.3	9	9.5	4.4	3.1	3.1	0.8	0.1	0.1	0	0	0	0	0	0	0	0	0	0	0	0	0												
	8	9.1	15	17.5	19.9	10.3	9.5	8.4	4.5	2.4	2.1	0.4	0.3	0.2	0.1	0.1	0.1	0.1	0	0	0	0	0	0	0	0	0												
	9	9.4	15.8	17.2	19.8	10.8	8.2	8.3	4	2.9	2.4	0.5	0.5	0.1	0	0	0	0	0	0	0	0	0	0	0	0	0												
	10	10.7	17.5	15.1	18.1	8.1	7.4	6.8	5.3	2.2	3.2	1.6	1.3	0.8	0.7	0.2	0.2	0.2	0.2	0.1	0.1	0.1	0	0	0.1	0	0												
	11	13.2	16.7	15.9	15.7	7.5	6.7	8	5.9	2.9	2.5	1.1	0.8	0.6	0.9	0.4	0.4	0.4	0.1	0.2	0	0	0	0	0	0	0												
	12	9.9	12.3	13.9	15.9	9.6	7.9	7.8	6	4.1	4.7	1.6	1.9	1.6	1.5	0.5	0.3	0.3	0	0	0	0	0	0	0	0	0
PERCENT OF POWER BY SPEED                                                       																											
	Month	0	1	2	3	4	5	6	7	8	9	10	11	12	13	14	15	16	17	18	19	20	21	22	23	24	25
	ALL	0	0.2	1	3	3.9	6.2	11.2	10.6	9.4	13.8	7.3	7.4	5.5	6.8	3	2.4	2.3	1.3	1.3	0.6	0.8	0	0.3	0.8	0.3	0.6
	1	0	0.1	0.4	1.6	2.1	3.3	7.1	7.2	6.9	15.1	9	14.2	11.3	8.2	3.7	3.3	0.9	1.1	0.7	1.5	0	0	1.1	1.3	0	0
	2	0	0.2	0.8	2.7	3.6	4.7	9.5	10.9	9.7	14	9.6	6.9	3.4	11.5	3.2	1.1	0.7	1.5	2.7	2	1.3	0	0	0	0	0
	3	0	0.2	1.1	3.1	4.1	5.8	11.6	12.4	11.1	17.2	12.4	6.7	3.3	5.3	1.3	1.7	0	0.7	0	0	0	0	0	0	2	0
	4	0	0.2	1.1	3	3.7	6.2	11.2	9.2	9.5	14.1	9.1	8.4	3.3	5	5	4.1	4.3	0.8	0.8	0	1	0	0	0	0	0
	5	0	0.1	0.7	2.3	3.6	6.7	11.9	11.1	10.4	11.7	6.1	6.8	6.5	7.9	2.2	1.5	1.9	3.2	3.2	0	0	0	0	2.3	0	0
	6	0	0.2	1.7	5.6	7.6	11.7	17.4	14.8	12.5	12.5	4.4	1.5	0.7	0	0	0	0	0	0	0	0	0	0	0	0	9.3
	7	0	0.2	1.6	5	6.6	10.1	18.8	13.3	13.5	19.9	6.4	1.5	0.8	0.5	0	0	0	0	0	0	1.7	0	0	0	0	0
	8	0	0.3	1.7	5	6.3	10.9	17	13.8	10.5	14	3.7	3.4	3.2	2.5	1.9	1.5	2.7	0	0	0	1.7	0	0	0	0	0
	9	0	0.3	1.8	5.6	7.2	10.3	18.4	13.5	14.1	16.2	5.1	6.4	1	0	0	0	0	0	0	0	0	0	0	0	0	0
	10	0	0.2	0.8	2.7	2.9	4.8	7.9	9.4	5.6	12	7.8	8.8	6.8	7.5	3	2.6	3	3.3	2.4	1.9	3.5	0	0	3.2	0	0
	11	0	0.2	0.9	2.3	2.6	4.4	9.4	10.5	7.5	9.1	5.2	5.1	5.3	8.9	5.3	6.2	7.2	2.1	4.2	1	1.1	0	0	1.5	0	0
	12	0	0.1	0.6	1.8	2.6	4.1	7.1	8.1	8	13.4	6.2	9.8	10.4	12.2	5.2	3.3	4	0.5	0	0	0	0	1.1	0	1.4	0
PREVAILING DIRECTION BY HOUR                                                    																									
	Month	0	1	2	3	4	5	6	7	8	9	10	11	12	13	14	15	16	17	18	19	20	21	22	23
	ALL	-1	-1	70	80	60	70	70	80	70	70	70	80	80	60	60	80	80	60	70	80	-1	-1	-1	-1
	1	-1	-1	-1	250	250	250	240	240	250	260	70	240	60	60	60	80	260	80	250	80	-1	-1	-1	-1
	2	-1	-1	-1	60	60	70	260	60	60	250	70	250	70	60	260	70	70	70	250	250	-1	-1	-1	-1
	3	-1	-1	-1	60	50	60	240	60	60	60	60	60	60	60	60	60	70	60	60	240	-1	-1	-1	-1
	4	-1	-1	240	60	70	70	70	60	70	60	70	70	90	90	60	60	90	60	70	60	-1	-1	-1	-1
	5	-1	-1	70	80	80	80	60	80	80	80	80	80	80	80	80	80	80	80	80	80	-1	-1	-1	-1
	6	-1	-1	100	80	90	90	80	80	80	80	80	80	80	70	70	80	80	70	70	80	70	80	-1	-1
	7	-1	-1	70	50	80	70	80	80	80	80	80	70	80	60	80	60	70	60	80	70	-1	-1	-1	-1
	8	-1	-1	80	70	70	240	80	240	240	70	80	260	70	60	70	80	60	60	70	80	-1	-1	-1	-1
	9	-1	-1	80	240	60	80	70	240	240	90	80	80	240	90	80	80	80	80	70	-1	-1	-1	-1	-1
	10	-1	-1	40	80	60	60	240	240	80	240	240	80	80	80	80	80	80	80	60	-1	-1	-1	-1	-1
	11	-1	-1	-1	70	70	70	240	240	70	240	240	70	60	70	80	240	240	240	240	250	-1	-1	-1	-1
	12	-1	-1	-1	250	240	50	240	240	240	60	60	250	60	60	250	60	240	60	240	70	-1	-1	-1	-1
SPEED FOR PREVAILING DIRECTION BY HOUR                                          																									
	Month	0	1	2	3	4	5	6	7	8	9	10	11	12	13	14	15	16	17	18	19	20	21	22	23
	ALL	-1	-1	5.47	4.86	5.58	5.92	5.64	5.45	6.28	6.08	6.16	6.49	6.46	5.12	5.6	6.56	6.34	5.18	6.18	5.92	-1	-1	-1	-1
	1	-1	-1	-1	3.52	4.95	5.45	4.46	5.29	5.62	4.34	8.11	4.23	6.2	6.34	6.06	9.08	6.11	8.15	6.35	9.64	-1	-1	-1	-1
	2	-1	-1	-1	5.77	5.24	6.83	3.59	6.08	6.19	3.86	5.53	4.21	6.84	5.68	4.13	6.68	5.44	6.16	4.26	5.54	-1	-1	-1	-1
	3	-1	-1	-1	5.57	4.27	6.88	3.5	6.04	5.15	5.34	5.44	5.88	5.92	5.8	6.41	5.74	6.65	5.22	4.91	4.18	-1	-1	-1	-1
	4	-1	-1	4.73	7.26	4.29	4.64	4.9	4.67	4.95	4.6	6.72	7.29	5.55	4.49	4.39	4.35	5.74	4.62	6.67	3.56	-1	-1	-1	-1
	5	-1	-1	6.25	4.52	5.07	5.39	5.12	5.29	6.22	6.23	6.2	6.18	6.44	7.37	6.71	6.79	5.85	6.52	5.91	3.74	-1	-1	-1	-1
	6	-1	-1	3	4.19	3.8	4.38	4.85	4.84	5.28	4.89	5.54	5.51	5.04	5.76	5.48	5.39	5.71	5.59	5.7	5.53	6.24	7.2	-1	-1
	7	-1	-1	4.24	3.21	4.14	4.57	4.12	4.81	4.04	4.94	5.03	5.45	5.51	4.18	5.79	6.12	5.95	5.02	5.28	5.16	-1	-1	-1	-1
	8	-1	-1	3.68	4.32	4.33	3.6	3.56	4.06	4.04	4.59	4.71	4.46	4.41	4.28	5.25	5.91	3.9	4.3	4.63	3.13	-1	-1	-1	-1
	9	-1	-1	4	3.1	4.06	5.22	4.6	3.59	4.37	4.54	4.95	5.6	5.02	5.06	5.97	5.36	5.47	5.51	5.01	-1	-1	-1	-1	-1
	10	-1	-1	6.28	6.64	6.98	5.72	4.01	3.58	9.23	3.85	4.24	7.93	7.24	6.87	7.74	7.6	6.87	7.95	4.54	-1	-1	-1	-1	-1
	11	-1	-1	-1	6.77	7.15	6.58	3.44	4.33	6.44	4.46	5.23	7.26	5.33	6.95	7.44	5.35	4.6	4.84	4.67	4.83	-1	-1	-1	-1
	12	-1	-1	-1	3.77	5.75	6.42	5.37	4	4.94	6.67	5.87	4.44	5.52	5.3	5.15	5.91	4.48	5.84	4.15	7.57	-1	-1	-1	-1
