LAKE HOOD SEAPLANE  AK - 702725                                                 														
 61 deg    11' N  149 deg    58' W - Elev   22m   LST=GMT+99 hours   *NT=-10    														
 01/73-04/75 12/93-09/02                                                        								Adjusted to Alaska Timezone (GMT-9)						
SPEED BY YEAR                                                                   														
	Year	ALL	JAN	FEB	MAR	APR	MAY	JUN	JUL	AUG	SEP	OCT	NOV	DEC
	ALL	2.29	1.79	1.75	2.16	2.31	2.89	2.93	2.57	2.34	2.38	2.38	1.98	2.09
	1973	3.05	1.73	1.92	4.32	-1	-1	3.6	-1	4.3	1.75	-1	3.39	3.44
	1974	3.16	1.55	3.5	4.66	-1	2.5	-1	-1	-1	-1	-1	-1	-1
	1975	3.69	-1	4.01	3.23	3.4	-1	-1	-1	-1	-1	-1	-1	-1
	1993	1.17	-1	-1	-1	-1	-1	-1	-1	-1	-1	-1	-1	1.17
	1994	1.85	1.13	1.58	1.57	1.54	2.57	3.04	2.39	2.28	1.79	2.01	1.73	1.18
	1995	1.98	0.78	1.62	1.69	1.64	2.49	3.35	2.41	2.15	1.85	2.14	2.18	2.34
	1996	1.99	0.77	1.7	1.86	2.25	2.13	2.97	2.45	2.28	2.26	2.17	1.52	1.7
	1997	2.08	1.73	1.67	2.69	2.2	2.77	2.51	2.28	1.98	1.57	2.04	1.83	1.23
	1998	2.37	1.08	1.52	1.75	2.8	3.5	2.72	2.48	2.79	2.84	2.27	1.7	2.16
	1999	2.54	2.73	1.8	2.39	2.87	3.03	2.78	2.65	1.89	2.5	2.73	2.19	2.96
	2000	2.38	2.24	1.53	2.16	2.2	3.01	3.12	2.6	2.41	2.61	2.23	2.26	2.36
	2001	2.97	2.47	1.9	3.02	2.54	3.8	3.61	3.02	3.09	3.21	3.6	2.74	3.24
	2002	2.64	3.17	2.37	2.07	2.67	2.97	2.82	2.9	2.44	0.91	-1	-1	-1
POWER BY YEAR                                                                   														
	Year	ALL	JAN	FEB	MAR	APR	MAY	JUN	JUL	AUG	SEP	OCT	NOV	DEC
	ALL	29	24	20	33	32	41	38	26	25	31	28	20	25
	1973	61	13	6	156	-1	-1	28	-1	167	3	-1	70	33
	1974	39	4	48	71	-1	9	-1	-1	-1	-1	-1	-1	-1
	1975	51	-1	72	25	29	-1	-1	-1	-1	-1	-1	-1	-1
	1993	19	-1	-1	-1	-1	-1	-1	-1	-1	-1	-1	-1	19
	1994	20	7	20	12	14	40	50	31	31	17	18	16	7
	1995	22	3	20	16	16	33	68	23	17	16	15	42	30
	1996	24	5	14	36	31	20	42	27	22	33	33	8	19
	1997	22	19	11	63	26	36	24	19	13	10	20	12	7
	1998	30	5	10	16	55	59	29	24	40	40	25	14	31
	1999	35	68	21	41	37	39	31	26	13	32	39	21	51
	2000	28	33	17	20	21	38	40	22	34	41	27	23	22
	2001	41	33	28	68	34	61	48	29	33	43	46	23	40
	2002	38	36	37	27	52	49	40	36	24	4	-1	-1	-1
NUMBER OF SPEED OBSERVATIONS BY YEAR                                            														
	Year	ALL	JAN	FEB	MAR	APR	MAY	JUN	JUL	AUG	SEP	OCT	NOV	DEC
	ALL	65484	5340	5733	5890	5957	6172	4579	5697	5846	4522	5166	5217	5365
	1973	51	9	6	6	0	0	1	0	4	2	0	15	8
	1974	39	10	20	7	0	2	0	0	0	0	0	0	0
	1975	13	0	7	3	3	0	0	0	0	0	0	0	0
	1993	136	0	0	0	0	0	0	0	0	0	0	0	136
	1994	7414	618	586	642	644	736	161	608	734	697	703	695	590
	1995	7264	630	656	676	681	723	166	710	665	566	459	634	698
	1996	7628	727	411	385	670	738	579	505	719	709	746	708	731
	1997	7423	707	694	660	571	722	667	730	617	97	581	671	706
	1998	7577	182	680	683	682	679	633	651	626	650	721	714	676
	1999	8145	660	694	718	678	660	629	655	666	659	707	706	713
	2000	8140	708	680	724	689	664	629	651	647	687	705	677	679
	2001	6738	689	711	708	669	582	526	569	482	433	544	397	428
	2002	4916	400	588	678	670	666	588	618	686	22	0	0	0
NUMBER OF SPEED OBSERVATIONS BY HOUR                                            														
	Hour	ALL	JAN	FEB	MAR	APR	MAY	JUN	JUL	AUG	SEP	OCT	NOV	DEC
	0	2733	224	238	246	247	267	193	250	245	189	209	214	211
	1	2765	220	235	251	252	267	207	242	253	187	210	216	225
	2	2769	226	238	234	252	257	208	253	247	184	215	232	223
	3	2715	213	237	246	251	262	199	247	248	178	214	211	209
	4	2722	216	245	247	250	253	201	242	240	184	207	218	219
	5	2777	220	239	237	256	265	209	246	250	192	221	217	225
	6	2692	212	240	242	254	256	196	236	247	180	211	207	211
	7	2718	221	237	245	252	254	187	245	240	186	215	209	227
	8	2747	226	244	247	252	252	188	237	250	192	215	223	221
	9	2649	216	234	247	243	245	166	225	241	189	217	212	214
	10	2717	219	247	246	251	247	181	232	238	192	216	218	230
	11	2755	237	251	258	248	243	173	230	246	196	226	228	219
	12	2645	226	237	246	242	245	164	208	234	179	215	220	229
	13	2652	227	234	243	240	246	168	225	218	180	217	224	230
	14	2715	227	243	230	244	247	182	226	231	200	225	225	235
	15	2702	224	239	249	238	258	182	225	238	184	221	225	219
	16	2723	229	232	247	238	256	196	234	233	182	219	222	235
	17	2769	223	237	249	250	269	195	237	248	198	218	214	231
	18	2706	219	230	242	243	260	187	233	240	201	218	217	216
	19	2777	231	240	252	249	262	194	239	247	198	219	211	235
	20	2793	221	242	247	248	272	206	246	262	190	212	215	232
	21	2717	214	238	243	251	260	194	239	251	190	210	207	220
	22	2756	220	234	251	250	265	200	250	251	188	202	218	227
	23	2770	229	242	245	256	264	203	250	248	183	214	214	222

SPEED BY HOUR                                                                   														
	Hour	ALL	JAN	FEB	MAR	APR	MAY	JUN	JUL	AUG	SEP	OCT	NOV	DEC
	0	2.13	1.76	1.63	2.02	1.85	2.43	2.8	2.38	2.25	2.38	2.36	1.83	2.04
	1	2.04	1.81	1.56	1.93	1.66	2.31	2.49	2.26	2.14	1.98	2.22	1.91	2.21
	2	1.97	1.87	1.54	1.81	1.61	2.26	2.33	2.07	2.01	2.08	2.25	1.86	2.07
	3	1.9	1.77	1.65	2.03	1.66	1.98	2.07	1.93	1.86	2.03	2.11	1.82	1.98
	4	1.84	1.76	1.7	1.84	1.57	1.8	1.97	1.69	1.73	1.9	2.22	1.89	2.13
	5	1.84	1.85	1.56	1.97	1.58	1.91	1.77	1.85	1.7	1.78	2.3	1.93	1.98
	6	1.87	1.71	1.65	1.74	1.65	1.87	2.15	1.91	1.77	1.9	2.21	1.89	2.08
	7	1.93	1.64	1.56	1.79	1.84	2.06	2.06	1.98	1.99	1.95	2.24	1.82	2.31
	8	2.04	1.7	1.63	1.96	2.05	2.21	2.14	2.09	2.15	2.25	2.43	1.91	2.02
	9	2.21	1.75	1.71	2.31	2.12	2.41	2.31	2.28	2.47	2.61	2.58	1.97	2.03
	10	2.31	1.74	1.84	2.36	2.59	2.51	2.44	2.32	2.57	2.82	2.63	2.02	1.91
	11	2.42	1.8	2.09	2.46	2.54	2.87	2.74	2.38	2.54	2.77	2.74	2.15	2.06
	12	2.55	1.97	2.09	2.6	2.68	3.14	3.03	2.66	2.59	2.68	2.87	2.25	2.15
	13	2.68	1.91	2.05	2.52	3.02	3.46	3.29	3.06	2.93	2.81	2.8	2.27	2.22
	14	2.74	1.91	2.15	2.53	3.17	3.68	3.62	3.21	2.86	2.75	2.72	2.29	2.13
	15	2.8	1.77	2.08	2.54	3.17	4.04	4.06	3.34	2.89	2.84	2.61	2.19	2.18
	16	2.81	1.8	2.02	2.49	3.31	4.14	4.28	3.36	3.04	2.82	2.45	1.95	2.08
	17	2.75	1.75	1.8	2.29	3.2	4.15	4.17	3.52	2.94	2.82	2.29	1.92	2.04
	18	2.65	1.7	1.6	2.16	3.18	4.13	4.08	3.38	2.87	2.44	2.22	1.89	2.02
	19	2.48	1.66	1.54	2.12	2.65	3.79	3.94	3.19	2.51	2.2	2.09	1.96	2.08
	20	2.4	1.9	1.6	2.12	2.29	3.48	3.65	2.95	2.2	2.27	2.3	1.95	1.97
	21	2.29	1.86	1.63	2.1	2.27	3.08	3.25	2.82	2.05	2.34	2.09	1.91	2.14
	22	2.23	1.8	1.62	2.15	2	2.89	2.87	2.71	2.2	2.34	2.12	1.94	2.11
	23	2.18	1.77	1.63	1.98	1.95	2.68	3.05	2.47	2.22	2.25	2.16	1.9	2.11

POWER BY HOUR                                                                   														
	Hour	ALL	JAN	FEB	MAR	APR	MAY	JUN	JUL	AUG	SEP	OCT	NOV	DEC
	0	26	26	20	27	26	27	32	22	25	33	29	18	27
	1	25	26	19	24	22	24	25	24	26	23	30	20	34
	2	23	34	19	24	21	25	24	17	21	26	24	20	29
	3	21	27	18	26	22	21	21	14	17	23	21	19	26
	4	21	23	23	29	17	17	21	12	16	25	25	21	30
	5	20	27	17	27	21	21	14	12	15	20	28	18	23
	6	19	23	16	19	20	19	16	15	14	24	24	19	26
	7	21	18	19	25	20	21	15	15	18	27	26	18	28
	8	22	19	22	27	22	24	15	13	21	30	27	22	20
	9	24	23	25	31	24	28	20	16	24	32	28	19	23
	10	26	22	26	31	32	33	20	15	30	36	29	22	19
	11	27	23	23	33	31	41	29	18	25	31	31	20	20
	12	30	29	24	38	32	46	31	23	24	32	31	21	23
	13	32	23	21	38	42	51	38	33	29	39	32	21	23
	14	35	24	25	44	43	56	53	35	32	38	32	23	21
	15	39	19	24	46	53	69	65	44	32	33	30	23	24
	16	39	20	23	42	53	75	76	44	31	35	26	16	24
	17	40	21	20	41	48	72	75	47	32	45	33	21	22
	18	38	23	13	39	49	75	73	44	34	35	29	16	29
	19	34	20	15	44	46	59	64	38	29	28	23	18	26
	20	34	28	15	43	39	52	54	37	24	27	35	21	26
	21	32	29	17	38	33	47	44	35	26	37	29	19	28																									
	22	30	28	19	34	28	43	35	32	30	34	30	19	31																									
	23	28	26	16	30	28	37	42	24	26	29	28	19	26																									

SPEED BY DIRECTION                                                              																																							
	Month	calm	0	10	20	30	40	50	60	70	80	90	100	110	120	130	140	150	160	170	180	190	200	210	220	230	240	250	260	270	280	290	300	310	320	330	340	350	360
	ALL	0	3.12	3.23	3.07	2.95	2.57	2.28	2.08	2	1.86	1.89	1.84	2.29	2.51	2.82	3.1	3.69	4.1	4.3	4.09	3.69	3.52	3.05	3.11	3.12	3.05	2.88	2.76	2.9	2.85	2.68	2.54	2.57	2.56	2.81	3.05	3.08	3.12
	1	0	3.1	3.2	3	2.7	2.4	2.1	2	1.8	1.8	1.9	2.4	2.6	2.7	3.3	4.2	3.7	3.7	4.4	3.9	3.9	3.8	3.2	3.5	3.4	2.7	2.7	2.9	2.5	2.9	2.3	3	2.4	2.3	2.9	3.6	3.5	3.1
	2	0	3	3	2.8	2.8	2.5	2.2	2.2	2.1	1.9	1.6	1.8	2	1.8	2.3	2.4	3.8	3.9	3.6	3.3	3.3	4.6	3.1	3.4	2.8	3.1	2.8	2.6	2.6	2.8	2.7	2.3	2.5	2.7	2.8	2.8	2.8	3
	3	0	3.3	3.9	3.6	3.7	3.1	2.5	2.2	2	1.5	1.7	2	2.3	2.8	2.6	2.9	2.8	3.4	3.8	3.5	3.1	3.6	2.7	2.8	2.8	2.1	2.5	2.4	2.2	2.1	2.6	2.1	2.2	2.5	3.1	3.4	3.2	3.3
	4	0	2.9	2.8	3.2	3.3	3	2.8	2.2	2	2.2	2.2	1.9	2.7	3.3	4.6	4.5	4.1	4.3	4.6	4.1	3.7	3.4	2.7	2.8	3.1	2.9	2.7	2.8	2.9	2.7	2.5	2.5	2.9	2.7	2.8	2.9	3	2.9
	5	0	2.6	2.9	3.3	3.1	2.5	2.3	2.4	2.2	2.1	2.5	1.9	2.8	3.1	3.2	3.7	4.2	4.5	4.6	4.4	3.9	3.6	3.1	3.5	3.3	3.2	3	3	3.2	3	2.9	2.8	3	2.8	2.8	2.7	2.7	2.6
	6	0	2.6	2.7	2.6	2.6	2.9	2.5	2	2.1	1.9	1.9	1.8	2	2.4	2.4	2.6	3.5	4.3	4.7	4.5	3.6	3.1	2.8	3.1	3.3	3.4	3.2	3.1	3.2	3.1	2.9	2.6	2.7	2.4	2.7	2.7	2.6	2.6
	7	0	2.3	2.4	2.5	2.5	2.2	2.2	2.2	1.9	1.9	2.1	1.7	2	2.4	2.5	2.8	3.5	4.2	4.3	3.8	3.3	3.1	2.9	3	3.2	3.2	3	2.7	3	3	2.8	2.6	2.4	2.3	2.2	2.2	2.2	2.3
	8	0	2.5	2.6	2.8	2.6	2.4	2.1	1.9	1.8	1.9	1.7	1.9	2.1	1.9	2.1	2.8	3.8	4.1	4	3.8	3.7	3.5	3.1	2.9	2.8	3	2.7	2.5	2.7	2.8	2.5	2.4	2.2	2.5	2.4	2.6	2.6	2.5
	9	0	2.8	2.8	2.7	2.9	2.4	2.2	2.5	2.2	1.8	2	1.8	2.7	2.4	2.9	2.7	3.9	3.9	4.1	4.3	4.1	3.6	3.4	3	3	2.5	2.3	2.3	2.5	2.3	2.5	2.4	2.6	2.6	3	3	2.9	2.8
	10	0	3.6	3.7	3.3	2.9	2.7	2.3	1.9	2	1.8	1.8	1.7	1.8	1.8	1.8	2.1	2.6	3.1	3.9	3.8	4.4	4.4	3.8	3.2	3.4	3.2	2.5	2.4	2.2	2.8	2.4	2.5	2.6	2.6	3	3.4	3.5	3.6
	11	0	3.1	3.2	2.9	2.8	2.5	2.1	2	2	2	1.8	1.8	2.1	2	2.2	2.4	2.4	3.5	3.1	4	3.7	2.5	2.4	2.3	1.7	4.1	1.9	2.1	2.7	2.3	2.4	2.7	2.6	2.8	3.1	3.3	3.2	3.1
	12	0	3.6	3.6	3.2	3	2.5	2.3	2.1	2.1	1.8	2	1.7	1.9	2.6	2.3	2	3.4	3.7	3.6	3.4	3.7	3.6	3.9	3.4	4.1	2	3.2	2.7	2.6	2.7	3.2	2.7	2.3	2.3	2.9	3.1	3.3	3.6
FREQUENCY BY DIRECTION                                                          																																							
	Month	calm	0	10	20	30	40	50	60	70	80	90	100	110	120	130	140	150	160	170	180	190	200	210	220	230	240	250	260	270	280	290	300	310	320	330	340	350	360
	ALL	27.85	7.65	7.88	7.82	5.52	3.18	1.86	1.18	0.8	0.58	0.44	0.44	0.47	0.59	0.95	1.31	2.07	4.33	6.4	5.62	4.21	2.97	1.91	1.47	1.16	1.22	1.42	1.6	1.95	2.22	1.79	1.53	1.61	1.97	3.18	4.58	6.11	7.65
	1	42.3	11.3	11.5	9.5	7.5	4.4	2.3	2.2	1.2	1	0.6	0.6	0.6	0.8	0.8	1.2	1.5	2.6	2.5	2.7	3.3	2.6	1	0.5	0.6	0.3	0.7	0.6	0.7	0.7	0.8	1	1.7	2.3	3.6	6	8.7	11.3
	2	38.7	10.9	11.1	11.2	8.8	5.5	2.6	1.4	0.9	0.6	0.5	0.5	0.4	0.3	0.8	1	1.5	2	2.2	1.9	2	1.6	0.7	0.4	0.6	0.5	0.4	0.8	0.9	1.4	1.3	1.5	1.8	2.7	4.8	6.3	8.1	10.9
	3	34.3	9.8	11.4	13	8.9	4.1	1.5	0.6	0.2	0.2	0.2	0.2	0.2	0.4	0.8	1	1.1	1.7	3.5	2.8	3.1	2.3	0.9	0.7	0.6	0.7	1	0.9	1.1	1.1	1.2	1.4	1.4	2	4.8	7.4	8	9.8
	4	30.5	5.8	6.3	7.5	4.4	1.8	1	0.5	0.4	0.3	0.2	0.2	0.5	0.7	1.5	1.9	2.9	5.9	7.8	6.2	4.7	3.4	1.6	1.1	1	1	1.3	1.4	1.5	2.5	2.2	2.1	2.2	2.9	4.6	5.1	5.7	5.8
	5	18.6	3.1	3.3	3.4	2.3	0.9	0.8	0.3	0.3	0.3	0.3	0.3	0.6	0.7	1.1	1.8	3.2	7.5	11.4	10.1	6	4.3	3.1	2.4	1.8	2.1	2.3	2.7	3.4	3.5	3	1.8	2	1.9	2.2	2.9	2.9	3.1
	6	14.6	1.9	2.8	2.9	1.9	1.2	0.9	0.4	0.1	0.2	0.4	0.1	0.4	0.6	0.8	1	2.8	6.9	12.7	10.4	6.5	4.3	4.2	3.8	2.6	2.6	3.1	3.4	3.7	3.7	2.5	1.8	1.7	1.3	1.8	1.8	2.6	1.9
	7	16.7	3.4	3.4	3.7	2.2	1.6	0.9	0.7	0.5	0.4	0.2	0.3	0.4	0.7	0.9	1.3	2.3	6.2	10.5	8.3	5.4	4.3	3.2	3.1	2.5	3.1	3.3	3.3	3.9	4.4	3.1	2.3	1.9	1.3	2.2	2.4	2.6	3.4
	8	21.6	5.1	5.1	5.5	4.6	2.4	1.6	0.9	0.7	0.5	0.4	0.5	0.5	0.5	1.1	1.4	2.4	5.9	7.9	7.4	5.6	3.6	2.6	2.2	1.7	1.5	2	2.6	3	3.6	2.7	1.7	1.4	1.5	2.2	3.3	4.3	5.1
	9	25.3	6.3	7.5	6.8	5	2.7	1.5	1	0.8	0.5	0.4	0.5	0.6	0.6	1.3	2.4	3.3	5.6	7.1	8.2	6	3.9	2.1	1.2	0.8	1	1	0.9	1.7	1.4	1.6	1.2	1.3	1.9	2.6	3.9	5.6	6.3
	10	26.7	14.9	11.9	9.9	6.4	3.8	2.6	1.5	1.4	1	0.9	0.6	0.6	0.6	0.7	0.9	1	1.8	2.6	2.2	2.8	2.1	1	0.3	0.4	0.3	0.3	0.4	0.5	1	0.7	1	1.5	2.4	3.3	6.4	10.3	14.9
	11	31	10.7	12.1	13.5	9.9	6.6	3.8	3.3	1.6	1.1	0.7	1.1	0.4	0.5	0.8	1	1.2	1.8	2.3	1.5	1.2	0.5	0.4	0.2	0.2	0.1	0.1	0.2	0.5	0.5	0.6	0.9	1.2	1.9	3.4	6.1	8.3	10.7
	12	32.7	13.3	12.8	10.7	7.5	5.3	4	2.2	2	1.2	0.9	0.6	0.5	0.6	0.8	0.7	1.2	1.4	1.8	2.2	2.1	1.5	0.8	0.4	0.2	0.2	0.2	0.6	0.9	0.9	0.4	1	1	1.7	3.5	5	9.7	13.3
FREQUENCY OF SPEED                                                              																																							
	Month	0	1	2	3	4	5	6	7	8	9	10	11	12	13	14	15	16	17	18	19	20	21	22	23	24	25												
	ALL	27.9	13.6	24.1	15.6	8.7	4.9	2.8	1.4	0.6	0.3	0.1	0	0	0	0	0	0	0	0	0	0	0	0	0	0	0												
	1	42.3	13.9	18.3	10.9	6.4	3.9	2	1	0.7	0.5	0.1	0	0	0	0	0	0	0	0	0	0	0	0	0	0	0												
	2	38.7	15.5	22.7	11.8	5.5	2.5	1.4	0.9	0.4	0.3	0.1	0.1	0	0	0	0	0	0	0	0	0	0	0	0	0	0												
	3	34.3	13	20.8	13.3	8.4	4.2	2.5	1.3	1	0.6	0.3	0.2	0	0	0	0	0	0	0	0	0	0	0	0	0	0												
	4	30.5	12.8	21.4	14.4	9.2	5.4	3.1	1.9	0.8	0.4	0.2	0	0	0	0	0	0	0	0	0	0	0	0	0	0	0												
	5	18.6	11.2	22.8	17.8	12.5	8.3	5.2	2.3	0.8	0.3	0.2	0	0	0	0	0	0	0	0	0	0	0	0	0	0	0												
	6	14.6	11	26.1	21.2	11.7	7.6	4.4	2.1	0.8	0.3	0.1	0	0	0	0	0	0	0	0	0	0	0	0	0	0	0												
	7	16.7	14.2	30.2	19.3	9.3	6	2.6	1.3	0.3	0.1	0	0	0	0	0	0	0	0	0	0	0	0	0	0	0	0												
	8	21.6	15.5	29.4	17.2	8.1	3.9	2.2	1	0.6	0.3	0.1	0	0	0	0	0	0	0	0	0	0	0	0	0	0	0												
	9	25.3	14.6	25.5	15.3	8	5	3.4	1.3	0.7	0.4	0.1	0.1	0	0	0	0	0	0	0	0	0	0	0	0	0	0												
	10	26.7	11.9	22.8	18.2	10.5	5.2	2.9	1.2	0.3	0.2	0.1	0	0.1	0	0	0	0	0	0	0	0	0	0	0	0	0												
	11	31	15	26.9	14.7	6.6	2.9	1.3	0.9	0.4	0.2	0	0	0	0	0	0	0	0	0	0	0	0	0	0	0	0												
	12	32.7	14.2	22.2	14	8.4	4.3	2.3	1.1	0.6	0.2	0.1	0	0	0	0	0	0	0	0	0	0	0	0	0	0	0
PERCENT OF POWER BY SPEED                                                       																											
	Month	0	1	2	3	4	5	6	7	8	9	10	11	12	13	14	15	16	17	18	19	20	21	22	23	24	25
	ALL	0	1	6.7	12.7	15.5	16.7	15.9	12.1	8	6	3.1	1.5	0.7	0.1	0	0	0	0	0	0	0	0	0	0	0	0
	1	0	1.3	6.1	10.8	13.8	16.1	13.8	11.2	10.8	12	4	0	0	0	0	0	0	0	0	0	0	0	0	0	0	0
	2	0	1.7	9.1	13.7	14.2	13	12.2	12.3	7.3	8.4	4.5	2.5	1	0	0	0	0	0	0	0	0	0	0	0	0	0
	3	0	0.9	5	9.5	13.2	12.8	12.7	10.7	11.5	11	6.2	5.1	1.3	0	0	0	0	0	0	0	0	0	0	0	0	0
	4	0	0.9	5.5	10.5	14.7	16.4	16	14.8	9.1	5.8	4.6	1	0	0.8	0	0	0	0	0	0	0	0	0	0	0	0
	5	0	0.6	4.4	10	15.4	19.8	20.9	13.8	7.3	3.3	3.6	1.1	0	0	0	0	0	0	0	0	0	0	0	0	0	0
	6	0	0.6	5.6	12.9	15.4	19.1	18.6	13.9	7.7	4.8	1.3	0	0	0	0	0	0	0	0	0	0	0	0	0	0	0
	7	0	1.1	9.2	16.5	17.5	21.5	15.6	11.9	3.7	2.6	0.4	0	0	0	0	0	0	0	0	0	0	0	0	0	0	0
	8	0	1.3	9.2	15.3	16.3	14.4	14	9.7	8.5	5.3	3.8	1.3	0.9	0	0	0	0	0	0	0	0	0	0	0	0	0
	9	0	1	6.3	11.3	12.8	15.4	17.9	10.9	8.7	7.4	2.6	3.9	1.7	0	0	0	0	0	0	0	0	0	0	0	0	0
	10	0	0.9	6.7	15.3	18.8	17.6	16.9	10.7	4.6	3.4	1.5	1.2	2.5	0	0	0	0	0	0	0	0	0	0	0	0	0
	11	0	1.7	11.3	17.5	17.4	14.7	11.3	12.2	7.5	4.6	0.7	0	1.1	0	0	0	0	0	0	0	0	0	0	0	0	0
	12	0	1.2	7.3	13.5	17.4	17	15.2	11.4	9.3	4.8	2	0.7	0	0	0	0	0	0	0	0	0	0	0	0	0	0
PREVAILING DIRECTION BY HOUR                                                    																									
	Month	0	1	2	3	4	5	6	7	8	9	10	11	12	13	14	15	16	17	18	19	20	21	22	23
	ALL	170	10	360	360	10	360	360	360	20	10	20	20	20	20	20	20	20	170	170	170	170	170	170	170
	1	10	10	350	360	10	20	350	10	360	40	10	360	20	20	10	10	360	360	10	350	10	10	360	360
	2	360	360	360	10	10	360	360	20	10	20	20	20	20	20	30	20	20	20	360	10	360	10	20	10
	3	10	350	350	360	10	350	10	360	360	20	20	20	20	20	20	20	20	20	20	20	10	360	10	10
	4	170	160	20	360	360	360	10	350	20	20	20	20	20	20	340	190	170	170	170	160	170	170	170	170
	5	180	180	180	170	160	170	180	360	20	20	20	190	180	170	180	270	170	170	170	170	170	170	170	170
	6	170	170	180	170	180	190	170	20	10	10	350	280	280	180	170	270	170	170	170	170	170	170	170	170
	7	170	170	170	170	190	170	170	10	20	10	340	270	280	280	280	280	270	170	180	170	160	170	170	170
	8	170	170	160	180	190	20	180	180	360	360	20	20	10	20	290	170	280	270	180	170	160	170	180	160
	9	180	180	10	10	10	350	20	350	10	10	30	350	20	30	10	20	180	180	180	180	180	180	170	180
	10	360	10	360	360	350	360	360	360	360	10	360	10	10	20	30	20	20	360	350	350	360	360	360	360
	11	360	20	10	20	10	360	20	10	20	350	20	20	20	30	20	10	10	30	10	30	20	10	20	360
	12	360	360	10	30	350	360	360	10	10	10	10	360	10	20	20	350	360	360	360	10	10	360	10	360
SPEED FOR PREVAILING DIRECTION BY HOUR                                          																									
	Month	0	1	2	3	4	5	6	7	8	9	10	11	12	13	14	15	16	17	18	19	20	21	22	23
	ALL	3.69	3.31	3.2	3.06	3.16	3.22	3.18	2.9	2.77	2.97	3.05	3.18	3.1	3.14	3.16	3.36	3.1	4.91	4.8	4.58	4.38	4.3	4.09	4.02
	1	3.45	3.56	3.49	3.59	3.01	2.95	3.22	3.02	3.17	2.38	2.85	2.65	2.63	3.01	3.66	2.81	3.04	2.89	2.78	3.75	2.81	3.28	2.99	3.17
	2	2.72	2.71	3.13	2.85	2.71	2.88	2.94	2.57	3.56	3.35	2.81	2.66	2.9	2.38	2.95	3.1	2.64	2.79	3.09	2.73	3.59	3.05	2.25	3.27
	3	3.23	3.41	3.58	2.9	4.18	3.25	3.62	2.96	3.14	3.3	3.32	3.68	3.4	4.06	3.54	4.59	4.03	4.35	4.7	4.18	4.73	3.84	4.28	3.46
	4	4.69	2.39	2.52	2.58	2.74	2.97	2.81	3.01	2.65	2.7	3.41	3.72	3.24	3.68	3.04	4.37	5.62	4.91	4.92	4.34	3.83	4	4.04	4.12
	5	3.88	4.14	3.57	3.46	3.78	3.43	3.82	2.28	2.82	2.85	3.77	3.84	4.63	5.76	4.55	3.42	5.51	5.32	5.7	4.92	4.55	4.25	3.91	4.21
	6	3.9	3.99	3.74	3.9	3.23	2.86	3.56	2.57	2.24	2.33	2.25	2.54	2.61	5.23	6.14	3.38	5.57	5.82	5.16	5.12	4.58	4.84	4.02	4.46
	7	3.24	3.2	3.69	3.59	2.56	3.24	3.57	2.27	2.49	2.33	2.06	2.57	2.84	3.71	3.52	3.42	3.61	4.98	4.17	5.13	4.46	4.66	4.32	3.97
	8	3.4	3.46	3.08	2.99	2.97	2.28	3.58	3.68	2.45	2.69	2.95	3.14	2.63	3.39	2.94	4.41	3.06	3.13	4.22	3.93	4.05	4.11	3.92	3.91
	9	5.03	4.31	2.92	2.55	2.92	2.34	2.94	2.49	2.97	2.69	3.42	2.77	2.93	3.06	3.41	2.66	3.67	5.03	3.55	3.52	4.02	5.25	4.26	4.3
	10	3.86	3.79	3.47	3.36	3.55	3.72	3.68	3.66	3.62	3.63	3.26	3.4	3.32	3.39	3.54	3.54	3.03	3.59	3.29	3.9	3.56	3.76	3.82	3.87
	11	3.33	3.14	3.24	3.02	2.87	3.27	3.2	3.34	2.98	3.72	2.82	2.61	2.49	2.95	2.76	3.25	3	2.23	3.16	3.09	2.77	3.02	2.97	3.34
	12	3.63	4.05	3.39	3.16	3.25	3.83	3.55	4.12	3.67	3.48	3.41	2.79	3.95	3.18	3.05	3.3	4	3.34	3.39	3.64	3.58	3.57	4.01	3.54
