MCCARTHY            AK - 702755                                                 														
 61 deg    26' N  142 deg    56' W - Elev  455m   LST=GMT+99 hours   *NT=-10    														
 04/74-09/02                                                                    							Adjusted to Alaska Timezone (GMT-9)							
SPEED BY YEAR                                                                   														
	Year	ALL	JAN	FEB	MAR	APR	MAY	JUN	JUL	AUG	SEP	OCT	NOV	DEC
	ALL	1.17	0.57	0.82	1.28	1.72	2.05	1.62	1.25	1.12	1.13	0.92	0.77	0.57
	1974	1.72	-1	-1	-1	2.59	2.66	2.01	1.23	1.62	1.66	1.68	1.52	1.07
	1975	1.82	1.33	1.9	1.7	2.32	2.43	2.17	1.53	2.07	1.81	1.62	1.45	1.14
	1976	1.57	1.2	1.14	2.1	2.33	2.79	1.84	1.53	1.54	1.64	1.03	0.81	0.49
	1977	0.95	0.68	0.83	1.29	1.76	1.96	1.17	0.97	0.71	0.91	0.72	0.23	0.04
	1978	0.81	0.05	0.74	0.84	1.21	1.46	1.25	0.95	0.82	0.67	0.96	0.67	0.27
	1979	0.83	0.17	0.11	0.95	1.07	1.53	0.99	0.72	0.89	0.81	0.91	1.23	0.47
	1980	1	1.17	0.75	1.19	1.92	1.83	1.39	0.83	0.7	0.82	0.84	0.52	0.06
	1981	0.93	0.71	0.56	1.42	1.68	1.47	1.24	0.86	0.95	0.91	0.64	0.76	0.33
	1982	0.75	0.09	0.7	1.14	1.69	1.6	1.16	0.47	0.15	0.67	0.49	0.21	0.21
	1983	0.37	0.04	0.17	0.72	-1	-1	-1	-1	-1	-1	-1	0.94	0.4
	1984	1.26	0.84	1.1	1.3	1.65	2.26	1.84	1.43	1.21	1.18	1.11	0.49	0.55
	1985	1.35	0.83	0.79	1.27	2.08	2.36	1.91	1.26	1.3	1.5	0.9	0.85	1.09
	1986	1.42	0.72	1.29	1.3	2.08	2.2	2.03	1.66	1.35	1.52	1.35	0.61	0.95
	1987	1.42	1.29	1.59	1.52	2.09	2.16	1.73	1.47	1.45	1.34	1.33	0.67	0.47
	1988	1.23	0.45	1.13	1.24	1.87	1.74	1.56	1.29	1.33	1.37	1.07	0.66	1.34
	1989	1.37	0.78	0.91	1.45	1.69	2.09	2	1.49	1.19	1.07	1.12	0.84	-1
	1990	1.39	-1	-1	1.57	1.69	1.94	1.67	1.44	1.34	1.4	0.92	0.69	0.58
	1991	1.09	-1	0.81	1.22	1.52	2.03	1.69	1.22	0.86	0.81	0.6	0.44	0.36
	1992	1.09	0.23	0.6	1.25	1.62	2.03	1.55	0.96	0.68	1.25	0.81	0.75	0.44
	1993	1.03	0.52	0.6	1.07	1.35	1.79	1.33	1.17	1.14	1.06	0.76	0.68	0.69
	1994	1.22	0.35	1	1.64	1.71	1.89	1.69	1.52	1.27	1.26	1.04	0.44	0.64
	1995	1.16	0.81	1.34	1.34	1.52	2.06	1.81	1.52	1.24	0.89	0.82	0.64	0.27
	1996	1.21	0.81	0.88	1.37	1.87	2.33	1.82	1.51	1.13	1.22	0.68	0.55	0.58
	1997	1.37	0.47	0.84	1.49	1.68	2.21	1.74	1.86	1.11	1.25	1.04	1.26	1.07
	1998	1.31	0.37	0.78	1.48	1.78	2.23	2.24	2.19	1.24	1.35	0.97	0.44	0.54
	1999	1	0.51	0.82	1.35	1.81	2.32	1.51	0.44	0.3	0.39	0.28	1.16	0.85
	2000	0.73	0.18	0.26	0.69	1.1	1.43	1.04	0.98	0.79	0.38	0.36	1.1	0.41
	2001	1.37	0.42	0.45	0.7	1.23	2.48	2.38	2.07	2.26	2.25	2.15	1.76	1.59
	2002	1.31	1.38	0.71	1.09	1.69	2.13	1.46	1.18	0.84	0.91	-1	-1	-1
POWER BY YEAR                                                                   														
	Year	ALL	JAN	FEB	MAR	APR	MAY	JUN	JUL	AUG	SEP	OCT	NOV	DEC
	ALL	8	4	5	8	11	16	12	11	6	10	6	6	4
	1974	16	-1	-1	-1	28	23	16	6	10	19	34	17	5
	1975	13	11	14	10	18	29	24	7	12	9	8	6	6
	1976	11	14	6	14	15	26	13	8	7	10	7	9	2
	1977	6	8	4	7	12	17	6	5	3	5	4	1	0
	1978	6	0	3	5	6	9	6	4	3	4	6	27	3
	1979	5	1	1	6	5	10	5	3	3	5	4	9	3
	1980	11	18	4	5	12	13	8	4	4	35	18	6	0
	1981	10	15	3	8	19	10	8	4	4	7	3	40	2
	1982	4	0	5	6	10	11	7	2	1	3	3	1	1
	1983	1	0	1	2	-1	-1	-1	-1	-1	-1	-1	2	0
	1984	8	2	4	4	9	16	12	6	5	6	6	1	19
	1985	8	2	2	5	13	17	11	10	13	9	3	2	7
	1986	7	2	9	5	11	15	10	8	4	6	5	2	3
	1987	10	4	8	7	13	13	8	15	23	15	5	3	1
	1988	5	1	6	5	11	11	6	4	5	6	3	2	6
	1989	7	3	3	8	7	15	21	6	4	4	4	4	-1
	1990	8	-1	-1	8	8	11	28	6	6	5	3	2	2
	1991	5	-1	2	5	6	14	7	5	3	3	3	1	1
	1992	5	0	3	6	9	13	9	3	2	7	3	3	2
	1993	5	2	3	4	6	11	6	5	4	5	3	2	4
	1994	6	1	6	10	10	11	10	6	5	6	3	1	2
	1995	6	2	9	8	6	13	10	9	4	3	3	4	1
	1996	7	1	3	10	15	21	11	7	5	6	3	2	5
	1997	13	1	2	8	9	17	8	45	28	5	23	3	4
	1998	25	1	2	34	10	15	64	97	5	54	4	1	12
	1999	8	1	34	6	11	18	7	2	2	2	1	2	7
	2000	3	0	2	3	7	9	5	5	4	1	1	2	1
	2001	8	2	3	4	8	22	14	8	10	11	7	5	4
	2002	8	2	2	7	11	18	7	5	3	3	-1	-1	-1
NUMBER OF SPEED OBSERVATIONS BY YEAR                                            														
	Year	ALL	JAN	FEB	MAR	APR	MAY	JUN	JUL	AUG	SEP	OCT	NOV	DEC
	ALL	70936	5290	5109	6079	5950	6491	6293	6164	6196	5718	5974	5829	5843
	1974	1490	0	0	0	54	195	189	167	196	173	149	149	218
	1975	3153	193	195	195	253	302	312	304	345	291	287	226	250
	1976	3327	210	221	236	290	319	331	342	321	272	258	248	279
	1977	3562	277	252	319	294	320	334	315	328	262	287	295	279
	1978	2910	273	236	223	198	224	248	265	281	230	274	208	250
	1979	2922	224	205	218	212	228	227	284	238	246	257	307	276
	1980	3458	272	259	314	273	317	245	328	303	313	275	253	306
	1981	3088	317	246	232	188	234	326	235	217	283	237	267	306
	1982	2611	278	116	278	218	261	254	142	94	195	255	268	252
	1983	762	262	149	9	0	0	0	0	0	0	0	186	156
	1984	2459	213	163	225	190	222	214	199	219	207	208	186	213
	1985	2479	202	163	188	164	241	212	198	237	202	230	213	229
	1986	1848	199	172	193	176	181	135	136	86	145	137	148	140
	1987	2089	53	65	195	218	195	221	211	140	174	200	200	217
	1988	2280	214	195	198	167	202	169	148	213	212	201	208	153
	1989	1637	123	125	144	142	162	158	204	172	201	128	78	0
	1990	1541	0	0	156	188	170	171	163	185	142	149	139	78
	1991	2020	0	136	189	224	221	208	176	189	103	184	181	209
	1992	2277	13	147	217	220	198	213	235	222	183	216	207	206
	1993	2575	219	178	223	208	233	237	185	248	209	216	198	221
	1994	2130	221	145	200	151	218	190	163	200	172	191	155	124
	1995	2360	156	168	199	187	196	160	223	172	194	249	219	237
	1996	2685	233	215	243	223	198	208	214	228	216	250	235	222
	1997	2900	150	227	247	257	250	244	263	241	248	267	254	252
	1998	3013	236	249	241	257	262	250	255	252	261	270	258	222
	1999	2905	227	221	257	252	268	230	230	239	241	248	245	247
	2000	3041	254	237	253	250	257	242	257	258	248	270	257	258
	2001	1695	260	208	237	244	165	135	82	113	86	81	41	43
	2002	1719	11	216	250	252	252	230	240	259	9	0	0	0
NUMBER OF SPEED OBSERVATIONS BY HOUR                                            														
	Hour	ALL	JAN	FEB	MAR	APR	MAY	JUN	JUL	AUG	SEP	OCT	NOV	DEC
	0	136	3	1	6	2	22	20	17	15	22	26	0	2
	1	1791	152	152	161	155	137	144	137	144	145	122	161	181
	2	2	0	0	0	1	0	0	0	0	0	0	0	1
	3	2	1	0	0	0	0	0	0	0	0	1	0	0
	4	613	0	2	0	63	79	87	105	103	84	89	1	0
	5	3698	192	217	261	353	380	392	381	388	344	363	224	203
	6	6164	400	430	543	539	619	580	562	554	505	536	474	422
	7	5689	487	466	557	468	493	454	421	466	398	424	534	521
	8	4154	254	224	257	379	458	445	422	392	379	388	276	280
	9	5552	493	466	551	428	457	411	433	439	410	442	516	506
	10	4271	283	246	300	369	437	419	420	393	370	377	317	340
	11	5456	496	471	521	424	425	400	419	427	402	426	508	537
	12	3988	248	206	265	360	413	413	376	409	363	361	278	296
	13	5374	470	448	514	397	433	412	425	407	391	435	520	522
	14	3923	249	228	281	353	395	387	373	383	361	363	264	286
	15	5434	497	445	525	405	419	408	444	439	413	448	487	504
	16	3902	274	227	277	313	395	389	358	376	361	350	281	301
	17	3298	286	309	363	289	263	252	253	241	216	224	313	289
	18	1805	39	55	78	177	226	237	205	218	201	184	97	88
	19	3225	292	308	375	259	243	234	243	213	186	228	333	311
	20	459	34	56	67	40	21	32	15	15	3	20	77	79
	21	121	1	2	0	1	20	23	12	13	22	26	1	0
	22	1879	139	150	177	175	156	154	143	161	142	141	167	174
	23	0	0	0	0	0	0	0	0	0	0	0	0	0

SPEED BY HOUR                                                                   														
	Hour	ALL	JAN	FEB	MAR	APR	MAY	JUN	JUL	AUG	SEP	OCT	NOV	DEC
	0	0.37	1.37	0	1.1	1.25	0.36	0.5	0.29	0.17	0	0.31	-1	1.5
	1	0.76	0.43	0.63	1.27	1.1	0.89	0.73	0.48	0.89	0.73	0.82	0.76	0.43
	2	1.5	-1	-1	-1	3	-1	-1	-1	-1	-1	-1	-1	0
	3	3.3	2.5	-1	-1	-1	-1	-1	-1	-1	-1	4.1	-1	-1
	4	0.32	-1	1.25	-1	0.29	0.38	0.31	0.23	0.24	0.36	0.45	0	-1
	5	0.48	0.49	0.45	0.42	0.48	0.5	0.53	0.42	0.31	0.45	0.47	0.69	0.74
	6	0.52	0.46	0.46	0.5	0.61	0.62	0.56	0.46	0.4	0.49	0.53	0.63	0.49
	7	0.59	0.56	0.51	0.55	0.78	0.89	0.63	0.43	0.48	0.52	0.55	0.62	0.49
	8	0.73	0.57	0.53	0.55	1.03	1.25	0.88	0.57	0.58	0.67	0.76	0.59	0.37
	9	0.95	0.47	0.72	0.94	1.36	1.85	1.43	0.97	0.79	0.76	0.9	0.79	0.57
	10	1.27	0.67	0.8	1.09	1.89	2.42	1.92	1.24	1.15	1.13	0.86	0.78	0.59
	11	1.41	0.61	1	1.54	2.23	2.8	2.13	1.68	1.35	1.4	1.15	0.93	0.64
	12	1.7	0.7	1.16	1.69	2.49	3.02	2.3	1.72	1.66	1.73	1.26	0.93	0.51
	13	1.72	0.65	1.19	2.19	2.83	3.19	2.5	1.93	1.81	1.8	1.37	1.03	0.63
	14	1.93	0.64	1.25	2.19	2.91	3.36	2.5	2.01	2.02	1.95	1.54	0.97	0.56
	15	1.75	0.6	1.2	2.16	2.88	3.32	2.59	2.21	1.94	1.98	1.24	0.85	0.62
	16	1.83	0.78	0.99	2.17	2.78	3.13	2.6	2.12	1.92	1.79	1.2	0.85	0.62
	17	1.33	0.52	0.76	1.33	2.14	2.7	2.23	2.01	1.34	1.18	0.73	0.62	0.61
	18	1.3	0.5	0.78	1.54	1.71	2.35	1.9	1.34	0.91	0.89	0.7	0.51	0.64
	19	0.85	0.51	0.67	0.82	0.95	1.71	1.55	1.01	0.66	0.54	0.63	0.67	0.6
	20	0.77	0.67	0.77	0.98	0.97	1.57	1.28	0.86	0.17	0	0.64	0.42	0.61
	21	0.77	0	2.55	-1	0	1.61	1.07	0.67	0.19	0.46	0.4	0	-1
	22	0.81	0.34	0.49	1.11	1.54	1.16	0.84	0.8	1.02	0.75	0.59	0.43	0.45
	23	-1	-1	-1	-1	-1	-1	-1	-1	-1	-1	-1	-1	-1

POWER BY HOUR                                                                   														
	Hour	ALL	JAN	FEB	MAR	APR	MAY	JUN	JUL	AUG	SEP	OCT	NOV	DEC
	0	2	14	0	9	5	2	2	1	1	0	1	-1	8
	1	5	3	4	9	6	6	4	2	6	4	4	4	3
	2	8	-1	-1	-1	16	-1	-1	-1	-1	-1	-1	-1	0
	3	24	9	-1	-1	-1	-1	-1	-1	-1	-1	40	-1	-1
	4	1	-1	5	-1	1	1	1	0	1	1	1	0	-1
	5	3	1	1	1	2	2	19	1	1	2	1	2	3
	6	2	3	3	2	2	2	2	1	1	2	2	3	2
	7	5	2	2	2	3	4	9	20	4	2	2	2	4
	8	4	6	3	2	4	5	5	2	2	3	4	11	1
	9	6	3	3	4	7	10	6	14	3	2	3	5	11
	10	7	4	4	4	10	22	9	5	4	4	3	4	8
	11	11	3	19	8	14	20	19	7	5	22	17	4	3
	12	15	7	5	9	15	27	13	33	7	9	6	46	2
	13	12	3	5	26	21	28	15	9	17	9	7	5	3
	14	16	3	7	12	22	32	21	10	11	39	12	6	3
	15	13	3	6	11	22	31	18	19	17	27	6	4	2
	16	14	23	6	13	20	27	21	12	10	15	6	4	5
	17	12	1	3	6	14	20	19	49	16	14	4	1	4
	18	9	2	2	8	7	15	11	5	3	3	31	1	2
	19	5	1	4	4	4	10	20	4	2	2	4	3	2
	20	3	2	2	3	3	12	8	3	0	0	2	2	2
	21	5	0	41	-1	0	9	5	3	1	4	2	0	-1																									
	22	5	3	3	6	10	8	5	4	6	6	4	5	2																									
	23	-1	-1	-1	-1	-1	-1	-1	-1	-1	-1	-1	-1	-1																									

SPEED BY DIRECTION                                                              																																							
	Month	calm	0	10	20	30	40	50	60	70	80	90	100	110	120	130	140	150	160	170	180	190	200	210	220	230	240	250	260	270	280	290	300	310	320	330	340	350	360
	ALL	0	2.38	2.49	2.48	2.49	2.6	2.61	2.56	2.55	2.44	2.41	2.46	2.53	2.38	2.37	2.4	2.51	2.41	2.35	2.41	2.52	2.64	2.48	2.47	2.33	2.51	2.56	2.49	2.22	2.38	2.34	2.45	2.38	2.46	2.34	2.46	2.41	2.38
	1	0	1.7	2	2.1	2.3	2.8	2.2	2.5	2.5	2.1	1.5	2.3	2.4	2.1	2.1	2.3	2.8	2.6	2.2	1.7	2	2.2	2	2	1.8	1.8	1.8	1.6	1.6	1.9	2.1	1.8	1.4	1.5	1.4	1.8	2.2	1.7
	2	0	1.9	2	2.1	2.2	2.3	2.3	2.2	2.2	2.3	2.1	2.4	2.3	1.9	2.2	2.4	2.7	2.2	2	2.1	2	2.4	2.4	2.4	2.3	2.4	2.3	2.3	2.1	2.2	2.3	2.2	2.2	2.5	2.1	2	2	1.9
	3	0	2.4	2.6	2.4	2.4	2.5	2.7	2.4	2.6	2.4	2.3	2.5	2.3	2.6	2.1	2.5	2.4	2.2	2.2	2.3	2.4	2.6	2.4	2.3	2.3	2.4	2.1	2	2.2	2.3	2.1	2.3	2.1	2.3	2.3	2.4	2.3	2.4
	4	0	2.6	2.8	2.7	2.7	2.8	2.8	2.7	2.7	2.6	2.5	2.5	2.4	2.6	2.6	2.4	2.7	2.5	2.6	2.6	2.7	2.7	2.6	2.7	2.5	2.6	3.3	2.9	2.5	2.8	2.4	2.6	2.8	2.8	2.4	2.9	2.8	2.6
	5	0	3.2	2.9	2.9	3.1	3.2	3.1	3.1	2.8	2.8	2.8	2.7	2.6	2.5	2.5	2.7	2.7	2.7	2.9	2.8	3.1	3	2.8	2.9	2.7	3	2.6	3	2.7	2.6	2.6	2.9	2.9	3.1	3.1	3.1	3.1	3.2
	6	0	2.6	2.7	2.7	2.6	2.7	2.5	2.6	2.5	2.4	2.5	2.7	2.9	2.4	2.5	2.4	2.8	2.5	2.6	2.6	2.8	3.1	2.7	2.8	2.5	2.8	3.2	2.9	2.3	2.6	2.4	2.7	2.7	2.6	2.5	2.7	2.6	2.6
	7	0	2.3	2.5	2.4	2.4	2.5	2.4	2.5	2.4	2.4	2.2	2.2	2.4	2.4	2.3	2.3	2.4	2.3	2.3	2.8	2.6	2.7	2.9	2.6	2.5	2.9	2.7	2.8	2.1	2.5	2.4	2.5	2.3	2.6	2.1	2.2	2.3	2.3
	8	0	2.1	2.2	2.4	2.4	2.4	2.4	2.3	2.3	2.4	2.3	2.3	3.2	2.3	2.6	2.4	2.3	2.6	2.3	2.5	2.6	2.6	2.3	2.4	2.4	2.3	3.1	2.6	2.4	2.3	2.1	2.3	2.3	2.2	2.4	2.4	2.3	2.1
	9	0	2.2	2.5	2.3	2.3	2.4	2.4	2.5	2.6	2.3	2.7	2.4	2.6	2.5	2.3	3	2.5	2.8	2.3	2.5	2.7	2.9	2.6	2.5	2.2	2.1	2.8	2.6	2.4	2.5	2.3	2.4	2.4	2.4	2.6	2.3	2.3	2.2
	10	0	2.1	2.3	2.4	2.1	2.4	2.8	2.3	2.9	2.5	2.2	2.4	2.2	2.4	2.3	2.5	2.5	2.3	2.3	2.2	2.3	2.4	2.2	2.2	2.4	2.6	2.3	2.5	2.4	2.2	2.4	2.4	2.3	2.4	2.5	2.5	2.2	2.1
	11	0	1.7	2	2	1.9	2	2.2	2.1	2.2	2	1.8	2.2	2.5	1.9	1.7	1.7	1.9	1.9	1.9	1.9	2	2.1	2	2	2	2.2	2.3	2.3	1.8	2	3	2.3	2.1	1.9	1.6	1.9	1.7	1.7
	12	0	1.8	1.8	2.1	2	1.9	1.9	2.1	2	2.1	1.8	2.6	2.3	2.1	2.5	2.4	2.4	2.2	2	2	2.2	2.2	2.1	2.2	1.9	2.3	2.2	1.7	2.1	2.3	1.9	2.1	1.9	2	1.9	1.9	2.1	1.8
FREQUENCY BY DIRECTION                                                          																																							
	Month	calm	0	10	20	30	40	50	60	70	80	90	100	110	120	130	140	150	160	170	180	190	200	210	220	230	240	250	260	270	280	290	300	310	320	330	340	350	360
	ALL	52.91	5.63	5.52	5.78	5.71	5	4.36	4.17	2.6	2.29	2.01	1.85	1.34	2.01	1.64	2.13	2.29	2.47	2.69	5.41	3.26	3.75	2.78	2.29	1.77	1.77	1.24	1.1	1.35	1.28	0.8	1.75	1.47	1.88	1.77	3.39	3.46	5.63
	1	72.9	4.9	3.4	5.3	4.1	4.4	2.6	3.2	1.6	1.6	0.9	1.5	1.4	1.6	1.2	2.4	2.8	3	2.2	6.6	3.9	4.6	3.7	2.9	2.3	2.8	2.5	1.6	1.8	1.4	1.4	2.3	2.1	2.3	2.2	3.2	4.3	4.9
	2	63.4	5.3	5.5	4.8	4.7	4.8	3.4	3.2	2.5	2.7	1.3	1.7	1.2	1.9	1.6	2.2	2.6	2.7	3.9	6.1	4.4	3.7	3.4	4	1.7	1.9	1.2	1.4	2.2	1.6	0.8	1.9	1.3	1.4	1.6	2.6	3.1	5.3
	3	46.8	6.7	6.1	6.3	6.9	6	5	5	3.3	2.9	2.2	1.8	1.5	1.8	1.4	2.2	2.7	2.5	2.6	5.1	2.6	2.9	1.8	1.4	1.4	1	0.9	0.6	1	1	0.6	0.7	1.3	1.6	1.5	2.9	4.3	6.7
	4	36	5.8	6.6	6	7.4	7.1	7	6.8	4.2	3.4	3.4	2	1.7	2	1.4	1.6	1.7	1.9	1.9	3.9	2.9	2.9	1.6	1.3	1.1	1.3	0.6	0.4	0.5	0.6	0.5	0.6	0.8	1.2	1.6	3	3.3	5.8
	5	30.3	6	5.7	6.5	6	5	5	4.7	3.3	2.4	2.8	2.3	1.4	2.2	1.5	1.8	2.1	2.1	2.7	5.1	3.1	3.1	2.4	1.9	1.2	1.5	0.9	0.6	0.8	1.2	0.4	1.7	1.5	2.2	1.7	4.1	3.3	6
	6	38.9	5.7	5.3	6	5.8	5.1	4.3	3.3	2.4	2	2.1	1.5	1.2	2.3	1.5	2.1	2.2	2.2	2.4	5.3	2.2	4	2.8	2.6	1.6	2.1	1.1	1.4	1.7	1.3	0.7	2.3	1.8	2.5	2.2	3.5	3.5	5.7
	7	49.1	6.8	6.1	6.5	6.6	5.5	4.3	4	1.9	1.9	2.3	1.9	1.3	1.8	1.6	1.7	1.8	2.5	2.3	6	2.9	3.5	2.9	2.1	1.7	1.6	1.2	1.1	1.1	1.3	0.6	2.2	1.6	1.8	1.3	3.3	2.9	6.8
	8	53.3	5.4	6	6.3	6.1	4.9	4.8	4	2.9	2.4	1.9	1.7	1.2	2	2.1	2.1	2.2	2.1	2.6	4.9	3.1	3.7	2.4	2.5	2.1	1.4	1.3	0.9	1.4	1.4	0.7	1.6	1.4	2.5	1.6	2.7	3.8	5.4
	9	54.8	4.6	4.9	5.2	4	3.6	3.4	3.9	1.7	1.8	1.7	1.6	0.9	1.9	1.7	1.6	2.4	2.5	2.7	6.5	4	5.7	3.7	2.9	2.4	2	1.8	1.7	1.4	1.7	1.8	2.5	2.2	1.8	1.7	3.8	2.4	4.6
	10	61.1	4.8	4.7	4.4	4.2	3.5	3.1	3.6	2.1	2.1	0.8	1.5	1.3	1.9	2.7	2.5	2.7	3.4	3.2	6.4	4.1	4.5	3.5	2.5	2.5	2.3	1.5	1.7	1.6	1.5	0.9	2	1.3	2.1	2.2	3.3	3.3	4.8
	11	62.2	4.1	4.9	5.9	5.8	4.4	3.4	3.5	1.5	1.9	1.4	1.9	1.2	2.1	1.4	4	3	2.9	3.6	5.4	3.7	3.9	3.2	2.2	2.1	1.7	1.5	1.7	2	1.4	0.7	1.7	0.9	1.1	1.8	4.1	3.8	4.1
	12	73.5	6.1	4.8	3.6	3.2	3.1	1.8	2.1	1.2	1.1	0.9	2.7	1.6	2.5	1.6	2.4	2.3	3.2	3	5.7	4.4	4.2	4.4	2.8	2.6	2.9	2	1.4	2.4	1.6	1.4	2.7	1.8	1.8	2.2	4.2	4.1	6.1
FREQUENCY OF SPEED                                                              																																							
	Month	0	1	2	3	4	5	6	7	8	9	10	11	12	13	14	15	16	17	18	19	20	21	22	23	24	25												
	ALL	52.9	11	24.7	7.2	2.7	1.2	0.2	0.1	0	0	0	0	0	0	0	0	0	0	0	0	0	0	0	0	0	0												
	1	72.9	11.4	12.1	2.1	0.9	0.4	0.1	0	0	0	0.1	0	0	0	0	0	0	0	0	0	0	0	0	0	0	0												
	2	63.4	11.6	19.9	3.2	0.7	0.9	0.2	0	0	0	0	0	0	0	0	0	0	0	0	0	0	0	0	0	0	0												
	3	46.8	12.7	29.7	7.3	2.1	1	0.2	0.2	0	0	0	0	0	0	0	0	0	0	0	0	0	0	0	0	0	0												
	4	36	9	33.8	13.8	4.8	1.9	0.4	0.2	0	0	0	0	0	0	0	0	0	0	0	0	0	0	0	0	0	0												
	5	30.3	8.2	31.5	15.8	9	4.3	0.7	0.1	0	0	0	0	0	0	0	0	0	0	0	0	0	0	0	0	0	0												
	6	38.9	10	32.7	11.7	4.5	1.6	0.3	0.1	0	0	0	0	0	0	0	0	0	0	0.1	0	0	0	0	0	0	0												
	7	49.1	11.9	28.3	7.5	2.2	0.7	0	0	0	0	0	0	0	0	0	0	0	0	0	0	0	0	0	0	0	0												
	8	53.3	11	26.3	7	1.5	0.7	0.1	0.1	0	0	0	0	0	0	0	0	0	0	0	0	0	0	0	0	0	0												
	9	54.8	9.4	26.1	6.2	2.3	0.8	0.2	0.1	0	0	0	0	0	0	0	0	0	0	0	0	0	0	0	0	0	0												
	10	61.1	9.2	23.1	4.4	1.4	0.5	0	0.1	0	0	0	0	0	0	0	0	0	0	0	0	0	0	0	0	0	0												
	11	62.2	17.8	15.9	2.6	0.8	0.4	0.1	0.1	0.1	0	0.1	0	0	0	0	0	0	0	0	0	0	0	0	0	0	0												
	12	73.5	9.9	13.4	2.1	0.6	0.3	0.1	0	0	0	0	0	0	0	0	0	0	0	0	0	0	0	0	0	0	0
PERCENT OF POWER BY SPEED                                                       																											
	Month	0	1	2	3	4	5	6	7	8	9	10	11	12	13	14	15	16	17	18	19	20	21	22	23	24	25
	ALL	0	2.3	22.7	17.3	13.6	11.1	3.5	2.6	0.5	0.4	1.4	0	0.8	0.7	1.5	1.5	0.4	1	5.8	0	0.9	0	4.5	2.6	0	4.9
	1	0	4.3	21.4	10.3	8.8	8.2	4.8	2.3	1.9	0	15.8	0	0	6.8	0	0	0	0	15.4	0	0	0	0	0	0	0
	2	0	4.2	28.1	12.7	6	13.9	4.7	2	0	0	2.4	0	0	0	0	0	0	0	0	0	0	0	25.9	0	0	0
	3	0	3.2	30.4	19.9	11.9	10.8	3.5	5.6	0	0	0	0	0	0	0	0	0	0	0	0	0	0	14.8	0	0	0
	4	0	1.6	26.2	27.3	19.7	15	5.8	3.7	0	0.7	0	0	0	0	0	0	0	0	0	0	0	0	0	0	0	0
	5	0	1	16.6	21.3	25.2	22.2	6.3	2.1	0.4	1	0.6	0	0	0	0	0	0	0	3.4	0	0	0	0	0	0	0
	6	0	1.5	20.6	18.8	15.3	10.4	2.8	1.8	0	0	0	0	1.4	0	2.2	2.9	0	0	22.3	0	0	0	0	0	0	0
	7	0	2	19	13.1	8.1	4.6	0.4	0.6	0	0	0	0	1.8	0	0	3	0	0	10.6	0	0	0	0	22.5	0	14.2
	8	0	3.2	29.8	20.7	9.4	8.5	2.1	2.2	0	0	0	0	0	3.4	0	0	5.8	14.8	0	0	0	0	0	0	0	0
	9	0	1.8	20	12.3	9.9	5.9	3.8	1.3	0.6	0	0	0	0	2.3	3	0	0	0	0	0	0	0	22.4	0	0	16.9
	10	0	2.9	28.6	14.4	9.6	6.2	0.4	4.4	1.1	0	0	0	3.3	0	5.2	0	0	0	9.5	0	14.5	0	0	0	0	0
	11	0	4.7	19.3	8.8	5.8	5.5	2.7	4.9	3.1	1.3	5.7	0	3.7	0	0	6.6	0	0	0	0	0	0	0	0	0	27.9
	12	0	4.3	26.8	11.7	6.7	7	3.1	1.2	1.8	2.6	6.3	0	0	0	17.2	11.3	0	0	0	0	0	0	0	0	0	0
PREVAILING DIRECTION BY HOUR                                                    																									
	Month	0	1	2	3	4	5	6	7	8	9	10	11	12	13	14	15	16	17	18	19	20	21	22	23
	ALL	-1	100	-1	-1	-1	360	360	20	180	180	180	180	180	180	360	10	20	20	30	360	-1	-1	40	-1
	1	-1	40	-1	-1	-1	350	200	20	30	360	20	180	30	180	180	180	20	20	-1	360	-1	-1	40	-1
	2	-1	40	-1	-1	-1	200	360	360	30	180	190	170	20	180	10	180	10	10	10	360	10	-1	80	-1
	3	-1	80	-1	-1	-1	20	360	350	60	180	10	10	10	20	360	40	10	30	30	350	350	-1	40	-1
	4	-1	60	-1	-1	40	360	10	40	180	50	30	60	10	50	60	50	10	40	20	360	-1	-1	30	-1
	5	-1	140	-1	-1	20	360	40	10	180	180	30	340	360	10	20	360	20	20	30	20	-1	-1	10	-1
	6	-1	100	-1	-1	360	20	20	210	40	10	20	30	180	10	360	40	360	40	180	180	-1	-1	110	-1
	7	-1	60	-1	-1	10	360	20	40	30	20	180	180	180	10	10	30	20	180	10	360	-1	-1	110	-1
	8	-1	150	-1	-1	210	360	20	360	60	20	30	60	190	20	30	10	30	40	360	10	-1	-1	140	-1
	9	-1	60	-1	-1	200	20	360	10	20	170	180	180	180	50	360	200	180	200	200	340	-1	-1	30	-1
	10	-1	160	-1	-1	360	210	20	10	20	180	170	180	180	190	180	180	200	180	330	320	-1	-1	10	-1
	11	-1	100	-1	-1	-1	140	10	10	30	180	20	180	160	180	180	30	30	200	20	40	10	-1	20	-1
	12	-1	100	-1	-1	-1	180	340	30	200	10	360	180	360	360	20	350	100	190	10	230	180	-1	140	-1
SPEED FOR PREVAILING DIRECTION BY HOUR                                          																									
	Month	0	1	2	3	4	5	6	7	8	9	10	11	12	13	14	15	16	17	18	19	20	21	22	23
	ALL	-1	2.8	-1	-1	-1	1.89	1.92	1.91	1.9	2.15	2.34	2.43	2.61	2.52	2.93	2.63	2.83	2.35	2.4	1.95	-1	-1	2.89	-1
	1	-1	3.29	-1	-1	-1	1.32	1.91	2.18	2.35	1.3	1.69	1.76	2.36	1.91	1.9	1.65	2.31	2.16	-1	1.83	-1	-1	3.7	-1
	2	-1	3.02	-1	-1	-1	1.97	1.47	1.64	2.17	1.82	2.48	2.18	2.26	1.67	2.19	2.42	2.14	1.9	2.35	1.48	1.55	-1	2.78	-1
	3	-1	2.52	-1	-1	-1	1.73	1.92	1.8	2.14	1.79	2.76	3.36	2.69	2.61	2.82	2.61	2.66	2.01	1.9	1.86	2.05	-1	2.76	-1
	4	-1	2.36	-1	-1	1.5	1.86	1.98	2.61	1.86	2.74	2.43	2.38	2.69	2.85	3.08	3.05	3.28	2.62	2.34	2.18	-1	-1	2.36	-1
	5	-1	2.68	-1	-1	1.7	1.9	2.16	1.96	2.28	2.87	2.69	2.88	3.43	3.16	3.53	3.71	3.29	2.79	2.73	2.29	-1	-1	3.04	-1
	6	-1	3.19	-1	-1	1.65	3.07	2.03	3.7	2.11	2.53	2.68	2.66	2.81	3.18	3.12	3.21	3.18	2.96	2.57	2.41	-1	-1	2.82	-1
	7	-1	2.38	-1	-1	1.5	1.73	1.7	1.78	2.17	1.96	2.3	2.65	2.74	2.52	2.6	2.62	2.55	2.94	1.92	1.98	-1	-1	3.02	-1
	8	-1	2.5	-1	-1	1.5	1.96	1.62	1.6	1.83	2.24	2.13	2.36	2.78	2.68	2.42	2.27	2.63	2.42	1.59	2.12	-1	-1	2.73	-1
	9	-1	2.25	-1	-1	3.3	1.7	2.26	3	2.17	1.85	2.29	2.49	2.4	2.23	2.93	3.23	2.72	2.31	2.79	1.79	-1	-1	2.9	-1
	10	-1	2.72	-1	-1	2	1.88	2.45	2.29	2.18	1.94	1.88	2.19	2.22	2.54	2.51	2.38	2.44	2.15	5.74	2.28	-1	-1	3.15	-1
	11	-1	2.8	-1	-1	-1	1.85	2.26	1.48	2.1	1.64	2.94	1.82	2.86	1.74	2.28	1.55	2.28	1.57	1.73	1.73	2.2	-1	3.19	-1
	12	-1	3.1	-1	-1	-1	1.87	1.62	1.78	2.07	1.66	1.21	2.29	1.9	1.7	2.12	2.55	2.19	2.1	1.7	1.6	1.12	-1	3.03	-1
