MCKINLEY PARK       AK - 702645                                                 														
 63 deg    44' N  148 deg    55' W - Elev  524m   LST=GMT+99 hours   *NT=-10    														
 12/75-04/76 03/79-03/79 11/95-10/96 04/98-09/02                                							Adjusted to Alaska Timezone (GMT-9)							
SPEED BY YEAR                                                                   														
	Year	ALL	JAN	FEB	MAR	APR	MAY	JUN	JUL	AUG	SEP	OCT	NOV	DEC
	ALL	2.17	2.24	2.03	2.39	2.67	2.59	2.16	1.95	1.89	2.09	2.2	1.77	1.74
	1975	0.95	-1	-1	-1	-1	-1	-1	-1	-1	-1	-1	-1	0.95
	1976	2.5	-1	-1	-1	2.5	-1	-1	-1	-1	-1	-1	-1	-1
	1979	0	-1	-1	0	-1	-1	-1	-1	-1	-1	-1	-1	-1
	1995	1.1	-1	-1	-1	-1	-1	-1	-1	-1	-1	-1	2.63	0.97
	1996	2.31	1.34	2.33	2.3	3.05	2.4	2.48	-1	-1	-1	0	-1	-1
	1998	2.15	-1	-1	-1	3.51	3.4	2.13	1.87	2.25	1.94	2.12	1.66	1.58
	1999	2.06	1.82	1.7	2.38	2.7	2.65	2.34	1.94	2.27	1.9	1.92	1.38	1.61
	2000	2.03	2.2	1.73	2.45	2.5	2.2	1.96	1.75	1.95	2	1.8	1.88	1.95
	2001	2.88	2.72	2.03	2.88	3	3.21	3.04	2.96	2.88	2.81	3.25	2.55	3.6
	2002	1.96	3.42	2.32	2	2.05	2.32	1.84	1.83	1.42	0.85	-1	-1	-1
POWER BY YEAR                                                                   														
	Year	ALL	JAN	FEB	MAR	APR	MAY	JUN	JUL	AUG	SEP	OCT	NOV	DEC
	ALL	23	30	24	31	34	30	19	15	15	19	24	16	22
	1975	16	-1	-1	-1	-1	-1	-1	-1	-1	-1	-1	-1	16
	1976	9	-1	-1	-1	9	-1	-1	-1	-1	-1	-1	-1	-1
	1979	0	-1	-1	0	-1	-1	-1	-1	-1	-1	-1	-1	-1
	1995	9	-1	-1	-1	-1	-1	-1	-1	-1	-1	-1	47	5
	1996	29	20	35	29	43	23	23	-1	-1	-1	0	-1	-1
	1998	23	-1	-1	-1	41	58	18	13	21	20	21	15	18
	1999	24	27	20	31	32	32	21	16	20	17	22	14	30
	2000	21	30	18	27	28	21	15	15	20	18	18	16	18
	2001	32	32	22	48	42	35	26	24	21	21	37	19	56
	2002	18	46	24	21	25	25	16	13	9	2	-1	-1	-1
NUMBER OF SPEED OBSERVATIONS BY YEAR                                            														
	Year	ALL	JAN	FEB	MAR	APR	MAY	JUN	JUL	AUG	SEP	OCT	NOV	DEC
	ALL	44293	3274	3207	3418	3527	5548	5216	4784	4744	2553	2617	2314	3091
	1975	44	0	0	0	0	0	0	0	0	0	0	0	44
	1976	1	0	0	0	1	0	0	0	0	0	0	0	0
	1979	1	0	0	1	0	0	0	0	0	0	0	0	0
	1995	714	0	0	0	0	0	0	0	0	0	0	53	661
	1996	4271	721	694	706	701	738	710	0	0	0	1	0	0
	1998	5547	0	0	0	52	716	682	739	691	688	732	615	632
	1999	8348	607	536	712	679	792	730	762	754	674	655	717	730
	2000	8397	731	680	708	706	725	662	727	667	720	714	643	714
	2001	6233	733	681	612	703	583	473	443	447	447	515	286	310
	2002	10737	482	616	679	685	1994	1959	2113	2185	24	0	0	0
NUMBER OF SPEED OBSERVATIONS BY HOUR                                            														
	Hour	ALL	JAN	FEB	MAR	APR	MAY	JUN	JUL	AUG	SEP	OCT	NOV	DEC
	0	1798	121	111	123	152	232	241	222	220	109	84	82	101
	1	1976	154	150	167	154	240	216	201	186	113	129	119	147
	2	1713	136	129	147	142	206	185	173	176	84	114	91	130
	3	1767	115	116	112	145	245	235	217	217	104	85	69	107
	4	1930	155	155	163	161	213	206	191	190	106	123	121	146
	5	1670	129	128	131	137	218	194	159	171	79	106	90	128
	6	1749	112	115	115	143	242	225	212	210	108	86	78	103
	7	1916	155	146	155	165	222	209	183	195	101	128	114	143
	8	1681	131	131	135	137	209	189	180	154	81	111	93	130
	9	1787	120	116	117	151	248	226	225	220	110	87	64	103
	10	1987	155	147	169	153	228	218	200	202	117	128	114	156
	11	1788	137	133	141	144	223	207	198	176	96	113	93	127
	12	1848	116	124	119	138	256	246	217	234	119	84	83	112
	13	2026	162	155	168	159	232	221	207	199	126	132	120	145
	14	1799	140	139	146	139	216	201	191	182	95	114	99	137
	15	1861	120	117	122	141	261	239	227	231	118	94	82	109
	16	2032	158	153	167	152	232	228	205	208	122	136	119	152
	17	1802	135	137	147	141	218	209	179	186	100	115	98	137
	18	1852	112	116	124	139	253	246	226	228	120	96	80	112
	19	2035	166	153	168	157	242	226	197	202	127	130	121	146
	20	1719	136	138	143	135	208	190	175	170	87	109	93	135
	21	1829	116	113	126	146	255	246	226	221	119	81	77	103
	22	1973	160	152	165	154	228	213	193	193	118	128	120	149
	23	1755	133	133	148	142	221	200	180	173	94	104	94	133

SPEED BY HOUR                                                                   														
	Hour	ALL	JAN	FEB	MAR	APR	MAY	JUN	JUL	AUG	SEP	OCT	NOV	DEC
	0	1.58	2.37	1.86	1.86	1.86	1.68	1.43	1.1	1.22	1.31	1.6	1.67	1.82
	1	1.6	2.1	1.86	1.75	1.89	1.57	1.4	1.1	1.35	1.32	1.83	1.64	1.63
	2	1.53	2.19	1.75	1.68	1.69	1.46	1.17	1.01	1.21	1.46	1.77	1.71	1.67
	3	1.39	2.36	1.81	1.51	1.4	1.38	1.15	0.89	1.01	1.35	1.73	1.7	1.59
	4	1.39	2.06	1.8	1.4	1.55	1.35	0.98	0.66	0.95	1.46	1.76	1.48	1.76
	5	1.42	2.18	1.77	1.34	1.56	1.31	0.94	0.94	0.97	1.37	1.68	1.61	2
	6	1.34	2.45	1.72	1.48	1.41	1.39	1	0.73	0.96	1.15	1.59	1.59	1.97
	7	1.52	2.09	1.72	1.37	1.63	1.86	1.3	0.84	1.09	1.39	1.87	1.48	1.81
	8	1.7	2.41	1.7	1.31	1.89	2.36	1.61	1.17	1.2	1.36	1.86	1.45	1.78
	9	2.04	2.4	1.83	1.61	2.15	2.95	2.33	1.92	1.61	1.43	1.63	1.66	1.78
	10	2.28	2	1.68	1.87	2.8	3.53	2.71	2.65	1.95	2.13	1.76	1.56	1.67
	11	2.56	2.25	1.74	2.43	3.26	3.5	3.01	2.91	2.1	2.72	1.99	1.64	1.88
	12	2.99	2.4	2.16	3.18	3.98	3.78	3.13	3.22	2.83	3.03	2.78	1.98	1.69
	13	3.04	2.29	2.32	3.86	4.17	3.95	3.22	3.29	2.89	3.34	2.78	1.92	1.52
	14	3.16	2.38	2.66	4.13	4.38	3.71	3.39	3.36	2.95	3.32	3.24	2.09	1.61
	15	3.23	2.29	2.68	4.07	4.17	4	3.22	3.03	3.38	3.18	3.43	2	1.85
	16	3.13	2.33	2.83	4.13	4.28	3.78	3.38	3.03	3	3.13	3.17	2.02	1.84
	17	2.99	2.29	2.44	3.71	4.12	3.55	3.27	2.88	2.91	3.04	3.15	2.11	1.75
	18	2.78	2.32	2.26	3.13	3.79	3.45	2.94	2.76	2.58	2.46	2.54	2.09	1.73
	19	2.43	2.14	2.19	2.95	3.13	2.96	2.67	2.36	2.25	2.08	2.29	1.77	1.74
	20	2.18	2.16	1.96	2.27	2.75	2.39	2.41	2.03	2.02	2.06	2.25	1.97	1.71
	21	1.88	2.26	2.17	2.03	2.27	1.95	1.78	1.62	1.58	1.78	2.1	1.77	1.76
	22	1.78	2.12	1.91	1.95	2.2	2.09	1.44	1.47	1.35	1.71	1.93	1.76	1.53
	23	1.71	2.08	1.82	1.92	2.13	1.87	1.44	1.15	1.36	1.72	1.76	1.84	1.7

POWER BY HOUR                                                                   														
	Hour	ALL	JAN	FEB	MAR	APR	MAY	JUN	JUL	AUG	SEP	OCT	NOV	DEC
	0	12	32	21	18	14	12	6	3	6	10	12	12	25
	1	13	26	20	17	18	11	6	3	9	8	15	14	22
	2	13	30	17	16	14	11	6	4	5	10	12	16	24
	3	11	32	18	16	9	10	4	3	5	9	14	17	18
	4	13	29	24	14	13	11	4	3	6	11	15	11	20
	5	13	32	19	12	11	11	6	4	5	11	14	11	29
	6	13	37	20	14	12	13	7	4	7	8	18	14	25
	7	15	28	19	12	16	20	11	4	9	14	19	10	24
	8	18	34	21	12	22	30	14	7	8	14	24	10	16
	9	24	35	21	19	25	55	22	14	15	12	16	15	21
	10	27	28	19	21	42	61	29	22	17	21	19	13	19
	11	30	39	23	29	49	43	30	27	21	29	24	14	23
	12	37	32	28	49	62	52	33	30	29	33	37	22	24
	13	39	36	34	62	69	55	31	33	28	36	38	21	18
	14	41	29	37	72	75	47	35	35	28	37	49	23	19																									
	15	40	28	32	67	65	54	34	30	35	33	47	19	22																									
	16	39	34	38	72	67	46	37	27	28	30	42	19	24																									
	17	35	30	31	55	63	42	35	23	25	29	40	21	24																									
	18	28	27	24	42	49	38	26	22	19	19	26	20	24																									
	19	23	25	24	37	38	29	22	17	15	13	19	15	21																									
	20	20	25	20	23	30	22	19	12	13	13	20	21	20																									
	21	15	25	22	19	20	16	11	8	9	10	15	17	23																									
	22	15	25	22	16	20	15	6	9	8	13	16	16	22																									
	23	14	26	17	19	22	14	6	3	5	16	14	18	23																									

SPEED BY DIRECTION                                                              																																							
	Month	calm	0	10	20	30	40	50	60	70	80	90	100	110	120	130	140	150	160	170	180	190	200	210	220	230	240	250	260	270	280	290	300	310	320	330	340	350	360
	ALL	0	3.45	4.04	4.17	3.63	2.82	2.59	2.33	2.3	2.22	2.27	2.28	2.5	2.66	2.91	3.11	3.36	3.64	3.61	3.4	3.11	3.34	2.83	2.33	2.06	2.01	1.98	2.04	2.11	2.12	1.97	2.04	2.07	2.05	2.13	2.23	2.73	3.45
	1	0	3.8	4.3	4.4	3.7	2.5	-1	1.5	1.8	2.1	-1	1.5	1.5	3.3	2.4	3.6	3.7	4.3	4.1	3.9	3.3	3.4	2.7	2.3	2.1	2.1	2.1	1.8	1.9	1.9	1.8	1.8	2.1	2.3	2.3	2.6	2.7	3.8
	2	0	3.9	4.3	4.1	3.2	2.5	1.5	4.6	1.7	-1	2	2	1.8	2.7	2.8	2.9	3.4	3.8	3.9	3.3	2.9	3.3	2.8	2.4	2.2	2.1	2	2	2.3	2.2	1.8	2.5	2.2	2.4	1.5	2	2.7	3.9
	3	0	3.9	4.9	4.6	3.8	2.6	3.1	2.1	-1	-1	1.8	2.7	2.1	2.6	2.9	3	3.2	3.5	3.4	3.1	3	3	2.7	2.4	2	2	1.8	1.9	1.9	2	1.9	2	1.7	1.8	2.1	2.5	3	3.9
	4	0	3.7	4.4	4.7	4	2.9	2.4	2.3	1.8	1.7	2.1	2.6	2.6	3.2	3.2	3.4	3.6	4.1	4	3.9	3.5	3.4	2.9	2.2	1.9	1.9	2	2.1	2.7	2.3	1.9	2	2.5	2.3	2	2.2	2.8	3.7
	5	0	3.5	4	4.3	4.1	3.3	2.9	2.6	2.6	2.5	2.6	2.3	2.8	2.7	3.2	3.3	3.7	4	3.8	3.9	3.8	3.9	3.4	2.7	2.2	2	2.1	2.3	2.2	2.2	1.9	2	2.2	2.2	2.3	2.3	2.8	3.5
	6	0	3.2	3.7	3.9	3.7	2.8	2.5	2.4	2.4	2.2	2.1	2.3	2.6	2.5	2.8	3.2	3.3	3.7	3.6	3.2	3.1	3.3	3	2.3	2	1.9	1.9	1.9	2.1	2.2	2.1	2.2	2.3	2.1	2.1	2.2	2.7	3.2
	7	0	2.9	3.5	3.9	3.3	2.5	2.2	1.9	2.5	2.3	2.1	2.3	2.3	2.6	3	3.1	3.2	3.3	3.1	3.3	2.9	3	2.9	2.3	1.9	1.9	1.7	1.8	1.8	1.9	1.8	1.8	1.7	1.7	1.9	2.2	2.6	2.9
	8	0	3	3.4	3.5	3	2.5	2.8	2.9	2	1.7	1.9	2.1	2.5	2.6	2.5	2.8	3.1	3.2	3.5	3.1	2.8	3.3	2.7	2	2.1	2	2.1	2.4	2.5	2.4	2.3	2.2	2	1.9	2.3	2.2	2.8	3
	9	0	3	3.6	3.9	3.1	2.4	2.4	2	-1	-1	1.5	1.8	2.4	2.7	2.9	3.1	3.3	3.5	3.7	3.3	3.3	3.4	3.1	2.3	2	1.9	2	1.9	1.9	2.1	2	1.9	1.7	2.2	2.1	2.1	2.6	3
	10	0	3.7	4.2	4	3.2	2.8	2.1	1.8	1.5	1.5	2.6	-1	1.5	2.3	2.1	2.3	3.1	3.3	3.2	3.2	2.8	3.1	2.6	2.4	2.1	2	2	1.9	1.9	1.8	1.9	2	1.7	2.1	2.2	2.1	2.8	3.7
	11	0	3.1	3.6	4	3.5	3	-1	1.5	-1	-1	2	-1	2.1	1.5	2.1	2.5	2.7	3.1	3	2.8	2.4	2.9	2.6	2.3	2	2.1	2	2	1.9	1.9	1.7	1.7	2	2.6	2	2.2	2.4	3.1
	12	0	3.4	4.1	4.6	3.9	3.2	-1	1.5	2	1.5	3.1	1.5	3.1	2.1	2.5	2.6	2.9	3.6	3.7	3.1	3	3.7	2.7	2.4	2.2	2.1	2.2	2.1	1.8	2.1	2.8	2	1.9	1.8	2.5	2.2	2.6	3.4
FREQUENCY BY DIRECTION                                                          																																							
	Month	calm	0	10	20	30	40	50	60	70	80	90	100	110	120	130	140	150	160	170	180	190	200	210	220	230	240	250	260	270	280	290	300	310	320	330	340	350	360
	ALL	31.85	6.49	13.15	8.98	2.63	0.68	0.31	0.2	0.19	0.18	0.24	0.25	0.6	0.95	1.65	2.55	4.09	6.02	6.32	5.52	4.85	4.49	3.72	3.46	3.68	3.81	3.36	2.12	1.85	1.4	0.93	0.69	0.48	0.41	0.61	0.92	2.21	6.49
	1	35.4	7.8	17.3	7.5	1.4	0.4	0	0	0.1	0	0	0.1	0	0.1	0.4	1.1	2.3	5	6.9	6.9	7.4	6.4	5.4	4.2	4.8	4.2	3	1.6	1	0.9	0.6	0.3	0.2	0.1	0.2	0.3	2	7.8
	2	36.1	5.3	10.8	7	1.3	0.3	0.1	0	0.1	0	0	0.1	0.3	0.1	0.7	1.3	4.2	6.4	7.5	7.8	6.6	6.2	5.6	4.1	4.9	5.3	4.7	2.6	2.1	1.1	0.7	0.4	0.2	0.1	0.2	0.5	1.3	5.3
	3	30.1	6.7	18.6	10.3	2.1	0.4	0.1	0	0	0	0.1	0.1	0.3	0.3	1.5	2.6	4.2	5.2	5.2	5	5.3	5.4	3.1	3.1	3.6	4.1	3	1.6	1.6	1.1	0.9	0.7	0.4	0.3	0.4	0.7	2	6.7
	4	25	7.1	14.4	11.7	3.1	1	0.2	0.3	0.1	0.1	0.2	0.3	0.3	1.1	2	2.5	4.3	6.4	7	5.9	4.7	3.7	2.7	2.8	2.4	3.2	2.8	1.6	1.2	1.1	0.7	0.6	0.5	0.2	0.7	1	1.9	7.1
	5	23.9	6.1	10.9	11	4.2	1.1	0.7	0.4	0.4	0.5	0.6	0.5	0.9	1.1	1.9	2.7	5	6.3	6	5	3.8	3.6	2.4	2.3	2.6	2.6	2.9	2.3	1.8	1.8	1.2	1	0.8	0.7	1.1	1.4	2.6	6.1
	6	29	6	10	7.6	3.5	0.9	0.5	0.3	0.4	0.2	0.6	0.6	1.3	2	2.7	3.6	5.7	6.7	6.6	4.7	3.5	3.9	2.9	3.2	3.5	3.2	2.4	2.1	2.5	1.5	1.1	0.6	0.6	0.4	0.9	1	3	6
	7	33.3	5.2	10.5	7.8	2.6	1.1	0.4	0.4	0.3	0.3	0.2	0.3	0.9	2.3	3.2	5.4	6.5	9.1	7.9	5	2.9	2.4	2.6	1.4	3.1	3	3.3	1.9	2.1	1.6	1.2	0.6	0.5	0.4	0.7	0.7	2.1	5.2
	8	34.7	6.3	11.8	10.5	3.4	0.5	0.5	0.1	0.3	0.2	0.1	0.3	1	1	2.2	3	4.3	6.9	6.6	4.5	3.5	2.8	2.6	3.2	2.8	3.3	3.9	2.3	2.6	1.9	0.8	1	0.9	0.6	0.5	1.3	2.1	6.3
	9	30.7	5.1	9.8	6.7	2.1	0.3	0.2	0.1	0	0	0.2	0.1	0.3	0.8	1.3	2.5	3.8	7.2	7.3	7.5	6	5.8	4	4.5	3.7	4.1	4.1	1.9	2.7	1.9	1.3	1.1	0.3	0.3	0.5	0.6	1.8	5.1
	10	29	9.6	19.7	7.8	1.5	0.4	0.2	0.1	0.1	0.1	0.1	0	0.1	0.2	0.3	1.1	1.3	3.1	4.4	4.8	4.8	4.8	4.8	4.5	5.6	4.9	3.2	2.6	1.1	1.4	1.1	0.6	0.3	0.7	0.7	1.1	3.1	9.6
	11	37	6.8	15.5	8.4	1.4	0.3	0	0.1	0	0	0.1	0	0.1	0.1	0.1	0.5	1.1	2.5	4.1	5.7	7.5	6.9	6.6	7.3	4.9	5.7	5.1	2.3	1.1	0.7	0.8	0.5	0.1	0.3	0.3	1.2	1.9	6.8
	12	45.4	7.6	15.5	8.8	1.6	0.2	0	0.1	0.1	0.1	0.1	0.1	0.2	0.1	0.4	0.5	1.1	2.9	4.6	5.9	7.3	6.6	6.8	5.3	5.6	5.7	3.8	2.9	1.5	1.1	0.2	0.4	0.2	0.3	0.2	0.7	1.7	7.6
FREQUENCY OF SPEED                                                              																																							
	Month	0	1	2	3	4	5	6	7	8	9	10	11	12	13	14	15	16	17	18	19	20	21	22	23	24	25												
	ALL	31.9	14.7	18.6	14.2	11	5.9	2.5	0.8	0.2	0.1	0	0	0	0	0	0	0	0	0	0	0	0	0	0	0	0												
	1	35.4	12	15.6	13	11.2	7.1	3.4	1.3	0.7	0.1	0.1	0	0	0	0	0	0	0	0	0	0	0	0	0	0	0												
	2	36.1	15	18.4	10.9	9.1	6.4	2.5	1	0.5	0.1	0	0	0	0	0	0	0	0	0	0	0	0	0	0	0	0												
	3	30.1	13.9	17.3	12.3	12.3	7.8	4.3	1.6	0.3	0.1	0	0	0	0	0	0	0	0	0	0	0	0	0	0	0	0												
	4	25	12.2	17	14.8	14.9	9.4	4.6	1.7	0.3	0	0	0	0	0	0	0	0	0	0	0	0	0	0	0	0	0												
	5	23.9	12.7	19	16.2	15.1	8	3.9	0.7	0.2	0.1	0	0	0	0	0	0	0	0	0	0	0	0	0	0	0	0
	6	29	15.3	20.5	16.3	12	5	1.6	0.3	0	0	0	0	0	0	0	0	0	0	0	0	0	0	0	0	0	0
	7	33.3	15.1	19.7	17.5	9.6	3.8	0.8	0.2	0	0	0	0	0	0	0	0	0	0	0	0	0	0	0	0	0	0
	8	34.7	16.4	20	14.3	9	4.3	1.1	0.2	0	0	0	0	0	0	0	0	0	0	0	0	0	0	0	0	0	0
	9	30.7	15.8	20.3	15.5	10.3	5.2	1.8	0.3	0.1	0	0	0	0	0	0	0	0	0	0	0	0	0	0	0	0	0
	10	29	17.4	20.6	12.7	10.6	5.8	2.5	0.9	0.4	0.1	0	0	0	0	0	0	0	0	0	0	0	0	0	0	0	0
	11	37	19	19.4	11.9	6.6	3.6	1.5	0.9	0	0	0	0	0	0	0	0	0	0	0	0	0	0	0	0	0	0
	12	45.4	14	14.1	10.3	8	4.1	2.3	1	0.5	0.3	0.1	0	0	0	0	0	0	0	0	0	0	0	0	0	0	0
PERCENT OF POWER BY SPEED                                                       																											
	Month	0	1	2	3	4	5	6	7	8	9	10	11	12	13	14	15	16	17	18	19	20	21	22	23	24	25
	ALL	0	1.3	6.1	14	23.2	23.7	17.1	8.2	3.5	1.4	0.5	0	0.1	0	0	0	0	0	0.3	0	0.5	0	0	0	0	0
	1	0	0.9	4.1	10.1	19.2	23.2	18.6	10.5	8.3	2.1	2.9	0	0	0	0	0	0	0	0	0	0	0	0	0	0	0
	2	0	1.3	5.9	10.7	19.4	26	16.8	10.4	7.4	1.3	0.8	0	0	0	0	0	0	0	0	0	0	0	0	0	0	0
	3	0	1	4.4	9.5	19.9	24.2	22.4	13.1	3.1	2.4	0	0	0	0	0	0	0	0	0	0	0	0	0	0	0	0
	4	0	0.7	3.9	9.9	21.5	26.2	21.7	12.2	3.4	0.4	0	0	0	0	0	0	0	0	0	0	0	0	0	0	0	0
	5	0	0.8	4.7	12.3	24	24.1	20.1	5.6	2.3	1.2	0	0	0	0	0	0	0	0	2	0	2.8	0	0	0	0	0
	6	0	1.6	8.1	19.3	29.6	23.8	13	3.4	0.7	0.6	0	0	0	0	0	0	0	0	0	0	0	0	0	0	0	0
	7	0	2	9.9	25.9	29.9	21.5	8.2	2.5	0	0	0	0	0	0	0	0	0	0	0	0	0	0	0	0	0	0
	8	0	2.1	9.9	21.2	27.6	24.4	11.2	3.6	0	0	0	0	0	0	0	0	0	0	0	0	0	0	0	0	0	0
	9	0	1.7	8	18.5	26	24.4	14.3	3.8	2.3	1	0	0	0	0	0	0	0	0	0	0	0	0	0	0	0	0
	10	0	1.5	6.8	12.1	22.1	23	16.5	9.2	6.2	2.6	0	0	0	0	0	0	0	0	0	0	0	0	0	0	0	0
	11	0	2.5	9.1	16.8	21.2	21.5	14.8	13.1	1.1	0	0	0	0	0	0	0	0	0	0	0	0	0	0	0	0	0
	12	0	1.4	4.8	10.9	18.7	18.5	16.8	10.7	7.6	6	3.1	0	1.6	0	0	0	0	0	0	0	0	0	0	0	0	0
PREVAILING DIRECTION BY HOUR                                                    																											
	Month	0	1	2	3	4	5	6	7	8	9	10	11	12	13	14	15	16	17	18	19	20	21	22	23		
	ALL	240	240	10	10	10	10	10	10	10	20	10	20	20	20	10	20	10	10	10	10	10	10	10	10		
	1	10	10	10	10	10	10	10	10	10	10	10	10	10	10	10	10	10	10	360	10	10	10	10	10		
	2	180	20	190	240	10	240	10	190	170	170	10	200	160	10	10	10	10	10	10	10	180	10	10	230		
	3	10	10	10	10	10	10	10	10	360	10	20	10	20	10	20	10	10	10	10	10	10	10	10	10		
	4	240	10	10	10	10	10	10	20	10	20	20	20	20	20	20	20	10	10	10	10	10	10	360	360		
	5	250	240	220	10	180	190	10	10	20	20	20	20	20	20	20	20	10	10	10	10	10	10	270	250		
	6	240	240	240	230	230	220	10	160	10	150	160	20	10	10	20	20	10	10	10	10	360	10	360	270		
	7	250	240	250	240	230	240	210	150	160	10	160	20	10	10	10	10	10	10	10	10	160	170	10	250
	8	250	230	240	230	220	10	200	170	160	10	170	20	20	20	20	20	10	10	10	10	10	360	10	250
	9	250	220	170	180	170	10	10	10	360	10	180	10	20	20	170	160	160	10	10	10	230	240	180	190
	10	10	10	10	10	10	360	10	360	10	10	10	10	10	10	10	10	10	10	10	360	10	10	10	230
	11	10	10	10	10	10	10	10	10	10	10	10	10	20	10	10	10	10	220	10	10	220	10	10	20
	12	190	10	10	10	10	10	10	10	10	360	10	10	10	10	10	10	10	10	10	10	20	20	20	10
SPEED FOR PREVAILING DIRECTION BY HOUR                                          																									
	Month	0	1	2	3	4	5	6	7	8	9	10	11	12	13	14	15	16	17	18	19	20	21	22	23
	ALL	1.94	1.98	3.72	3.99	3.9	3.72	3.76	3.86	3.8	3.84	3.73	4.18	4.38	4.45	4.41	4.5	4.52	4.26	3.95	3.81	3.97	3.49	3.75	3.83
	1	4.43	4.35	3.8	4.38	4.77	4.54	5.14	4.89	4.05	4.35	3.9	4.36	4.27	4.47	4.53	4.18	4.65	5.12	3.99	3.75	4.43	3.52	4.03	4.06
	2	3.41	4.24	2.11	2.29	4.39	1.97	4.38	3.04	3.6	3.92	4.5	3.69	3.51	4.32	4.65	4.58	4.33	3.52	4.1	4.42	3.09	4.02	3.85	2.32
	3	5.27	4.56	4.25	5.18	4.51	4.11	3.9	3.93	3.74	4.84	4.21	4.36	4.52	5.36	5.22	5.53	5.6	5.26	4.68	4.88	4.76	4.15	4.1	4.95
	4	1.75	3.44	3.55	3.39	3.41	3.06	4.06	4.11	3.88	4.13	4.16	4.97	5.15	5.2	5.19	5.06	5.11	4.94	4.25	4.86	4.45	3.93	3.29	3.52
	5	2.06	1.98	2.05	3.59	3.19	2.94	3.76	3.76	4.16	4.06	4.78	4.51	4.61	4.78	4.51	4.54	4.29	3.83	4.02	3.84	3.43	3.4	2.05	2.14
	6	1.62	2.07	1.66	1.64	1.91	1.78	2.75	2.7	4.17	3.28	4.03	3.9	4.26	3.87	3.98	4.61	4.44	4.11	3.9	3.83	2.77	2.92	2.85	1.76
	7	1.67	1.69	1.85	1.89	1.68	1.81	2.19	2.06	3.45	2.93	3.45	4.23	3.35	4.01	3.57	4.32	4.19	3.69	4.02	3.22	2.96	2.63	3.19	1.67
	8	2.2	1.74	1.63	1.62	1.95	2.5	3.92	3	3.3	2.9	3.84	2.96	4.01	3.64	3.78	4.39	3.83	3.63	3.04	2.91	3.53	2.44	3.6	1.89
	9	1.59	1.81	3	3.36	3.35	2.17	3.4	3.6	2.58	3.47	3.01	4.06	4.26	4.39	4.4	3.66	3.78	3.91	3.56	2.74	2	1.91	3.91	2.94
	10	3.66	3.64	3.53	3.68	3.82	3.69	4.29	3.68	3.98	3.96	3.21	4.62	4.81	4.45	4.47	4.73	4.57	4.74	4.22	3.83	3.88	3.43	3.98	2.11
	11	2.8	3.56	3.87	3.74	3.88	3.46	3.26	3.38	3.29	3.26	3.47	3.23	3.59	4.08	4.41	2.93	3.61	2.44	3.88	3.13	2.62	4.12	3.45	4.44
	12	3.37	3.8	3.65	4.33	4.33	4.36	2.97	3.84	3.64	3.23	4.09	4.44	4.61	4.52	4.91	4.85	3.99	4.21	4.05	3.48	5.01	4.51	5.05	3.47
