MEKORYUK            AK - 702185                                                 														
 60 deg    22' N  166 deg    16' W - Elev   15m   LST=GMT+99 hours   *NT=-11    														
 11/83-09/02                                                                    						Adjusted to Alaska Timezone (GMT-9)								
SPEED BY YEAR                                                                   														
	Year	ALL	JAN	FEB	MAR	APR	MAY	JUN	JUL	AUG	SEP	OCT	NOV	DEC
	ALL	6.39	7.36	7.7	6.6	6.51	5.75	5	4.68	5.98	6.37	6.86	7.67	7.1
	1983	5.78	-1	-1	-1	-1	-1	-1	-1	-1	-1	-1	5.6	5.91
	1984	5.32	7.04	6.08	5.49	5.43	3.39	3.33	4.49	5.76	4.01	6.21	4.81	7.2
	1985	8.64	6.36	6.7	6.94	8.25	9.15	7.07	7.13	7.81	9.85	12.33	11.49	8.71
	1986	8.25	9.58	8.99	8.71	7.47	7.43	8.56	6.3	7.17	6.38	7.55	9.84	9.81
	1987	8.85	9.82	9.64	7.5	8.91	7.6	7.42	7.33	7.26	9.88	9.54	9.84	9.4
	1988	5.52	8.55	7.54	6.13	6.53	4.8	3.97	3.1	3.49	4.3	4.41	5.31	5.67
	1989	6.03	5.68	7	5.96	6.77	6.43	4.68	3.83	4.2	6.12	6.87	7.18	6.18
	1990	5.86	6.26	5.87	5.26	5.65	6.29	5.01	4.29	6.13	6.59	5.6	6.3	7.41
	1991	5.26	6.38	5.98	6.34	3.45	4.18	5.61	5.36	3.93	5.36	7.42	5.27	6.4
	1992	5.81	4.05	5.12	3.53	5.24	5.74	4.68	3.89	6.06	6.65	7.42	6.55	6.6
	1993	6.33	9.22	7.78	5.87	5.27	5.89	5.26	4.62	5.02	7.11	6.43	7.32	6.68
	1994	6.65	6.29	6.96	7.34	5.64	4.25	5.13	5.14	7.41	6.19	6.79	9.12	8.34
	1995	5.84	6.65	6.98	5.42	6.44	4.58	5.32	4.34	5.27	6.03	7.21	5.48	6.77
	1996	6.81	7.24	9.17	6.44	6.76	5.61	6.24	4.99	6.66	7.18	6.71	8.32	6.24
	1997	6.05	6.84	7.79	5.55	4.31	6.33	4.25	4.51	5.94	5.91	6.54	7.68	6.54
	1998	6.47	6.85	5.23	7.4	8.25	6.71	4.95	3.74	6.77	6.3	6.54	7.33	7.41
	1999	6.23	7.12	7.84	6.12	7.74	4.65	4.71	3.78	5.59	5.96	6.46	8.22	6.57
	2000	6.59	7.61	8.82	6.87	5.54	4.46	4.29	4.47	6.69	6.19	5.85	8.41	8.69
	2001	6.67	7.58	9.43	7.51	6.88	5.52	5.1	5.47	6.01	5.88	7.06	7.7	6.66
	2002	5.91	8.08	6.97	7.46	7.16	6.59	4.68	5.03	5.57	4.11	-1	-1	-1
POWER BY YEAR                                                                   														
	Year	ALL	JAN	FEB	MAR	APR	MAY	JUN	JUL	AUG	SEP	OCT	NOV	DEC
	ALL	346	517	559	394	374	250	138	123	248	301	387	557	456
	1983	301	-1	-1	-1	-1	-1	-1	-1	-1	-1	-1	290	309
	1984	206	409	248	185	197	65	35	109	252	69	321	162	397
	1985	766	274	355	369	529	869	314	380	506	915	1876	1593	678
	1986	652	943	897	922	462	400	531	253	363	298	427	1003	1006
	1987	859	1245	1077	641	816	416	542	397	404	1092	870	1084	1034
	1988	253	705	469	306	270	137	63	27	53	116	128	207	294
	1989	258	232	336	252	283	254	94	59	80	247	337	502	259
	1990	225	293	273	190	173	249	101	69	198	256	174	290	431
	1991	165	274	183	297	60	88	138	144	68	171	426	125	265
	1992	250	64	107	50	146	249	128	86	227	301	409	373	389
	1993	322	831	503	268	227	208	140	112	180	413	295	451	332
	1994	384	326	470	578	217	81	131	149	453	277	330	829	673
	1995	254	374	386	243	382	122	132	90	161	208	478	172	345
	1996	384	488	801	354	348	186	259	163	285	403	320	600	366
	1997	298	386	527	258	202	409	73	98	210	258	300	578	316
	1998	370	441	195	447	697	401	139	74	343	239	320	482	650
	1999	327	503	501	334	523	143	135	89	259	211	266	612	356
	2000	375	474	766	406	228	109	100	96	318	244	332	615	672
	2001	391	651	969	521	438	162	132	207	230	254	398	528	348
	2002	260	574	429	505	506	351	103	122	184	58	-1	-1	-1
NUMBER OF SPEED OBSERVATIONS BY YEAR                                            														
	Year	ALL	JAN	FEB	MAR	APR	MAY	JUN	JUL	AUG	SEP	OCT	NOV	DEC
	ALL	100581	7686	6574	8165	7820	9529	9194	9168	10531	7871	7961	8191	7891
	1983	337	0	0	0	0	0	0	0	0	0	0	140	197
	1984	1852	136	152	206	207	172	80	107	202	185	135	127	143
	1985	1931	178	147	206	189	124	87	107	167	160	182	216	168
	1986	1991	183	147	212	217	162	82	126	180	79	235	199	169
	1987	2125	233	209	231	206	182	156	43	114	175	166	209	201
	1988	2154	233	220	181	226	182	176	113	176	191	190	147	119
	1989	2150	146	116	153	158	168	158	53	239	234	266	217	242
	1990	1731	250	227	226	223	174	150	51	135	85	74	68	68
	1991	567	43	31	30	46	61	85	49	82	33	33	35	39
	1992	5563	33	16	36	420	643	603	742	742	587	640	627	474
	1993	7628	511	563	733	691	678	589	613	604	674	552	698	722
	1994	6928	714	334	522	310	286	662	731	739	706	728	681	515
	1995	8305	655	501	733	704	735	685	722	716	703	727	708	716
	1996	8139	718	686	724	704	730	612	526	732	697	666	615	729
	1997	6939	541	271	428	331	659	675	510	691	696	731	700	706
	1998	7604	478	540	710	671	509	708	659	735	575	663	723	633
	1999	7742	672	588	705	483	775	650	476	676	671	657	713	676
	2000	7948	725	681	732	710	587	379	722	709	716	630	689	668
	2001	8217	727	521	704	683	709	696	708	718	680	686	679	706
	2002	10730	510	624	693	641	1993	1961	2110	2174	24	0	0	0
NUMBER OF SPEED OBSERVATIONS BY HOUR                                            														
	Hour	ALL	JAN	FEB	MAR	APR	MAY	JUN	JUL	AUG	SEP	OCT	NOV	DEC
	0	3600	264	204	255	263	368	357	368	396	300	267	286	272
	1	3640	263	242	307	275	350	348	353	387	277	282	281	275
	2	3517	257	219	287	267	331	324	356	363	267	281	298	267
	3	3604	250	198	249	258	360	367	373	406	294	287	286	276
	4	3589	262	240	293	270	345	340	358	382	276	271	285	267
	5	3520	266	220	279	272	335	337	336	380	250	283	282	280
	6	3765	249	194	259	276	396	371	377	437	334	329	278	265
	7	4565	329	288	352	393	467	414	378	475	402	400	331	336
	8	5286	415	348	441	438	519	461	425	535	434	445	421	404
	9	5550	434	373	460	431	532	485	473	556	454	448	461	443
	10	5435	424	385	484	461	484	467	447	549	418	418	451	447
	11	5291	434	374	461	430	459	456	440	530	404	427	450	426
	12	5078	409	350	409	406	482	459	420	518	384	383	439	419
	13	5025	414	343	431	419	464	413	428	525	393	409	393	393
	14	4916	394	342	426	403	421	421	406	498	375	400	421	409
	15	4916	379	322	395	385	462	454	420	514	391	397	412	385
	16	4319	402	344	434	332	344	348	349	382	277	291	419	397
	17	3549	254	242	270	265	334	325	350	381	271	292	292	273
	18	3570	250	206	262	255	361	357	353	402	298	271	275	280
	19	3653	272	241	300	268	353	348	358	396	275	281	283	278
	20	3470	270	232	271	257	322	312	337	362	262	281	288	276
	21	3588	260	198	259	260	360	362	373	405	294	267	282	268
	22	3642	266	249	299	275	342	335	349	383	287	284	293	280
	23	3493	269	220	282	261	338	333	341	369	254	267	284	275

SPEED BY HOUR                                                                   														
	Hour	ALL	JAN	FEB	MAR	APR	MAY	JUN	JUL	AUG	SEP	OCT	NOV	DEC
	0	5.94	7.6	7.76	6.38	6.29	5.01	4.07	3.97	5.49	5.89	6.47	7.5	7.12
	1	5.91	7.29	7.79	6.44	6.21	4.84	3.97	3.85	5.62	5.78	6.43	7.49	6.93
	2	5.92	7.33	8.12	6.39	6.14	4.99	4.05	3.77	5.49	5.92	6.22	7.64	6.73
	3	5.79	7.19	7.87	6.48	5.92	4.85	4.18	3.72	5.36	5.7	6.4	7.55	6.77
	4	5.95	7.48	7.61	6.43	6.34	4.98	4.07	3.78	5.52	5.83	6.5	7.62	6.98
	5	5.92	7.33	7.88	6.27	6.29	4.99	3.94	3.79	5.27	5.97	6.44	7.55	7.01
	6	5.83	7.48	7.56	6.59	6.18	4.93	4.04	3.75	5.31	5.81	6.54	7.63	6.78
	7	6.05	7.5	7.3	6.37	6.36	5.31	4.55	3.95	5.21	5.93	6.61	7.66	7.19
	8	6.21	7.63	7.43	6.43	6.19	5.63	4.66	4.36	5.52	5.98	6.85	7.62	6.96
	9	6.3	7.27	7.38	6.33	6.32	5.77	5.04	4.55	5.67	6.29	6.79	7.61	7.18
	10	6.45	7.24	7.45	6.28	6.56	6.02	5.26	4.9	6.04	6.52	6.82	7.61	7.09
	11	6.65	7.28	7.59	6.43	6.65	6.26	5.52	5.21	6.26	6.73	6.99	7.73	7.43
	12	6.69	7.25	7.73	6.8	6.64	6.22	5.62	5.31	6.29	6.79	7.15	7.67	7.23
	13	6.94	7.52	7.82	6.74	6.97	6.51	5.87	5.55	6.6	7.08	7.43	8.08	7.53
	14	7.04	7.27	7.88	6.98	6.98	6.82	6.04	5.69	6.81	7.11	7.53	8.2	7.38
	15	6.98	7.28	7.72	7.15	6.97	6.57	6.04	5.8	6.69	7.23	7.55	8.02	7.24
	16	7.01	7.38	7.79	7.09	7.05	6.68	6.03	5.75	6.95	7.16	7.26	7.64	7.18
	17	6.82	7.32	7.59	6.91	6.83	6.57	6.03	5.55	6.84	6.9	7.17	7.69	7.05
	18	6.66	7.31	7.62	6.79	6.87	6.46	5.68	5.42	6.65	6.78	6.91	7.43	6.99
	19	6.57	7.35	7.91	6.67	6.53	6.17	5.51	5.17	6.44	6.44	6.98	7.59	7.03
	20	6.46	7.45	8.04	6.61	6.47	5.96	5.29	4.95	6.16	6.2	6.81	7.41	7.01
	21	6.17	7.25	7.88	6.61	6.31	5.24	4.89	4.53	5.74	6.14	6.7	7.68	7.09
	22	6.11	7.38	7.63	6.51	6.39	5.29	4.54	4.29	5.71	5.99	6.64	7.38	6.88
	23	6.06	7.36	7.98	6.47	6.15	5.22	4.27	4.14	5.62	5.88	6.57	7.59	6.98

POWER BY HOUR                                                                   														
	Hour	ALL	JAN	FEB	MAR	APR	MAY	JUN	JUL	AUG	SEP	OCT	NOV	DEC
	0	302	552	552	358	371	197	81	85	204	230	318	517	456
	1	299	489	564	373	357	169	75	79	215	240	303	501	443
	2	307	497	632	368	362	213	77	72	199	247	282	556	398
	3	287	491	592	358	319	184	88	75	189	218	295	530	434
	4	309	509	538	388	391	177	80	82	207	239	318	542	460
	5	305	504	596	367	375	182	74	75	191	271	297	531	428
	6	291	530	547	392	354	166	83	78	205	247	337	519	398
	7	325	559	505	372	374	216	118	84	192	291	356	543	496
	8	341	578	522	381	344	227	115	104	215	280	430	593	422
	9	338	489	506	353	336	264	149	114	214	309	417	548	455
	10	349	508	523	351	368	264	146	132	239	341	416	554	420
	11	377	531	561	371	371	315	180	147	267	336	396	614	498
	12	374	483	573	408	367	279	180	156	269	341	444	597	472
	13	411	545	594	401	413	336	194	173	313	388	478	638	547
	14	420	507	603	446	410	344	222	189	327	366	503	657	509
	15	405	511	554	473	428	328	222	197	315	393	485	571	491
	16	402	517	545	450	410	321	191	184	340	365	416	559	460																									
	17	369	503	520	421	401	305	192	174	317	340	412	542	443																									
	18	355	504	531	425	442	298	170	159	291	325	370	519	446																									
	19	349	522	576	395	363	273	157	140	279	290	397	546	437																									
	20	342	526	601	399	353	274	139	122	256	277	377	490	437																									
	21	317	497	607	406	346	187	120	106	225	278	359	545	453																									
	22	312	520	551	385	355	211	104	93	225	247	347	468	411																									
	23	318	509	603	391	355	205	89	92	209	230	335	558	455																									

SPEED BY DIRECTION                                                              																																							
	Month	calm	0	10	20	30	40	50	60	70	80	90	100	110	120	130	140	150	160	170	180	190	200	210	220	230	240	250	260	270	280	290	300	310	320	330	340	350	360
	ALL	0	6.68	6.58	6.84	7.07	6.77	6.54	6.49	6.5	6.01	6.31	7.16	7.47	7.49	7.36	7.77	7.22	6.75	6.42	6.28	6.08	6.03	6.43	6.17	5.78	5.62	5.72	5.69	5.95	5.93	5.99	6.09	6.33	6.22	6.31	6.56	6.51	6.68
	1	0	7.5	7.3	8.5	8.7	8.3	7	7.1	7.9	6.9	6.9	7.6	7.7	7.8	8	8.1	6.8	7.9	7.9	7.8	7.3	7.3	7.5	7.4	6.3	6	6.3	5.5	5.9	5.3	5.9	6.3	7.5	7.9	7.1	7.6	7.7	7.5
	2	0	7.8	7.4	8	8.1	7.7	6.6	6.7	6.8	6.4	6.7	8.5	8.9	8.6	8.7	9.5	9.4	9	8.6	7.1	7.4	7.5	8.6	6.8	6.5	6.7	7.5	6.7	5.1	5.8	7.2	6.8	7.4	8	7.4	7.1	7.8	7.8
	3	0	8.3	8.1	7.2	7.4	6.6	6.2	6.1	6.2	5.5	6.4	6.7	7.6	7.5	7.3	8.4	7.6	6.8	6.2	6.7	5.8	5.8	6.9	5.2	5.2	5.8	5.5	5.3	5.4	5.1	5.7	6.9	7.3	7.1	7.7	7.1	7.2	8.3
	4	0	6.3	6.1	6.6	6.6	6.1	5.5	5.5	5.3	5	5.6	6.5	7.4	7.8	7.5	8	8.2	7.6	7.6	7.7	7.2	6.9	8.2	8.5	8.3	6.7	6.7	6.5	6.9	6.3	5.4	6.8	6.9	6.7	6.7	7.2	6.7	6.3
	5	0	5.6	5.1	4.3	4.8	4.3	4.6	5	5	4.5	5	5.1	5.4	6.6	7.6	8.3	8	7	6.7	6.1	6.1	6	6.6	6.6	7.5	6.6	6.1	6.1	6.6	5.8	5.4	5.4	5.6	5.6	5.3	5.5	5.5	5.6
	6	0	4.6	4.4	4.1	4	4.2	4.8	4.6	4.7	5	5.1	5.4	6.1	6.5	5.7	6.7	6.1	6.1	5.9	5.2	5.3	5.4	5.1	4.6	4.6	5.2	4.9	4.5	4.9	5.1	5.5	5.5	5.1	4.9	4.7	4.9	4.7	4.6
	7	0	4.4	3.9	3.8	3.8	4	4.3	4.3	4.2	4	4.7	5.2	5.3	5.5	5	5.8	5	5.5	5.1	5.4	5.1	4.7	4.9	5.3	5	4.9	5	5	5.2	5.4	5.4	5.1	4.7	4.5	4.6	4.4	4.6	4.4
	8	0	6.3	5.4	5.9	5.4	5.5	6.5	5.6	5.3	5.3	5.4	5.4	6.2	6	6.4	7.1	7	6.7	6.8	6.9	6.7	6.3	6.7	6.2	5.7	5.4	5.4	5.9	6.2	6.6	6.5	5.8	6.2	5.9	5.7	6	6.3	6.3
	9	0	7.3	6.4	7.1	7	6.6	6.9	6.3	6.4	6.5	6.6	7.2	6.1	6.3	6	6.8	6	5.3	5	5.3	4.9	5.8	6.3	6	5	4.9	5.6	5.6	6.2	6.2	6.7	6.8	7	6.9	7.4	7.7	7.3	7.3
	10	0	7.5	7.7	7.8	7.7	7.7	7.8	7.3	7.3	6.5	6.7	7.4	7.1	7.2	6.4	7.1	5.7	4.7	5.7	5.9	5.2	5.2	4.8	5	4.8	5.5	5.6	6.5	6.7	7.7	7.7	7.9	7.4	7.4	7.9	7.9	7.5	7.5
	11	0	8.2	8.3	7.8	7.7	7.7	8	7.9	7.5	7.5	7.4	8.1	9.2	8.7	8.9	7.9	7.4	6.6	6	6.2	6.2	6.8	7	6.5	6.5	7	7.1	6.8	7.5	8.3	8.6	9.9	9.2	8.4	8.1	8.3	8.4	8.2
	12	0	7.3	7.1	7	7.6	7.9	7.1	7.4	7.5	7	8.1	8.8	8.1	8.3	7.9	8	7.7	6.9	6	5.5	5.8	5.2	5.3	6.3	5	5	5.8	5	4.9	4.5	5.9	7	7.6	7.4	7.4	7.9	7.9	7.3
FREQUENCY BY DIRECTION                                                          																																							
	Month	calm	0	10	20	30	40	50	60	70	80	90	100	110	120	130	140	150	160	170	180	190	200	210	220	230	240	250	260	270	280	290	300	310	320	330	340	350	360
	ALL	2.63	3.88	3.15	3.36	3.34	3.12	2.83	2.97	2.72	2.07	2.29	3.01	3.23	3.38	3.19	3.51	3.18	2.81	2.64	2.32	2.03	1.97	1.56	1.55	1.83	2.14	2	1.89	1.91	2.25	2.64	3.1	3.46	3.47	3.54	3.81	3.87	3.88
	1	2.3	3.1	3.7	5.1	6.5	5.3	4	3.8	3.2	2.2	2.1	3.7	3.6	4.3	4.7	3.8	3.3	3	2.7	2.3	1.9	2	1.6	1.5	1.3	1.3	1.2	1.2	1.3	0.9	1.3	1.7	1.6	2	2.7	2.8	3.3	3.1
	2	2.3	3.6	2.8	2.9	3.3	3.6	2.8	4.3	3.6	2.9	3.2	6.4	6.9	5.7	4.7	5.2	4.5	3.5	2.4	1.4	1.4	1.3	1.1	1	1.3	1.1	1.1	1	0.7	0.8	1.1	1.9	2.1	1.9	2.8	2.6	3	3.6
	3	4.2	3.7	2.5	3.3	3.6	3.8	3.3	3.8	4	2.5	3.8	4.3	5.5	5.2	4.2	5	4.3	3.4	2.4	1.7	1.3	1.2	0.6	0.8	1.2	1.5	1.4	1.4	1.3	1.4	1.8	2	2.6	2.8	2.6	3.3	2.6	3.7
	4	3.8	3.6	2.9	3.5	3.4	2.6	2.7	2.9	2.8	2.4	2.7	3.4	3.6	3.4	2.8	2.8	2.9	2.5	2.6	2.3	1.8	1.7	1.3	1.2	1.4	2.1	2	2.2	2.3	2.2	2.7	3	4	3.8	4.1	4.6	4.1	3.6
	5	3.5	4.5	2.9	2	1.8	1.6	2.1	1.9	1.9	1.4	2	2.3	2.2	2.7	3.4	4.4	4.4	3.7	2.7	2.5	2.6	2	1.7	1.7	1.7	1.1	1.6	1.9	2.4	2.9	3.8	4.3	4.3	4.2	4.2	4.9	4.5	4.5
	6	2.7	4	2.5	2	1.6	2	1.9	1.5	1.4	1.4	1.8	1.8	1.4	1.9	2.1	3.1	3.1	2.6	2.9	2.3	2	1.9	1.1	0.8	1	1.5	1.8	1.8	2.8	4.5	5.1	6.5	6.1	5.9	5.2	5.1	5.5	4
	7	4	3	2.2	1.9	1.6	1.5	1.3	1.3	1.4	1.6	1.8	1.6	1.9	2.8	2.7	3	2.7	3	3.3	2.3	2.1	2.2	1.8	2.2	2.5	2.9	2.8	3.2	2.8	3.4	4.6	5.8	5.1	5.3	4.4	3.7	4.3	3
	8	2	4.6	2.8	3.3	2	2.1	1.8	1.6	1.3	1	1.2	1.2	1.2	1.6	1.6	2	2.1	2.6	2.9	3	2.9	3	2.9	2.5	3	4.1	4	3.2	3.5	4.1	4.1	3.7	4.1	3.9	3.5	3.9	3.9	4.6
	9	1.1	3.8	2.7	3.1	3.6	3.9	3.2	3	2.5	2.2	2.5	2.5	2.5	2.4	2.6	3	2	2	2.1	2.4	1.8	2.2	1.9	1.9	2.6	3.2	3.1	2.3	1.9	2.5	2.6	2.6	4	3.5	4.3	4	3.8	3.8
	10	1.5	4.2	4.9	5.3	5.2	4.9	4.4	4.3	3.2	2.4	2	3	2.9	2.2	2.1	2.5	2.2	1.8	2.1	2.5	2.1	1.8	1.4	1.8	2.4	3	1.8	1.6	1.3	1.2	1.4	1.8	2.6	2.9	3.3	4	3.8	4.2
	11	1.4	4	5.1	4.6	3.9	3.4	3.1	4.1	4	2.6	1.9	2.8	3.9	5.2	4.7	4.2	4	3.3	2.8	2.8	2.4	2.5	1.8	1.7	1.7	1.9	1.4	1	0.9	0.8	0.9	1.1	2	2.2	2	2.7	2.7	4
	12	2.5	4.3	3.2	4	4.8	3.8	4.1	4.6	4.6	3.1	3.3	4.8	4.9	4.6	3.6	3.9	2.9	2.5	2.4	2.1	1.4	1.6	1	1.1	1.1	1.4	1	1.2	0.8	0.8	1	1.2	1.8	2.2	2.9	3.6	4.4	4.3
FREQUENCY OF SPEED                                                              																																							
	Month	0	1	2	3	4	5	6	7	8	9	10	11	12	13	14	15	16	17	18	19	20	21	22	23	24	25												
	ALL	2.6	2.5	9.2	11.5	12.2	12.8	10.4	10.6	6.8	5.3	5.6	3	2.8	1.3	1	1.1	0.3	0.3	0.3	0.1	0.1	0	0	0	0	0												
	1	2.3	2.4	7.3	9.2	9.6	10.7	7.7	10	8.1	6.9	7.5	4.7	5	2.4	2	2.2	0.5	0.5	0.4	0.2	0.3	0	0	0	0	0.1												
	2	2.3	1.8	5.9	7.6	9	9.7	9.2	10.6	8.4	7.3	9	4.9	4.6	2.6	2.3	2.2	0.5	0.6	0.5	0.3	0.3	0.1	0	0.1	0	0												
	3	4.2	3	8.5	9.3	10.3	12	9.8	11.4	7	5.7	6.5	3.8	3.4	1.4	1.1	1.2	0.2	0.4	0.5	0.1	0.2	0	0	0	0	0												
	4	3.8	3	9	10.2	10.8	11.8	10	10.6	6.7	5.9	6.9	3.3	3	1.2	1.1	1.4	0.5	0.4	0.2	0.2	0.1	0	0	0	0	0												
	5	3.5	3.2	10.9	12.2	12.8	14.1	11.6	11.4	6.9	3.9	3.6	1.6	1.5	0.9	0.7	0.5	0.2	0.2	0.1	0.1	0.1	0	0	0	0	0												
	6	2.7	2.8	12	16.1	18.1	16.8	12.3	9.3	4.1	2.5	1.7	0.8	0.6	0.1	0	0.1	0	0	0	0	0	0	0	0	0	0												
	7	4	3.9	14.2	18.2	18.2	15	9.5	7.3	4.2	2.5	1.6	0.6	0.5	0.2	0	0	0	0	0	0	0	0	0	0	0	0
	8	2	2	9.3	13	13.6	14.7	11.4	11.6	6.5	5.2	4.1	2.3	1.9	1	0.6	0.4	0.1	0.1	0.1	0	0	0	0	0	0	0
	9	1.1	2.3	9	11.7	12.1	13	12.3	11.4	7.3	5.6	5.7	3	2.4	1.1	0.7	0.7	0.2	0	0.2	0	0.1	0	0	0	0	0
	10	1.5	1.9	8.1	9.9	10.2	11.7	11	12.1	8.6	6.8	7.2	3.6	3	1.4	0.9	0.9	0.2	0.2	0.4	0.1	0.3	0	0	0.1	0	0
	11	1.4	1.5	6.8	8.7	9.9	11	9.5	9.9	7.1	6.2	8	4.8	5	2.8	2	2.8	0.8	0.6	0.6	0.2	0.3	0	0	0.1	0	0
	12	2.5	2.3	7.9	8.9	9.4	10.9	9.4	11.2	8	6.9	8.2	4.3	4.1	1.6	1.1	1.4	0.3	0.4	0.7	0.2	0.2	0	0	0	0	0
PERCENT OF POWER BY SPEED                                                       																											
	Month	0	1	2	3	4	5	6	7	8	9	10	11	12	13	14	15	16	17	18	19	20	21	22	23	24	25
	ALL	0	0	0.2	0.8	1.9	3.6	5.1	8.3	7.7	8.4	11.9	8.6	10.5	6.2	5.8	7.5	2.3	2.6	3.2	1.3	2.3	0.3	0.1	0.9	0	0.5
	1	0	0	0.1	0.5	1	2.1	2.6	5.5	6.3	7.5	10.9	9.2	12.8	7.8	8	10.2	2.9	3	2.9	1.4	2.8	0.1	0	0.6	0	1.7
	2	0	0	0.1	0.3	0.9	1.8	2.9	5.4	6	7.3	12.1	8.9	10.9	7.6	8.3	9.5	2.7	3.7	3.4	2.7	3	1	0.2	1.1	0.3	0
	3	0	0	0.2	0.6	1.4	3.1	4.3	8.1	7	8.2	12.5	9.5	11.4	5.9	5.7	7.5	1.7	2.9	4.6	1.2	2.8	0.4	0	1	0	0
	4	0	0	0.2	0.7	1.5	3.1	4.6	7.9	7.1	8.7	13.6	8.8	10.8	4.9	5.9	8.9	3.7	3.3	2.5	2.2	0.7	0.2	0.2	0.5	0	0
	5	0	0	0.4	1.2	2.7	5.5	7.8	12.3	10.8	8.4	10.5	6.1	7.7	5.7	5.8	4.8	2.7	2	1.4	1.1	2.1	0.2	0	0	0	0.4
	6	0	0	0.8	2.8	6.9	11.8	14.6	17.6	11.2	9.4	8.7	5.4	5.1	1.3	0.6	0.9	0	0	0.9	0	0.8	0	0	1.2	0	0
	7	0	0.1	1	3.5	7.6	11.8	12.6	15.2	12.9	10.8	9.2	4.6	5.1	2.4	0.7	0.6	0.5	0.6	0	0	0.9	0	0	0	0	0
	8	0	0	0.3	1.2	2.8	5.7	7.6	12.2	9.8	11.1	11.6	8.8	9.3	6.4	4.5	4	0.7	1.8	1.5	0	0.4	0	0	0	0	0
	9	0	0	0.3	1	2	4.1	6.8	9.9	9.1	9.8	13.4	9.6	9.8	5.3	4.7	5.4	1.7	0.4	2	0.6	2.5	0	0	0.6	0	0.9
	10	0	0	0.2	0.6	1.4	3	4.8	8.4	8.5	9.6	13.5	9.2	10.2	5.8	4.5	5.7	1.1	1.8	3.8	0.7	4.3	0.2	0.5	2.1	0	0.3
	11	0	0	0.1	0.4	0.9	1.9	2.9	4.8	5	6.1	10.6	8.5	11.6	8	7.3	12.1	4.1	3.7	4	1.8	2.6	0.4	0	1.9	0	1
	12	0	0	0.2	0.5	1.1	2.4	3.6	6.8	7	8.5	13.4	9.4	11.7	5.8	5	7.4	2.1	3.1	5.7	2	1.8	0.5	0.4	0.7	0	0.9
PREVAILING DIRECTION BY HOUR                                                    																											
	Month	0	1	2	3	4	5	6	7	8	9	10	11	12	13	14	15	16	17	18	19	20	21	22	23		
	ALL	140	130	150	350	140	140	140	120	350	360	360	310	340	320	310	340	360	340	340	350	350	350	360	350		
	1	30	30	40	30	30	30	120	30	30	30	40	30	130	30	110	60	100	20	30	20	140	20	30	30		
	2	130	130	100	110	130	100	100	110	100	100	100	110	110	110	100	120	110	110	120	120	120	140	120	100		
	3	140	110	110	100	120	150	110	120	140	40	20	30	140	110	70	120	20	110	110	140	110	140	120	140		
	4	180	340	130	340	20	110	350	100	310	100	320	320	320	320	340	310	330	340	10	20	340	340	130	340		
	5	290	360	340	290	350	140	340	300	330	320	320	320	340	300	150	150	150	150	300	150	360	360	360	170		
	6	280	280	320	280	290	280	280	280	300	300	310	310	300	300	300	310	310	350	320	300	300	290	280	300		
	7	250	170	300	310	260	260	250	160	320	300	300	320	330	320	300	300	320	300	300	300	300	300	320	350		
	8	250	250	270	240	240	250	240	240	250	270	340	280	340	320	350	340	300	360	360	360	360	350	310	300		
	9	250	240	30	250	160	340	340	330	310	240	40	350	40	40	50	50	360	340	330	30	20	340	330	40
	10	50	60	60	30	50	50	50	40	30	360	20	10	30	30	20	60	40	20	30	10	30	30	30	40
	11	150	130	150	120	140	140	140	20	20	10	20	10	30	10	110	10	130	120	360	130	10	120	60	150
	12	60	70	30	140	70	350	30	20	30	110	120	100	50	100	30	30	60	110	350	360	130	60	60	60
SPEED FOR PREVAILING DIRECTION BY HOUR                                          																									
	Month	0	1	2	3	4	5	6	7	8	9	10	11	12	13	14	15	16	17	18	19	20	21	22	23
	ALL	7.22	6.58	7.22	6.63	6.83	7.46	6.69	7.32	6.47	6.48	6.46	6.59	6.7	6.4	6.76	6.28	7.28	6.64	6.13	6.36	6.58	6.14	6.59	6.14
	1	10.01	8.32	8.09	9.01	8.57	9.36	7.88	8.88	7.98	7.64	6.83	9.11	8.36	8.72	7.22	7.85	7.46	9.18	7.47	8.29	7.1	8.22	9.86	9.36
	2	7.96	8.96	9.04	8.55	10.21	9.61	9.53	9.14	8.01	8.18	7.83	8.97	8.52	8.56	7.51	7.29	8.03	8.85	6.55	8.29	8.64	8.91	9.37	8.25
	3	7.46	6.76	7.12	6.57	8.78	6.69	7.2	9.07	8.13	7.42	5.68	7.94	8.5	7.77	5.64	7.54	7.09	7.78	6.68	7.71	5.94	9.05	7.94	6.62
	4	10.4	7.81	8.49	5.86	6.58	8.06	6.15	7.68	7.16	6.1	7.55	7.65	6.84	7.29	7.83	8.07	7.5	6.52	6.21	6.29	8.07	6.63	7.87	7.23
	5	4.62	5.73	5.61	5.46	5.35	6.47	4.97	5.24	5.38	5.85	5.05	6.11	6.18	6.23	10.05	9.86	9.1	8.79	5.52	6.99	5.65	5.24	6.35	4.99
	6	4.24	4.54	4.64	4.36	4.65	3.86	4.59	4.71	5.05	4.92	4.96	5.02	5.67	6.42	6.13	5.78	5.48	5.42	5.35	5.84	4.82	5.05	4.43	4.76
	7	4.14	3.54	4.19	3.86	3.25	4.15	3.68	3.89	4.11	4.49	5.26	4.5	3.99	4.84	6.11	6.26	4.84	5.6	4.81	4.8	5.35	4.14	4	3.95
	8	4.61	4.82	5.74	4.22	4.73	3.9	4.13	4.53	4.68	5.18	6.12	6.3	5.99	5.54	5.86	5.5	6.14	6.35	6.47	6.29	7.54	6.11	5.01	5.31
	9	4.93	4.57	6.63	4.26	4.13	8.19	8.63	6.89	7.68	4.55	5.52	7.95	6.78	6.27	7.45	7.37	6.46	6.85	7.37	7.81	6.87	7.82	5.93	7.45
	10	7.67	7.35	6.93	8.18	8.09	7.92	7.87	7.76	6.92	7.19	7.65	8.05	7.44	7.6	7.98	7.38	7.01	7.21	7.49	8.19	7.04	7.96	7.35	7.48
	11	7.47	9.08	7.59	7.9	8	9.61	8.9	8.37	8.11	8.22	8.8	8.71	7.35	7.95	9.56	7.77	7.71	9.39	7.45	9.25	7.66	8.62	6.71	7.69
	12	7.37	5.59	7.02	8.26	6.52	8.1	7.01	6.86	7.19	8.57	7.89	8.81	7.52	9.92	6.8	7.49	6.8	8.84	8.22	8.01	6.25	7.47	7.29	7.46
