MERRILL FIELD       AK - 702735                                                 														
 61 deg    13' N  149 deg    51' W - Elev   42m   LST=GMT+99 hours   *NT=-10    														
 01/73-09/02                                                                    						Adjusted to Alaska Timezone (GMT-9)								
SPEED BY YEAR                                                                   														
	Year	ALL	JAN	FEB	MAR	APR	MAY	JUN	JUL	AUG	SEP	OCT	NOV	DEC
	ALL	2.07	1.79	1.88	1.99	2.19	2.53	2.55	2.26	2.03	2.06	2.05	1.77	1.67
	1973	2.86	2.84	2.35	2.54	3.05	3.82	3.78	3.44	3.23	2.13	2.68	2.1	2.59
	1974	2.78	2.74	3.12	2.78	2.59	3.15	3.63	2.74	2.54	2.37	3.19	2.68	1.86
	1975	2.87	3.01	2.96	2.2	2.69	3.25	3.31	2.98	2.63	3.1	3	2.34	2.98
	1976	3.08	2.56	2.9	3.25	3.19	3.4	3.67	3.31	2.66	2.9	2.92	3.13	3.06
	1977	3.06	3.02	2.49	3.48	3.88	3.73	3.57	3.41	2.45	3.17	2.83	2.36	2.18
	1978	2.87	1.9	3.12	2.42	2.74	3.39	3.73	2.73	2.77	2.49	3.36	2.77	3.01
	1979	3.15	2.78	3.52	2.81	3	3.5	3.51	3.08	2.71	2.94	3.05	3.79	3.12
	1980	3.34	3.98	3.34	2.88	3.4	4.04	3.83	3.6	3.63	3.31	3.34	2.73	1.98
	1981	2.47	2.54	2.43	2.64	2.84	2.96	3.29	2.93	2.65	2.39	1.99	1.86	1.16
	1982	2.09	1.55	2.23	2.14	2.36	2.5	2.58	2.65	1.81	2.29	2.19	1.34	1.4
	1983	1.54	1.35	0.87	1.15	1.77	1.62	1.78	1.78	1.84	1.87	2.31	1.44	0.63
	1984	1.38	1.24	1.6	0.89	1.72	2.07	2.11	1.84	1.89	0.87	0.92	0.67	0.72
	1985	1.86	1.17	1.51	1.47	1.55	2.14	1.5	1.26	2.19	3.05	2.53	1.97	2.02
	1986	1.95	2.18	2.49	2.53	2.73	1.95	2.22	1.96	1.52	1.53	1.32	1.81	1.19
	1987	1.73	1.66	1.95	1.33	1.9	2.12	2.06	1.93	1.65	1.78	1.83	1.46	1.11
	1988	1.71	0.95	2.32	1.78	2.14	2.25	2.21	1.83	1.55	1.2	1.47	1.12	1.76
	1989	1.82	1.66	0.98	2.01	1.89	2.09	2.22	1.93	1.53	1.45	2.2	2.04	1.75
	1990	1.7	1.58	1.14	1.71	1.61	2.12	2.25	2.1	1.67	2.07	1.43	1.46	1.16
	1991	1.36	1.74	1.26	1.4	1.73	2.27	1.87	1.26	0.95	1.08	0.7	0.88	1.22
	1992	1.11	0.67	0.71	1.14	1.2	1.89	1.4	1.1	0.88	1.45	0.91	1.08	0.89
	1993	1.36	1.06	0.85	0.96	0.84	1.15	1.83	1.46	1.45	2.22	1.54	1.69	1.27
	1994	1.63	1.15	2.07	1.8	1.54	1.87	2.1	1.83	1.9	1.34	1.37	1.47	1.09
	1995	1.48	0.57	1.6	1.73	1.35	1.87	2.02	1.67	1.57	1.24	1.32	1.42	1.41
	1996	1.56	0.71	1.52	1.68	2.03	1.97	2.15	1.89	1.67	1.79	1.49	0.8	0.93
	1997	1.73	1.28	1.11	2.29	1.7	2.2	2.08	1.8	1.65	1.46	2.18	1.42	1.58
	1998	1.76	1.05	1.1	1.43	2.22	2.62	2.39	2.06	2.23	2.08	1.63	1.11	1.37
	1999	1.96	1.91	1.13	1.8	2.31	2.72	2.32	2.28	1.66	1.93	2.09	1.37	1.96
	2000	1.81	1.45	1.08	1.69	1.89	2.54	2.54	2.23	2	2.05	1.58	1.57	1.34
	2001	2.42	1.74	1.58	2.51	2.21	3.25	3.09	2.73	2.5	2.6	2.76	2.04	2.51
	2002	2.08	2.66	1.77	1.57	2.08	2.46	2.14	2.36	1.81	0.9	-1	-1	-1
POWER BY YEAR                                                                   														
	Year	ALL	JAN	FEB	MAR	APR	MAY	JUN	JUL	AUG	SEP	OCT	NOV	DEC
	ALL	23	25	28	23	23	29	28	19	17	22	25	18	17
	1973	38	42	20	25	40	76	69	52	48	15	41	18	22
	1974	43	72	39	51	30	36	73	27	25	24	85	25	30
	1975	37	43	42	17	30	39	43	28	20	67	46	16	50
	1976	42	40	29	49	46	57	49	42	23	40	41	48	39
	1977	42	45	23	50	73	60	63	45	22	51	30	16	24
	1978	39	14	45	22	32	53	67	23	37	22	65	58	36
	1979	57	37	175	38	32	74	59	30	21	30	42	86	62
	1980	54	166	57	28	54	77	54	43	50	37	46	19	9
	1981	23	20	19	24	31	31	39	28	22	20	18	16	7
	1982	25	14	63	23	26	22	28	40	25	24	19	6	14
	1983	12	14	3	4	12	12	12	10	15	18	31	9	3
	1984	10	21	13	4	10	18	15	11	15	4	6	3	5
	1985	18	8	19	13	11	24	12	6	18	37	44	18	11
	1986	16	15	22	19	34	15	19	15	9	11	13	15	6
	1987	15	17	41	10	13	16	14	11	11	17	17	7	7
	1988	14	6	33	12	18	19	16	10	11	8	9	9	17
	1989	19	27	15	56	14	15	19	11	7	7	21	25	17
	1990	14	11	8	15	9	15	16	15	11	17	21	22	7
	1991	10	22	7	12	11	20	12	7	5	8	4	6	9
	1992	9	16	6	7	6	16	7	4	5	14	5	9	15
	1993	11	8	14	5	4	5	26	6	7	25	12	14	11
	1994	13	5	62	12	8	10	14	11	14	6	6	10	6
	1995	10	1	22	16	6	10	11	7	6	5	4	14	13
	1996	13	4	8	18	25	14	15	10	10	22	13	2	9
	1997	15	10	4	48	12	18	12	9	8	7	21	9	15
	1998	15	5	4	9	25	29	19	13	26	24	12	4	12
	1999	19	31	7	19	22	28	19	18	9	18	23	6	21
	2000	16	15	11	14	14	26	22	14	18	25	12	13	11
	2001	25	18	17	52	24	44	26	17	15	20	24	7	19
	2002	20	22	21	14	26	28	17	20	11	3	-1	-1	-1
NUMBER OF SPEED OBSERVATIONS BY YEAR                                            														
	Year	ALL	JAN	FEB	MAR	APR	MAY	JUN	JUL	AUG	SEP	OCT	NOV	DEC
	ALL	238691	20382	18958	20752	20094	20540	19669	20544	20229	19066	19907	18934	19616
	1973	6600	489	492	538	502	461	483	627	610	597	600	571	630
	1974	7070	590	519	622	603	633	571	616	633	603	578	560	542
	1975	7756	594	532	625	641	647	604	643	689	683	712	695	691
	1976	8136	714	666	716	705	731	685	705	686	649	631	619	629
	1977	8022	636	631	680	654	708	686	711	681	667	681	646	641
	1978	8172	671	620	696	702	724	657	682	686	674	695	665	700
	1979	8094	697	637	677	587	681	660	712	703	679	699	658	704
	1980	8246	717	645	709	673	693	683	709	695	689	688	637	708
	1981	8351	720	650	729	696	669	700	707	689	691	719	675	706
	1982	8292	712	631	697	685	699	686	708	699	709	705	662	699
	1983	8383	727	654	722	694	719	683	715	713	676	709	665	706
	1984	8473	723	654	725	698	727	698	720	713	691	717	694	713
	1985	8489	713	649	731	695	723	683	725	721	698	719	705	727
	1986	8426	721	644	719	692	716	693	723	727	691	705	687	708
	1987	8347	699	631	708	682	702	696	716	699	688	715	684	727
	1988	8501	719	671	723	702	725	703	721	703	692	723	695	724
	1989	8505	714	649	722	703	735	706	729	720	707	722	685	713
	1990	8514	719	666	703	704	731	699	728	719	706	723	690	726
	1991	8559	723	663	724	704	726	700	732	722	709	728	700	728
	1992	8558	726	673	720	709	728	710	728	721	695	724	697	727
	1993	8486	726	657	721	703	720	695	718	730	697	707	695	717
	1994	8224	698	594	728	703	722	684	716	721	698	720	667	573
	1995	8133	701	649	694	676	718	712	706	552	640	709	666	710
	1996	7874	711	682	712	692	722	677	605	626	578	658	595	616
	1997	7220	603	522	608	575	601	565	600	589	518	643	688	708
	1998	7871	659	664	665	648	642	630	636	663	652	642	697	673
	1999	7925	679	614	640	653	659	619	657	659	660	691	655	739
	2000	8138	728	682	701	664	643	629	662	650	667	724	683	705
	2001	6282	714	687	701	675	558	480	537	446	340	520	298	326
	2002	5044	439	630	696	674	677	592	650	664	22	0	0	0
NUMBER OF SPEED OBSERVATIONS BY HOUR                                            														
	Hour	ALL	JAN	FEB	MAR	APR	MAY	JUN	JUL	AUG	SEP	OCT	NOV	DEC
	0	9961	848	789	861	843	867	819	854	845	787	829	797	822
	1	9912	844	783	876	833	870	817	840	849	800	812	768	820
	2	9956	860	796	859	817	875	825	848	856	786	827	791	816
	3	9887	839	780	848	814	847	798	859	859	809	836	786	812
	4	9947	843	789	869	845	853	822	856	856	786	828	787	813
	5	9987	850	796	879	842	858	835	861	836	792	819	793	826
	6	9943	843	792	855	842	855	816	858	841	801	846	782	812
	7	9945	858	785	860	835	847	812	855	830	800	835	796	832
	8	9911	856	795	866	835	832	805	859	828	798	835	777	825
	9	9812	832	792	855	824	821	802	845	826	792	821	795	807
	10	9885	842	783	865	841	857	798	850	843	778	821	789	818
	11	9901	844	811	864	834	844	806	847	832	795	841	775	808
	12	9950	859	794	869	847	861	817	841	848	781	840	783	810
	13	9937	846	799	875	832	864	817	854	818	796	833	784	819
	14	9984	854	800	866	840	860	816	856	846	784	832	797	833
	15	9892	839	788	856	814	836	818	861	842	794	825	794	825
	16	10021	854	792	868	854	869	830	866	852	807	836	783	810
	17	10028	855	782	877	855	869	823	866	850	793	833	806	819
	18	9945	844	767	859	841	861	827	872	851	792	823	799	809
	19	9973	850	789	869	844	864	834	868	847	795	828	778	807
	20	9983	844	774	859	846	858	840	864	849	805	838	798	808
	21	9975	851	787	876	832	855	834	861	841	809	817	788	824
	22	9986	869	800	861	834	861	827	849	847	798	827	788	825
	23	9970	858	795	860	850	856	831	854	837	788	825	800	816

SPEED BY HOUR                                                                   														
	Hour	ALL	JAN	FEB	MAR	APR	MAY	JUN	JUL	AUG	SEP	OCT	NOV	DEC
	0	1.67	1.7	1.65	1.71	1.59	1.74	1.97	1.59	1.46	1.68	1.79	1.65	1.57
	1	1.67	1.69	1.66	1.67	1.59	1.82	1.83	1.65	1.44	1.64	1.78	1.62	1.62
	2	1.64	1.67	1.69	1.66	1.53	1.74	1.68	1.57	1.41	1.64	1.78	1.62	1.63
	3	1.58	1.69	1.66	1.66	1.38	1.55	1.62	1.46	1.3	1.66	1.82	1.57	1.55
	4	1.55	1.58	1.7	1.67	1.43	1.47	1.49	1.4	1.3	1.57	1.79	1.64	1.53
	5	1.54	1.65	1.64	1.63	1.38	1.46	1.47	1.37	1.33	1.57	1.79	1.63	1.57
	6	1.59	1.73	1.76	1.72	1.4	1.52	1.55	1.47	1.31	1.6	1.79	1.63	1.56
	7	1.67	1.77	1.69	1.71	1.53	1.66	1.8	1.62	1.41	1.62	1.77	1.76	1.66
	8	1.82	1.77	1.79	1.76	1.75	2.03	2.13	1.87	1.61	1.67	1.94	1.82	1.66
	9	1.97	1.79	1.8	1.91	2.19	2.33	2.42	2.12	1.9	1.91	1.95	1.74	1.62
	10	2.14	1.79	1.91	2.07	2.34	2.55	2.66	2.38	2.18	2.2	2.07	1.87	1.62
	11	2.3	1.84	1.96	2.2	2.54	2.89	2.86	2.56	2.39	2.51	2.26	1.9	1.69
	12	2.43	1.83	2.08	2.36	2.8	3.06	2.94	2.76	2.52	2.6	2.48	1.93	1.75
	13	2.55	1.86	2.23	2.49	2.93	3.29	3.16	2.92	2.7	2.66	2.5	2.04	1.79
	14	2.64	1.88	2.29	2.54	3.11	3.48	3.35	3	2.78	2.73	2.54	2.04	1.84
	15	2.68	1.93	2.21	2.55	3.2	3.6	3.47	3.07	2.92	2.69	2.58	2.06	1.85
	16	2.72	1.89	2.29	2.5	3.22	3.86	3.66	3.23	2.97	2.69	2.51	1.92	1.81
	17	2.67	1.87	2.14	2.38	3.16	3.85	3.66	3.26	2.97	2.7	2.32	1.82	1.73
	18	2.56	1.82	2.08	2.15	3.01	3.75	3.64	3.19	2.83	2.56	2.07	1.73	1.75
	19	2.38	1.78	1.84	1.97	2.71	3.43	3.41	2.98	2.59	2.25	2.03	1.71	1.7
	20	2.2	1.9	1.77	1.92	2.27	3.07	3.12	2.64	2.18	1.97	1.95	1.71	1.73
	21	2.01	1.82	1.79	1.86	1.93	2.56	2.76	2.34	1.84	1.84	1.93	1.7	1.67
	22	1.88	1.83	1.79	1.79	1.8	2.13	2.35	1.98	1.74	1.85	1.9	1.69	1.68
	23	1.76	1.86	1.73	1.76	1.68	1.91	2.05	1.73	1.57	1.74	1.81	1.69	1.62

POWER BY HOUR                                                                   														
	Hour	ALL	JAN	FEB	MAR	APR	MAY	JUN	JUL	AUG	SEP	OCT	NOV	DEC
	0	17	20	23	20	14	15	19	11	11	17	19	14	18
	1	18	21	25	21	20	16	15	11	12	15	26	16	19
	2	17	19	25	19	14	16	24	10	10	15	20	16	20
	3	15	22	22	17	11	12	14	9	8	14	20	16	17
	4	16	19	23	17	11	10	11	20	9	24	18	19	15
	5	14	22	17	16	10	10	11	7	9	14	19	18	15
	6	16	32	23	19	10	11	14	8	9	13	18	16	15
	7	15	23	22	18	11	12	13	9	10	13	19	17	16
	8	18	22	22	16	12	15	29	11	13	14	20	23	15
	9	21	27	24	23	20	35	19	14	15	17	21	21	13
	10	24	32	26	24	22	22	35	17	17	23	29	24	13
	11	25	26	27	22	24	41	26	19	31	25	27	22	14
	12	27	24	33	26	29	35	29	23	21	28	42	20	19
	13	28	25	33	29	29	40	33	26	24	28	26	20	20
	14	31	22	37	29	36	47	50	29	26	31	28	20	18
	15	33	39	34	30	38	46	43	31	27	28	40	19	16
	16	35	25	45	31	45	60	49	36	29	29	30	17	18
	17	33	23	34	28	40	61	48	36	27	37	24	15	16
	18	31	25	34	24	39	55	50	34	27	27	22	15	18																									
	19	29	33	32	23	32	47	42	33	22	23	24	15	17																									
	20	26	34	29	25	25	36	37	23	18	18	32	13	23																									
	21	21	23	28	24	21	27	27	20	14	19	23	14	17																									
	22	20	25	26	21	20	20	23	15	13	18	23	17	19																									
	23	19	24	27	19	15	18	18	11	14	26	21	16	20																									

SPEED BY DIRECTION                                                              																																							
	Month	calm	0	10	20	30	40	50	60	70	80	90	100	110	120	130	140	150	160	170	180	190	200	210	220	230	240	250	260	270	280	290	300	310	320	330	340	350	360
	ALL	0	3.04	2.96	2.99	2.85	2.64	2.43	2.29	2.22	2.21	2.21	2.2	2.18	2.32	2.51	2.78	3.16	3.26	3.38	3.58	3.57	3.61	3.47	3.12	2.75	2.57	2.65	2.85	3	2.89	2.81	2.74	2.62	2.56	2.61	2.71	2.85	3.04
	1	0	3.1	2.8	2.9	2.9	2.6	2.4	2.5	2.3	2.1	2.1	2.1	2.1	2.1	2.5	2.6	2.8	3.3	3.4	3.4	3.8	3.9	3.9	3	3	2.4	2.5	2.5	2.9	3.1	2.8	2.5	2.7	2.6	2.6	2.8	3	3.1
	2	0	3.3	3.2	3.5	3.5	2.9	2.5	2.2	2.2	2.2	2.2	2.1	2	2	2.3	2.5	3.2	3.2	3	3.3	3.4	3.5	3.2	3	2.9	2.4	2.4	2.6	2.4	2.4	2.4	2.7	2.6	2.6	2.6	2.8	3.1	3.3
	3	0	3.2	3.4	3.4	3.1	3	2.6	2.3	2.2	2.2	2.2	2.3	2.1	2.3	2.4	2.7	3	3	3.4	3.5	3.5	3.4	3.4	3	2.5	2.2	2.1	2.3	2.4	2.3	2.3	2.4	2.4	2.5	2.6	2.7	2.8	3.2
	4	0	3.4	3.3	3.3	3	2.6	2.5	2.3	2.4	2.4	2.4	2.5	2.5	2.6	2.6	3.1	3.3	3.4	3.2	3.3	3.4	3.4	3.3	3.1	2.7	2.6	2.6	2.7	2.9	2.7	2.7	2.9	2.7	2.6	2.8	3	3.2	3.4
	5	0	3	2.9	2.9	2.9	2.9	2.6	2.4	2.4	2.2	2.5	2.6	2.5	2.8	3.2	3.5	3.7	3.6	3.8	3.8	3.7	3.8	3.7	3.5	3.1	2.8	2.9	3.1	3.2	3.1	3.1	2.9	2.8	2.7	2.8	2.7	2.8	3
	6	0	2.8	2.6	2.6	2.5	2.5	2.4	2.5	2.3	2.4	2.7	2.4	2.3	2.8	2.9	2.8	3.4	3.4	3.4	3.6	3.6	3.7	3.5	3.3	2.8	2.8	2.8	3.2	3.4	3.2	3.1	3	2.8	2.7	2.5	2.7	2.6	2.8
	7	0	2.5	2.5	2.5	2.4	2.4	2.4	2.3	2.2	2.1	2.2	2.2	2.2	2.5	2.2	2.8	3	3	2.9	3.4	3.2	3.4	3.3	3	2.7	2.6	2.7	2.9	3.1	3	2.9	2.9	2.7	2.6	2.4	2.4	2.6	2.5
	8	0	2.7	2.7	2.7	2.6	2.5	2.4	2.2	2.2	2.1	2.1	2.1	2	2.1	2.4	2.6	2.9	3	3.1	3.5	3.6	3.5	3.3	2.9	2.6	2.5	2.5	2.8	2.9	2.7	2.7	2.6	2.4	2.4	2.4	2.4	2.6	2.7
	9	0	2.9	2.8	2.8	2.6	2.5	2.4	2.2	2.3	2.3	2.1	2.4	2.4	2.5	2.4	3	3.2	3.6	3.7	3.9	3.8	3.6	3.6	3	2.7	2.4	2.4	2.5	2.6	2.6	2.6	2.5	2.4	2.5	2.5	2.8	2.8	2.9
	10	0	3.1	3	3	2.7	2.6	2.4	2.3	2.3	2.3	2.1	2.1	2.2	2.4	2.3	2.5	3.5	2.9	3.6	3.9	3.9	3.8	3.6	3	2.4	2.2	2.3	2.5	2.5	2.6	2.6	2.6	2.5	2.5	2.6	2.8	3	3.1
	11	0	2.8	2.8	2.8	2.6	2.5	2.3	2.2	2	2.2	2.2	2.2	2	2.2	2.3	2.6	2.9	3.6	3.3	3.6	3.6	3.6	3.1	2.9	2.4	2.2	2.4	2.3	2.8	2.6	2.5	2.3	2.6	2.6	2.7	2.7	2.6	2.8
	12	0	2.8	2.8	2.8	2.8	2.5	2.5	2.2	2.2	2.2	2.2	2	2.2	2.2	2.5	2.4	2.8	2.9	3.2	3.4	3.4	3.8	3.5	3.2	2.7	2.5	2.5	2.5	2.7	2.6	2.5	2.6	2.3	2.5	2.5	2.4	2.6	2.8
FREQUENCY BY DIRECTION                                                          																																							
	Month	calm	0	10	20	30	40	50	60	70	80	90	100	110	120	130	140	150	160	170	180	190	200	210	220	230	240	250	260	270	280	290	300	310	320	330	340	350	360
	ALL	27.68	5.93	5.02	4.19	3.5	3.16	2.53	2.44	2.07	1.71	1.8	1.45	1.16	1.18	0.98	1.06	1.13	1.39	1.9	3.63	3.43	3.07	2.6	2.1	1.79	2.01	1.86	2.13	3.24	3.61	4.2	4.91	3.81	3.32	3.2	3.76	4.7	5.93
	1	35.6	7.1	7.5	5.9	5.9	5.3	4.5	4.8	4.1	3.4	3.4	2.7	1.8	1.8	1.2	1.2	1.1	1.1	1.5	2.7	2.7	2.2	1.5	1.1	0.9	0.9	0.8	0.6	1.1	1.4	1.5	2.3	2	2.1	2.7	3.5	5.6	7.1
	2	34.3	8.4	7.5	6.7	5.6	4.6	3.8	3.5	3.1	2.7	2.8	2.3	1.8	1.7	1.2	1.1	0.9	1.3	1.4	2.3	2.2	1.9	1.5	1.1	1.1	0.9	1	0.9	1.3	1.1	1.8	2.6	2.7	3	3.1	4.8	6.3	8.4
	3	30.2	9.7	7.6	5.9	4.8	3.8	2.6	2.2	1.7	1.4	1.6	1.4	1.2	1	0.8	0.7	0.8	1	1.2	2.6	3	2.5	2	1.5	1.1	1.2	1	1.1	1.9	2.2	2.8	3.6	3.3	3.7	4.5	5.2	7.2	9.7
	4	25.8	6.9	4.7	3.3	2.2	1.8	1.2	1.1	0.7	0.9	0.7	0.8	0.7	0.9	0.8	0.9	1	1.1	1.6	2.9	2.6	2.5	2.3	2.2	1.9	2.5	2.2	3.1	4.1	4.6	5.9	6.7	5.4	4.5	4.3	4.9	6.2	6.9
	5	19.3	2.6	2.2	1.9	1.4	1.4	0.9	1.1	0.7	0.8	1	0.7	0.8	0.9	1	1.3	1.4	1.7	2.6	5.1	4.5	4.2	4	3.4	2.9	3.3	3.2	3.7	5.8	6.1	7	7.1	4.9	3.4	2.5	2.2	2.2	2.6
	6	17.4	2.1	1.5	1.4	1.1	1	1.1	1	0.7	0.6	0.8	0.5	0.6	0.7	0.8	1.1	1.2	1.7	2.5	4.9	5.1	5	4.7	4.1	3.3	3.5	3.3	3.9	6.4	6.7	7	7.2	5	3.2	2.3	2.1	2	2.1
	7	20.4	2.5	1.9	1.6	1.5	1.5	1.2	1.1	0.9	0.8	0.9	0.7	0.6	0.8	0.8	0.8	0.9	1.3	1.9	3.8	4.4	4.4	3.9	3.4	2.9	3.4	3.7	4.1	6.3	7.1	7.4	8	5.1	3.7	2.3	2.2	2.4	2.5
	8	25.8	4	3	2.5	2	2	1.4	1.6	1.5	1.2	1.2	1.1	0.9	1.1	1	1.2	1.4	1.7	2.2	4.6	4	3.6	3.1	2.2	2.1	2.6	2.6	3	4.5	5.2	5.8	6.7	5	4	3.2	3.4	3.3	4
	9	27	5.7	4.2	3.3	2.9	2.7	2.2	2.1	1.8	1.6	1.8	1.4	1.3	1.4	1.2	1.4	1.6	2	2.7	4.8	4	3.4	2.5	1.9	1.8	2	1.3	1.7	2.4	2.9	3.9	5.3	4.2	3.6	3.9	4.7	4.6	5.7
	10	28	9.2	7.7	6.6	5	4.5	3.4	3	2.9	1.7	2	1.7	1.1	1.2	0.8	1	1	1.6	1.7	3.5	3	2.3	1.6	1.1	0.9	0.9	0.8	0.8	1.1	1.4	1.9	2.7	2.6	3.3	4	5.1	6.9	9.2
	11	32.8	8.4	7.7	7	5.7	5.9	4.6	4.1	3.7	2.9	2.7	2.3	1.8	1.4	1	0.8	1	1.2	1.5	2.7	2.3	1.7	1	1	0.6	0.7	0.7	0.6	0.9	0.8	1.4	2.1	2.4	2.6	3.6	4.6	6.7	8.4
	12	36.3	6.9	7.3	6.3	5.8	5.5	5	5.2	4.5	3.6	3.8	2.8	1.9	1.6	1.5	1.2	1	1	1.6	2.9	2.7	2	1.7	1.1	0.9	0.9	0.6	0.6	0.8	1.3	1.3	2.3	1.9	2.3	2.3	3.4	4.6	6.9
FREQUENCY OF SPEED                                                              																																							
	Month	0	1	2	3	4	5	6	7	8	9	10	11	12	13	14	15	16	17	18	19	20	21	22	23	24	25												
	ALL	27.7	16.8	28	14.1	6	4.1	1.6	1	0.3	0.2	0.2	0	0	0	0	0	0	0	0	0	0	0	0	0	0	0												
	1	35.6	18.8	24.5	10.4	4.2	2.8	1.5	1.2	0.3	0.2	0.3	0.1	0.1	0	0	0	0	0	0	0	0	0	0	0	0	0												
	2	34.3	17.9	24.8	10.9	4.4	3.3	1.8	1.3	0.4	0.3	0.3	0.1	0.1	0	0	0.1	0	0	0	0	0	0	0	0	0	0												
	3	30.2	16.2	27.7	13.5	5.3	3.7	1.5	0.9	0.4	0.2	0.2	0.1	0.1	0	0	0	0	0	0	0	0	0	0	0	0	0												
	4	25.8	14.5	28.5	15.8	7.5	4.4	1.8	1.1	0.3	0.2	0.1	0	0	0	0	0	0	0	0	0	0	0	0	0	0	0												
	5	19.3	13.5	28.1	18.4	9.4	6.7	2.3	1.3	0.4	0.3	0.2	0	0	0	0	0	0	0	0	0	0	0	0	0	0	0												
	6	17.4	13.9	29.8	19.3	9.4	6.3	2.1	1.2	0.3	0.2	0.1	0	0	0	0	0	0	0	0	0	0	0	0	0	0	0												
	7	20.4	16.1	31.9	17.5	7.6	4.6	1.1	0.6	0.2	0.1	0	0	0	0	0	0	0	0	0	0	0	0	0	0	0	0												
	8	25.8	17.3	30.2	15.4	5.6	3.7	1	0.6	0.2	0.1	0.1	0	0	0	0	0	0	0	0	0	0	0	0	0	0	0												
	9	27	17.2	29.2	13.3	5.3	4.1	2.1	1.2	0.3	0.1	0.1	0	0	0	0	0	0	0	0	0	0	0	0	0	0	0
	10	28	17.4	28.2	13.5	5.6	3.8	1.6	1.2	0.3	0.2	0.2	0	0	0	0	0	0	0	0	0	0	0	0	0	0	0
	11	32.8	19.6	27	10.9	4.1	2.9	1.3	0.8	0.2	0.1	0.1	0	0.1	0	0	0	0	0	0	0	0	0	0	0	0	0
	12	36.3	19	25.4	10.1	4.1	2.7	1.1	0.6	0.2	0.2	0.2	0	0	0	0	0	0	0	0	0	0	0	0	0	0	0
PERCENT OF POWER BY SPEED                                                       																											
	Month	0	1	2	3	4	5	6	7	8	9	10	11	12	13	14	15	16	17	18	19	20	21	22	23	24	25
	ALL	0	1.4	9.7	13.7	12.8	15.9	10.9	11.5	4.5	3.8	4.8	1.8	2.4	0.4	0.5	1.2	0.3	0.1	0.3	0.4	0.3	0.2	0	0.6	1.3	1.3
	1	0	1.4	7.7	9.3	8.2	10	9.4	12.3	4.5	4.8	9	3.7	7.4	0	1.5	1.3	1	0	0	0	0	1.2	0	0	5.3	2.1
	2	0	1.3	7.1	8.7	7.7	10.8	10	12.4	5.2	4.8	8	5	5.9	1.6	1.5	4.7	0	0	2.2	1.8	0	0	0	1.6	0	0
	3	0	1.4	9.8	13.6	11.5	15.2	11	10.6	6.3	5.6	6.2	4.2	3	0.3	0.8	0.5	0	0	0	0	0	0	0	0	0	0
	4	0	1.2	10	15.4	15.9	17.3	11.9	12.8	4.7	3.8	3.2	1	0.3	0.4	0	0	0	0	0	0.9	1	0	0	0	0	0
	5	0	0.9	7.7	13.9	15.3	20	12.2	11.4	5.4	4.3	3.5	0.8	0.4	0	0	0	0	0	0.6	0.7	0	0	0	0	3	0
	6	0	0.9	8.5	15	15.9	19.5	11.2	11.2	3.5	2.9	2.9	0.3	0.2	0	0	0.4	0	0.6	0	0	0	0	0	0	1.5	5.4
	7	0	1.6	13	19.6	18.4	20.3	8.8	8.4	2.8	2	1.7	0.5	0	0	0	0.6	0	0	0	0	0	0	0	0	0	2.5
	8	0	1.9	13.4	18.9	15.2	18.4	8.6	9.4	3.2	2.5	4.1	0.7	0.7	0	0	0	0	0	0	0	0	0	0	0	0	2.9
	9	0	1.5	10.4	13.3	11.7	16.7	14.7	14.3	5.5	2.8	2.6	1.1	0.3	0	0	0	0	0	0	0	0	1.5	0	3.7	0	0
	10	0	1.4	9	12.2	11.1	13.5	10.2	12.1	3.8	3.9	5.3	1	1.7	1.2	1.2	3.2	1.1	0	0	0	1	0	0	1.5	3.7	2.1
	11	0	2.2	12.1	13.6	11.2	14.9	12	12.6	4.1	1.8	4.6	1.1	4.9	0.5	0	2.1	0.9	0	0	1.4	0	0	0	0	0	0
	12	0	2.2	11.8	13.3	11.7	14.2	10.7	9.9	4.4	4.6	6.4	2	3.5	0.5	0	1.4	0.9	0	1	0	1.5	0	0	0	0	0
PREVAILING DIRECTION BY HOUR                                                    																											
	Month	0	1	2	3	4	5	6	7	8	9	10	11	12	13	14	15	16	17	18	19	20	21	22	23		
	ALL	360	360	360	10	360	360	360	360	360	360	360	300	300	300	300	300	300	300	290	300	300	180	360	360		
	1	360	10	30	10	40	30	360	10	10	360	20	10	10	10	10	10	360	360	10	10	10	20	360	360		
	2	360	360	10	20	360	20	360	20	360	10	10	360	10	360	10	360	360	360	360	10	360	20	360	360		
	3	360	360	10	10	360	360	360	360	360	360	360	360	360	360	360	360	360	360	360	360	360	10	360	10		
	4	360	360	350	350	360	360	10	360	360	360	350	300	300	300	300	290	300	300	290	290	300	310	360	360		
	5	180	180	190	190	180	180	180	200	300	290	300	290	290	290	300	280	280	270	270	270	180	180	190	180		
	6	210	180	180	180	180	180	200	220	300	300	300	290	290	290	290	290	270	270	270	270	270	190	190	200		
	7	190	200	190	190	210	190	210	190	300	300	290	300	300	300	270	290	280	270	280	270	280	300	200	210		
	8	180	180	180	190	170	180	180	180	360	310	300	300	290	290	300	300	300	300	280	270	300	180	180	180		
	9	180	120	340	180	190	340	180	360	360	10	360	360	360	360	300	300	300	300	300	300	180	180	180	180		
	10	350	360	360	10	360	360	360	360	360	350	360	10	360	360	360	10	360	10	360	360	350	360	360	360		
	11	40	360	30	20	10	10	360	350	10	360	360	10	360	360	360	360	10	10	20	10	350	10	360	360
	12	360	10	20	10	10	10	360	20	10	10	20	20	10	10	10	360	10	360	360	40	30	10	10	360
SPEED FOR PREVAILING DIRECTION BY HOUR                                          																									
	Month	0	1	2	3	4	5	6	7	8	9	10	11	12	13	14	15	16	17	18	19	20	21	22	23
	ALL	3.06	3.04	3.02	2.81	2.86	2.82	2.88	2.77	2.71	2.91	2.97	2.79	2.84	2.98	2.99	3.07	3.02	2.95	2.97	2.68	2.62	3.56	2.97	3.05
	1	3.2	2.97	2.76	2.7	2.63	3.29	3.64	2.76	2.76	2.81	2.74	2.77	2.56	2.92	3.08	2.83	3.12	3.37	2.64	2.97	2.87	2.91	3.13	3.42
	2	3.26	3.05	3.1	3.29	3.34	3.36	3.24	3.06	2.99	3.61	3.03	3.01	3.12	3.16	3.26	3.31	3.38	3.79	3.4	2.88	3.61	3.68	3.36	3.39
	3	3.18	3.12	3.09	3.03	3.4	3.29	2.83	2.78	3.09	3.34	2.99	3.02	3.19	3.14	3.39	3.22	3.16	3.31	3.35	2.75	3.47	3.5	3.26	3.14
	4	3	3.55	3.07	2.83	3.14	3.38	2.92	2.82	2.62	3.1	2.78	2.84	2.89	2.95	3.11	2.94	3.25	2.88	2.82	2.68	2.53	2.33	3.36	3.24
	5	2.96	3.3	3.25	3.58	3.17	2.68	2.83	3.48	2.32	2.57	2.62	3.24	3.16	3.27	3.44	3.52	3.92	3.9	3.54	3.29	4.27	3.63	2.92	3.13
	6	3.12	2.99	2.74	2.99	2.86	2.77	3.31	2.99	2.24	2.71	2.84	2.93	3.15	3.18	3.68	3.59	3.92	3.76	4	3.58	3.5	3.8	3.85	3.13
	7	2.69	3.09	2.95	2.75	3.14	2.44	2.79	2.64	2.14	2.44	2.5	2.77	3.16	3.33	3.36	3.41	3.28	3.5	3.34	3.4	2.52	2.36	3.13	3.35
	8	3.44	2.85	3.81	3.19	2.96	3.14	3.34	2.94	2.38	2.21	2.31	2.66	2.69	2.74	2.89	3.19	2.93	3.08	2.94	3.02	2.31	3.33	3.08	2.84
	9	3.86	2.15	2.63	3.1	3.78	2.65	3.25	2.31	2.4	2.53	2.67	2.98	2.88	3.25	2.3	2.89	2.68	2.62	2.57	2.52	3.39	3.44	3.54	3.32
	10	2.65	3.06	3.3	2.8	3.14	2.67	3.15	2.73	3.04	2.6	2.83	2.9	3.14	3.26	3.07	3.27	2.95	3	3.38	3.48	3.25	3.24	3.2	3.08
	11	2.49	2.9	2.95	2.87	2.68	3.11	3	2.57	2.44	2.78	2.9	2.79	2.99	2.73	2.88	2.71	3.05	2.52	2.46	2.51	2.56	2.68	2.51	2.9
	12	3.1	2.78	3.42	3.19	2.6	3.12	2.62	2.99	2.73	2.4	2.44	2.71	2.88	2.45	2.83	2.91	3.12	2.47	2.67	2.25	2.98	2.81	2.85	2.84
