METLA KATLA         AK - 703985                                                 														
 55 deg    08' N  131 deg    35' W - Elev    0m   LST=GMT+99 hours   *NT= -9    														
 02/98-09/02                                                                    														
SPEED BY YEAR                                                                   														
	Year	ALL	JAN	FEB	MAR	APR	MAY	JUN	JUL	AUG	SEP	OCT	NOV	DEC
	ALL	3.48	4.06	3.92	4.15	3.36	3.32	2.99	2.77	2.99	3.02	3.88	4.2	4.21
	1998	3.37	-1	3.5	4.58	2.68	2.83	3.01	2.87	2.76	2.88	4.06	3.9	4.16
	1999	3.36	3.63	4.75	3.7	3.55	3.64	2.79	2.58	2.58	2.4	3.68	4.54	3.54
	2000	3.49	4.01	3.28	4.21	3.74	2.99	2.76	2.94	3.02	2.96	3.63	3.78	4.55
	2001	3.89	4.25	3.82	3.85	3.13	3.88	3.24	3.26	3.61	3.94	4.16	4.59	4.6
	2002	3.3	5.28	3.96	4.56	3.02	3.33	3.15	2.58	3.2	3.1	-1	-1	-1
POWER BY YEAR                                                                   														
	Year	ALL	JAN	FEB	MAR	APR	MAY	JUN	JUL	AUG	SEP	OCT	NOV	DEC
	ALL	68	103	101	102	59	51	40	30	43	50	91	106	106
	1998	67	-1	74	125	35	40	46	36	38	47	102	97	102
	1999	66	75	157	72	73	65	34	25	35	32	82	118	76
	2000	72	105	75	99	78	37	31	35	42	46	78	99	135
	2001	81	116	94	88	49	64	35	35	63	80	101	108	111
	2002	55	150	83	134	38	51	47	26	48	37	-1	-1	-1
NUMBER OF SPEED OBSERVATIONS BY YEAR                                            														
	Year	ALL	JAN	FEB	MAR	APR	MAY	JUN	JUL	AUG	SEP	OCT	NOV	DEC
	ALL	39924	2334	2557	3144	2879	4904	4212	4487	4399	2728	2713	2783	2784
	1998	6082	0	42	378	39	732	726	708	720	689	707	696	645
	1999	9162	698	595	622	709	792	972	1004	994	690	654	711	721
	2000	8627	743	679	716	718	724	711	726	731	718	717	711	733
	2001	7447	730	683	713	717	593	521	577	321	607	635	665	685
	2002	8606	163	558	715	696	2063	1282	1472	1633	24	0	0	0
NUMBER OF SPEED OBSERVATIONS BY HOUR                                            														
	Hour	ALL	JAN	FEB	MAR	APR	MAY	JUN	JUL	AUG	SEP	OCT	NOV	DEC
	0	1664	74	90	122	125	215	189	205	186	124	112	120	102
	1	1700	113	123	144	126	197	170	182	175	114	113	114	129
	2	1624	101	110	135	113	192	167	185	167	99	113	123	119
	3	1641	83	88	110	110	210	183	203	187	135	116	114	102
	4	1659	116	126	144	124	192	156	178	171	108	102	114	128
	5	1645	98	111	129	117	205	162	174	177	106	121	121	124
	6	1607	74	88	117	118	211	174	193	187	126	110	112	97
	7	1698	118	114	142	130	193	168	183	187	106	113	116	128
	8	1662	103	110	138	129	196	174	180	179	110	109	115	119
	9	1597	74	92	106	99	197	187	201	195	114	114	120	98
	10	1703	117	115	143	128	191	177	188	183	115	115	109	122
	11	1641	92	112	137	119	193	173	167	186	100	119	118	125
	12	1644	72	89	110	114	214	198	201	199	122	113	115	97
	13	1766	117	127	146	129	216	169	182	185	120	117	123	135
	14	1663	95	110	142	135	199	167	178	188	118	106	114	111
	15	1618	73	86	109	100	219	191	194	194	116	120	114	102
	16	1701	117	121	150	127	208	164	177	179	109	109	116	124
	17	1655	102	107	130	120	190	180	181	184	101	123	113	124
	18	1684	77	94	121	118	229	193	205	191	123	111	118	104
	19	1725	117	118	150	138	209	173	174	175	110	118	118	125
	20	1619	98	112	125	100	205	169	184	182	103	109	114	118
	21	1649	80	83	123	119	213	188	202	189	131	103	114	104
	22	1737	123	119	142	135	211	176	175	184	110	117	115	130
	23	1622	100	112	129	106	199	164	195	169	108	110	113	117
	24	1664	74	90	122	125	215	189	205	186	124	112	120	102
SPEED BY HOUR                                                                   														
	Hour	ALL	JAN	FEB	MAR	APR	MAY	JUN	JUL	AUG	SEP	OCT	NOV	DEC
	0	3.03	4.42	3.64	3.97	2.85	2.78	2.6	1.98	2.45	2.38	3.57	4.2	3.97
	1	3.24	4.27	4.37	4.07	2.79	2.78	2.49	2.09	2.67	2.58	3.63	4.43	4.1
	2	3.14	4.13	3.78	3.92	2.9	2.71	2.4	2.02	2.54	2.69	3.63	4.17	4.2
	3	3.1	4.37	3.94	4.08	2.72	2.82	2.22	2.09	2.45	2.52	3.97	4.43	4.28
	4	3.14	3.74	4.01	3.8	2.72	2.68	2.4	1.96	2.6	2.63	3.81	4.46	4.13
	5	3.04	3.68	3.79	3.6	2.83	2.66	2.27	1.94	2.29	2.84	3.81	4.13	4.07
	6	3.08	4.07	3.61	4.02	3	3.03	2.39	1.99	2.36	2.68	3.9	3.94	4.25
	7	3.18	3.71	3.51	3.96	2.98	2.95	2.47	2.28	2.47	2.99	3.88	3.97	4.2
	8	3.46	3.78	4.05	3.96	3.37	3.55	2.94	2.88	2.79	3.13	3.94	4.03	4.03
	9	3.62	3.88	3.67	4.38	3.72	3.58	3.25	3.27	3.4	2.93	4.01	3.87	4.43
	10	3.83	3.97	3.88	4.39	3.91	3.72	3.33	3.5	3.53	3.66	4.47	4.06	4.07
	11	3.99	3.91	4.01	4.56	4.26	4.01	3.74	3.69	3.98	3.57	4.13	3.95	4.14
	12	4.09	4.33	4.07	4.76	4.23	4.11	3.83	3.65	3.79	4.08	4.42	4.37	4.38
	13	4.16	4.27	4.38	4.6	4.1	4.28	3.92	3.92	3.92	3.96	4.32	4.15	4.3
	14	4.15	4.53	3.94	4.59	4.27	4.34	3.87	4.04	3.91	3.73	4.2	4.27	4.3
	15	3.98	4.57	4	4.59	4.05	4.14	3.71	3.81	3.63	3.67	3.99	4.23	3.99
	16	3.92	3.87	3.94	4.61	4.03	3.94	3.57	3.71	3.53	3.49	3.8	4.36	4.3
	17	3.73	4.19	3.96	4.32	3.94	3.53	3.41	3.41	3.13	3.18	3.55	4.25	4.66
	18	3.48	4.16	3.65	4.12	3.46	3.46	3.22	3.16	2.69	2.81	3.76	4.43	4.13
	19	3.42	3.99	3.81	3.9	3.2	3.29	3.05	2.64	3.03	2.61	3.59	4.26	4.24
	20	3.29	3.78	3.99	3.85	2.86	2.88	2.9	2.37	2.94	2.61	3.8	4.24	4.4
	21	3.09	4.21	3.88	3.75	2.68	2.9	2.6	2.27	2.53	2.59	3.72	4.09	4.14
	22	3.16	3.99	3.85	3.89	2.85	2.81	2.45	2.01	2.55	2.61	3.78	4.35	4.08
	23	3.08	4.04	4.06	3.99	2.73	2.71	2.48	2.02	2.28	2.49	3.42	4.12	4.28
	24	3.03	4.42	3.64	3.97	2.85	2.78	2.6	1.98	2.45	2.38	3.57	4.2	3.97
POWER BY HOUR                                                                   														
	Hour	ALL	JAN	FEB	MAR	APR	MAY	JUN	JUL	AUG	SEP	OCT	NOV	DEC
	0	56	126	80	92	43	42	35	15	39	31	72	106	90
	1	65	108	136	96	39	40	30	18	37	38	76	127	96
	2	61	105	90	90	45	42	34	17	32	40	78	113	109
	3	63	117	111	105	37	41	23	24	37	40	109	124	118
	4	63	74	131	88	38	36	32	19	34	36	89	128	100
	5	56	70	106	77	40	33	26	18	29	37	86	106	95
	6	59	96	81	117	50	42	30	16	27	45	114	88	108
	7	58	86	86	101	46	36	25	18	32	50	90	89	97
	8	69	95	144	104	53	49	33	28	35	55	109	99	102
	9	69	104	115	114	62	49	39	37	49	58	98	94	112
	10	74	111	108	109	64	50	37	41	45	56	129	95	108
	11	78	107	90	111	137	59	53	40	61	51	89	77	101
	12	78	116	80	132	82	67	55	44	56	89	98	96	105
	13	81	129	118	117	72	72	55	54	54	71	83	87	103																									
	14	81	117	80	105	84	75	57	55	61	71	106	99	107																									
	15	75	139	105	112	68	66	53	49	54	68	93	95	87																									
	16	74	85	86	117	76	59	44	45	50	61	80	110	106																									
	17	76	119	88	108	77	55	49	38	42	62	84	112	142																									
	18	70	91	78	111	68	60	48	36	37	63	87	133	117																									
	19	67	82	84	101	57	64	43	25	52	39	79	111	91																									
	20	69	88	106	93	46	48	43	21	54	46	96	123	120																									
	21	60	116	91	92	42	46	34	21	41	31	88	105	116																									
	22	63	102	98	83	53	45	37	22	46	33	78	109	98																									
	23	62	111	113	91	44	44	32	20	35	29	69	110	120																									
	24	56	126	80	92	43	42	35	15	39	31	72	106	90																									
SPEED BY DIRECTION                                                              																																							
	Month	calm	0	10	20	30	40	50	60	70	80	90	100	110	120	130	140	150	160	170	180	190	200	210	220	230	240	250	260	270	280	290	300	310	320	330	340	350	360
	ALL	0	3.94	3.86	3.23	2.99	2.73	3.01	3.07	3.78	4.88	4.88	4.04	4.01	4.4	4.49	4.55	4.56	4.4	3.65	3.29	3.1	3.1	3.39	3.54	4.15	4.05	3.44	3.07	3.09	3.23	3.35	3.18	3.53	4.5	4.7	4.07	3.97	3.94
	1	0	5.2	5.3	3.9	2.9	2.6	2.8	3.2	4.2	5.3	4.8	3.6	4.1	4.7	4.4	5.2	5.6	5.2	3.8	3.5	3.1	3.3	4.3	4.3	5	7.1	5.7	5.5	6.4	5.7	2.7	5.4	3.2	3.7	5.8	4.2	4.8	5.2
	2	0	4.5	4.3	3.4	3.6	2.8	3	2.6	3.6	5	5.2	4.2	4.4	5.5	5.1	5.4	5.2	5	4.1	4.1	3.4	3.3	3.9	4	5.4	4.7	4.3	3.3	4	6	5	2.2	3.9	5.1	5.2	4.7	4.5	4.5
	3	0	4.8	4	3.6	3.5	3.5	4.2	4.3	4.8	5.8	5.6	4.6	4	4.5	4.8	4.5	4.9	4.5	3.5	3.5	3.1	3.3	3.7	3.8	4.7	5.1	5.2	3.7	3.8	3	2.2	3.5	3.5	4.5	6	4.8	5.4	4.8
	4	0	4.1	4.1	3	2.5	2.8	3.2	3.2	3.7	3.7	3.2	3.2	3.2	4.2	4.7	4.6	4.5	4.4	3.6	3.1	3.3	3.1	3.5	3.8	4.5	4.6	3.7	3.2	3.4	2.9	3.4	4.1	3.4	4.6	4.4	3.7	4	4.1
	5	0	3.6	4	3.6	2.9	2.6	2.8	2.7	3.3	4.3	4.3	3.8	3.7	4.1	4.2	4	4	4.3	3.8	3.3	3.2	3.1	3.3	3.7	4.2	4	3.2	2.9	2.8	2.8	3.5	3.2	4.4	4.8	4.8	4.1	3.7	3.6
	6	0	3.4	2.9	2.1	1.9	2.4	2.2	2.4	2.5	3.2	3.3	3.4	3.1	3.9	4.1	4.3	4	4	3.6	3.2	2.9	3	2.7	3.3	4	3.9	3.2	3	3	2.6	3	2.6	3.3	4.5	4.9	3.9	3.5	3.4
	7	0	3.4	2.6	2.3	2	2.1	1.9	1.8	2.2	2.6	2.3	2.2	2.5	3	2.9	3.2	3.8	3.7	3.3	2.9	2.6	2.8	3	2.9	3.8	3.9	3.3	2.6	2.6	2.9	3.2	3.4	2.7	4.2	4.4	3.9	3.3	3.4
	8	0	2.8	2.6	2	2	2.2	2	2.4	2.2	3.4	3.6	3.3	3.4	4.6	3.6	4.6	4.9	4.6	3.5	3.3	3	2.9	3	3.2	3.6	3.5	2.9	2.5	2.2	2.6	2.5	2.5	3	4.4	4.1	3.8	3.2	2.8
	9	0	3.5	3	2.8	2.6	2.6	2.1	2.3	2.3	3.3	3.2	3.1	3.1	4	3.7	4.4	4.6	4.2	3.8	3.3	3.1	2.9	3	3.3	3.8	4	3.2	2.6	2.3	2.7	2.8	1.8	2.7	3.8	4.4	4.3	4	3.5
	10	0	3.3	3.6	3.3	2.9	2.6	3	3.3	3.8	5	5.2	4.4	4.4	4.4	4.6	4.7	4.4	4.6	3.8	3.3	3.4	3.5	3.8	4	5.3	4.9	4.5	4.6	3.4	5.9	4.6	3.9	3.4	4.2	4.7	3.8	4	3.3
	11	0	4.1	3.9	3.3	3.4	3	3	3.3	4.2	5.6	6	4.9	4.7	4.4	4.5	4.7	4.5	4.5	3.5	3.4	3.6	3.5	4.7	5.2	4.9	5.5	3.8	4.1	4.2	3.6	4.2	3	3.8	6	5.5	4.6	4.5	4.1
	12	0	4.6	4.8	4.1	4	3	3	3.1	4.1	5.3	5.5	4.4	4.5	4.5	4.9	4.8	5	4.6	4	3.5	3.4	3.2	3.8	3.6	4.5	6.5	4.7	4.9	4.5	6	4.9	5.2	5.9	5.3	5.1	4.7	4.5	4.6
FREQUENCY BY DIRECTION                                                          																																							
	Month	calm	0	10	20	30	40	50	60	70	80	90	100	110	120	130	140	150	160	170	180	190	200	210	220	230	240	250	260	270	280	290	300	310	320	330	340	350	360
	ALL	12.68	2.14	2.16	1.33	1.32	1.29	1.26	1.5	2.75	4.64	5.07	3.22	2.32	2.48	2.86	4.44	6.72	8.59	6.45	4.98	3.71	2.43	1.95	1.97	2.98	5.34	2.58	1.03	0.79	0.67	0.6	0.46	0.79	1.67	2.44	2.57	2.52	2.14
	1	9.5	2.6	3.4	1.8	2.2	1.8	1.6	2.4	4.4	8	8.9	5.6	3.3	3.8	4.5	5.6	7	7.1	4.8	5.2	3.1	2.1	1.5	1.1	0.9	0.5	0.9	0.5	0.3	0.4	0.3	0.1	0.2	0.5	0.6	1	1.9	2.6
	2	12.5	3.4	3.6	2.7	2.9	2.4	2.6	2.6	3.8	8.1	8.5	6.4	4	2.7	4.1	5.2	6.6	5.5	4.2	2.9	1.7	1.3	0.8	0.9	0.8	0.9	0.7	0.3	0.5	0.5	0.6	0.2	0.8	1.1	1.6	2	3.2	3.4
	3	8.7	2.1	2.3	1.8	2	1.9	2.6	3.1	5.8	9	8.6	4.5	3	3	3.2	4.6	5.9	6.6	4.7	3.6	3.3	2	1.8	0.9	1.5	1.7	0.8	0.7	0.4	0.3	0.2	0.3	0.4	1.3	1.8	1.9	2.2	2.1
	4	13.1	2.9	2.4	1.5	1	1.4	1.2	1.8	3.8	5	5	2.9	1.8	2.2	2.8	4.4	6.6	6.4	4.7	3.2	2.2	2.4	2.3	1.9	3.1	5.4	3.9	1.2	0.7	0.7	1.1	0.4	1.2	2.6	2.9	3.5	3.4	2.9
	5	13.4	2	2	1.2	1	1.1	0.9	1	1.6	2.6	2.8	2.4	2.1	2	2.3	5.1	6.9	8.7	6.2	4.3	3.6	2.7	2	2.7	4.4	6.6	3.5	1.3	1.1	0.9	0.6	0.7	1.5	2.5	3.3	3.7	2.9	2
	6	16	1.6	1.8	0.9	1	0.7	0.6	0.8	1.6	1.4	1.8	1.6	1.3	1.6	1.9	3.5	6.5	9.8	7.3	5.5	3.9	2.6	1.7	2.5	4.7	10.4	5.1	1.8	1.4	1.2	0.9	0.7	0.9	2.1	3.8	3.2	2.3	1.6
	7	16.2	1.4	1.6	0.9	0.7	0.8	0.4	0.8	1	1.4	1.2	0.9	0.5	0.5	0.5	1.8	5	8.8	7.5	7.1	4.5	3.2	3.2	3.2	5.5	12.3	4.3	1.5	1.1	1.1	0.7	0.7	1.4	2.7	4.4	4.7	2.9	1.4
	8	17.2	2.3	1.6	0.7	1	1.1	0.9	0.4	0.9	1.5	1.5	1.3	1	1	1.2	2.9	8.3	13.6	10.5	6	4.1	2.3	2	2.1	3.2	8	3.2	1.6	1	0.8	0.9	0.9	0.8	2.3	2.9	3.3	2.9	2.3
	9	16.6	1.5	1.4	0.9	0.9	1	0.7	1.5	1.7	2.8	3.7	2.1	1.9	2.2	2.4	4.6	7.6	10.5	8.7	6.7	5.3	3.1	2	1.9	3.5	6.1	3	1.3	0.9	0.7	0.7	0.3	0.7	1.4	2.4	2.1	1.9	1.5
	10	7.8	1.8	1.5	0.9	0.8	0.9	1	1.2	2.9	5.3	5.4	3.2	2.6	3.4	4.2	5.9	8.3	9.6	7.6	6.2	5.3	3.3	3.2	2.5	2.4	2.4	1.4	0.7	0.4	0.2	0.6	0.1	0.2	0.8	1	1.1	1.7	1.8
	11	7.3	3.1	2.8	1.9	1.5	1.4	1.6	1.8	4.2	7.7	10.2	6.6	4.8	5.4	5.6	6.4	6.7	6.5	4.1	2.9	3	1.6	1	1.1	1	0.4	0.5	0.1	0.5	0.2	0.2	0.2	0.2	0.3	1	1.1	2.5	3.1
	12	6.8	1.7	2.8	1.7	1.7	1.8	2.1	2.2	4.1	8.6	9.7	4.9	3.7	4.2	4.5	5.6	5.6	7.1	4.8	5.1	3.8	1.8	1.2	1	1.6	1.2	0.8	0.3	0.6	0.3	0.2	0.5	0.4	0.9	0.9	0.7	1.8	1.7
FREQUENCY OF SPEED                                                              																																							
	Month	0	1	2	3	4	5	6	7	8	9	10	11	12	13	14	15	16	17	18	19	20	21	22	23	24	25												
	ALL	12.7	10.6	20.2	17.9	14.2	10.2	6.2	3.7	2.2	1.2	0.6	0.3	0.1	0.1	0	0	0	0	0	0	0	0	0	0	0	0												
	1	9.5	9.6	20.1	12.9	13.4	11.1	8.9	5.3	4.6	2.4	1.1	0.7	0.2	0.3	0	0	0	0	0	0	0	0	0	0	0	0												
	2	12.5	10.8	17.1	14	12	10.5	8.8	5.6	3.9	2.4	1.3	0.5	0.2	0.2	0	0	0	0	0	0	0	0	0	0	0	0												
	3	8.7	8.6	17.4	16	14.3	10.8	8.8	6.9	3.9	2.6	1.3	0.6	0.1	0	0	0	0	0	0	0	0	0	0	0	0	0												
	4	13.1	11.1	19	18	15.9	11.6	5.5	2.8	1.6	0.8	0.3	0.2	0.1	0	0	0	0	0	0	0	0	0	0	0	0	0
	5	13.4	9.7	18.6	19.5	16.7	11.7	5.9	2.6	1.2	0.3	0.2	0.1	0	0	0	0	0	0	0	0	0	0	0	0	0	0
	6	16	11	22.1	19.3	14.8	9.1	4.6	2.1	0.8	0.1	0.1	0	0	0	0	0	0	0	0	0	0	0	0	0	0	0
	7	16.2	12.5	22.9	21.8	14.3	8	3	0.8	0.1	0.1	0	0	0	0	0	0	0	0	0	0	0	0	0	0	0	0
	8	17.2	11.8	21.5	18.3	13.8	8.7	4.7	2.5	1.1	0.3	0.2	0.1	0	0	0	0	0	0	0	0	0	0	0	0	0	0
	9	16.6	14.4	20	18.6	12.6	7.8	4.9	2.3	1.4	0.6	0.3	0.1	0.1	0	0.1	0	0	0	0	0	0	0	0	0	0	0
	10	7.8	10.3	22.5	18.1	11.8	10	6.9	5.3	3	2.1	1.1	0.7	0.2	0.2	0	0	0	0	0	0	0	0	0	0	0	0
	11	7.3	8.5	18.4	16.4	13.9	12.5	8.3	6.3	3.7	2.2	1.1	0.7	0.3	0.1	0.2	0	0	0	0	0	0	0	0	0	0	0
	12	6.8	7.8	20.2	15.9	13.9	11.6	8.9	5.8	4.4	2.3	1.5	0.6	0.2	0.1	0.1	0	0	0	0	0	0	0	0	0	0	0
PERCENT OF POWER BY SPEED                                                       																											
	Month	0	1	2	3	4	5	6	7	8	9	10	11	12	13	14	15	16	17	18	19	20	21	22	23	24	25
	ALL	0	0.3	2.5	6.3	10.7	14.6	15.3	14.1	11.9	9.2	6.4	4.1	1.8	1.4	0.7	0.3	0	0.1	0	0	0	0	0.3	0	0	0
	1	0	0.2	1.6	3	6.8	10.8	14.7	13.5	16.7	13	7.9	6	2	3.7	0	0	0	0	0	0	0	0	0	0	0	0
	2	0	0.2	1.4	3.4	6.3	10.4	14.6	14.6	14.3	13	9.3	5	2.4	3.1	0	1	0	1.2	0	0	0	0	0	0	0	0
	3	0	0.2	1.5	3.8	7.4	10.5	14.6	17.8	14.4	13.7	9.4	5.4	1.2	0	0	0	0	0	0	0	0	0	0	0	0	0
	4	0	0.4	2.6	7.2	13.9	19.5	15.3	12.3	10	7	3.5	2.8	1.5	0	0	0	0	0	0	0	0	0	4	0	0	0
	5	0	0.4	3.1	9.2	17	22.3	19.3	13	8.6	3.4	2.6	1.1	0	0	0	0	0	0	0	0	0	0	0	0	0	0
	6	0	0.6	4.6	11.5	18.9	22.1	18.8	13.2	7.2	1.7	1.2	0	0	0	0	0	0	0	0	0	0	0	0	0	0	0
	7	0	0.9	6.3	17	23.6	25	16.1	6.6	1.6	2.2	0	0.7	0	0	0	0	0	0	0	0	0	0	0	0	0	0
	8	0	0.6	4.1	9.9	15.5	18.9	17.4	14.6	9.3	3.8	2.6	1.4	1.2	0.8	0	0	0	0	0	0	0	0	0	0	0	0
	9	0	0.6	3.2	8.8	12.8	15.1	15.7	12	10.1	6.3	4.6	2.7	3.6	0	2.7	1.8	0	0	0	0	0	0	0	0	0	0
	10	0	0.2	2.1	4.8	6.6	10.7	12.7	15	12.1	12.2	8.8	7.3	2.9	3.8	0	0.9	0	0	0	0	0	0	0	0	0	0
	11	0	0.2	1.5	3.8	6.9	11.6	13.3	15.3	13.3	11.1	7.8	6	3.3	2	3.9	0	0	0	0	0	0	0	0	0	0	0
	12	0	0.2	1.6	3.6	6.9	10.8	14.1	14.3	15.4	11.9	10.3	5.5	2.1	1.1	1.4	0.8	0	0	0	0	0	0	0	0	0	0
PREVAILING DIRECTION BY HOUR                                                    																											
	Month	0	1	2	3	4	5	6	7	8	9	10	11	12	13	14	15	16	17	18	19	20	21	22	23	24	
	ALL	160	160	160	160	160	160	160	160	160	160	240	240	240	240	240	240	160	160	160	170	160	170	150	160	160	
	1	90	90	80	70	160	150	80	160	150	140	160	150	90	100	80	90	90	90	90	90	150	100	150	80	90	
	2	90	90	150	90	100	90	140	80	80	80	80	80	350	160	150	80	90	160	90	90	90	140	70	80	90	
	3	90	80	80	90	80	80	80	80	80	80	80	90	90	70	80	80	70	160	150	80	90	150	150	90	90	
	4	90	80	90	90	150	100	90	130	350	160	240	240	240	240	240	240	160	240	160	150	90	80	80	170	90	
	5	160	160	160	160	160	150	150	150	140	240	240	240	240	240	240	240	230	180	160	160	160	150	160	160	160	
	6	160	160	160	150	160	160	150	160	250	240	240	240	240	240	240	240	240	240	160	170	150	180	160	160	160
	7	160	160	170	160	150	180	340	170	330	240	240	240	240	240	240	240	240	240	240	180	160	170	180	340	160
	8	150	160	170	170	150	160	160	160	160	160	240	240	240	240	240	240	160	160	160	170	160	170	150	170	150
	9	90	150	160	160	160	160	160	160	160	160	240	240	240	240	240	240	160	170	150	150	150	160	170	90	90
	10	80	150	150	90	150	160	90	160	90	150	160	160	160	190	170	170	150	170	160	160	160	170	150	140	80
	11	90	90	90	90	150	90	80	140	140	100	80	90	90	90	90	80	90	80	90	90	90	90	80	150	90
	12	80	90	90	80	90	80	90	90	90	120	80	90	140	90	160	80	90	90	90	80	130	80	100	80	80
SPEED FOR PREVAILING DIRECTION BY HOUR                                          																										
	Month	0	1	2	3	4	5	6	7	8	9	10	11	12	13	14	15	16	17	18	19	20	21	22	23	24
	ALL	3.82	4.23	4.07	4.15	4.49	4.47	4.3	4.48	4.48	4.71	3.71	3.95	4.18	4.3	4.46	4.09	4.53	4.32	4.2	3.5	3.8	3.08	4.26	4.03	3.82
	1	5.96	4.64	3.95	3.66	4.99	5.43	5.5	4.36	4.8	4.86	4.79	6.25	5.37	4.22	5.79	5.66	5.14	5.14	5.35	4.15	5.37	4.41	5.89	6.42	5.96
	2	4.37	4.55	5.53	4.62	4.22	5.23	4.75	5.09	4.4	3.99	6.39	5.23	4.74	6.17	4.88	6.88	4.87	4.8	5.15	5.75	4.94	5.1	2.62	5.37	4.37
	3	5.11	6.11	6.57	6.19	6.77	5.85	5.84	5.52	6.28	5.56	6.02	6.08	5.97	5.55	5.82	5.35	5.42	3.88	5.93	5.59	4.08	4.67	4.32	4.12	5.11
	4	2.7	2.51	3.42	3.19	3.94	2.51	3.41	3.53	3.27	5.42	3.95	4.57	4.05	4.12	5.03	4.72	5.94	4.7	4.92	5.15	3.1	2.35	3	3.97	2.7
	5	3.84	4.46	3.97	4.06	4.29	3.81	4.07	4.3	4.46	3.42	3.74	3.92	4.19	4.54	4.54	4.09	3.8	3.99	4.59	3.56	3.76	4	4.03	4.93	3.84
	6	4.12	3.67	4.01	3.52	4.08	3.86	3.45	3.97	2.44	3.74	3.87	4.13	4.21	4.73	4.63	3.91	3.67	3.63	4.22	3.57	4.92	2.84	3.48	4.49	4.12
	7	2.87	3.61	2.83	2.74	3.65	2.85	3.64	3.24	3.36	3.65	3.84	3.94	4.07	4.35	4.34	4.19	3.99	3.67	3.39	2.38	2.97	2.56	2.02	3.37	2.87
	8	5.2	5.02	3.54	3.43	4.23	4.05	4.13	5.41	4.16	5.44	3.41	3.25	4.33	4	4.04	3.71	4.32	4.41	3.96	3.79	4.03	2.34	5.03	3.56	5.2
	9	2.7	3.86	3.93	4.32	4.42	4.04	4.44	4.79	4.69	3.83	2.95	3.56	4.18	3.84	4.37	3.98	3.4	3.96	5.35	3.96	5.08	3.84	3.25	2.38	2.7
	10	4.62	3.27	4.59	6.4	4.67	5.62	5.33	4.65	5.35	3.73	5.92	5.34	5.62	3.61	4.82	3.75	5.32	2.77	3.78	3.77	3.77	4.41	4.12	4.65	4.62
	11	5.59	6.06	5.8	7.95	6.18	5.94	4.93	4.73	5.05	4.49	5.93	5.1	6.31	5.56	4.56	5.81	5.99	5.31	6.94	6.29	5.14	6.95	5.43	5.33	5.59
	12	6.28	4.69	5.48	6.99	5.31	4.51	5.21	6.03	6.46	3.88	5.37	5.66	4.18	6.38	4.8	4.47	5.27	6.54	5.3	5.04	5.86	4.78	3.38	5.73	6.28
