MIDDLETON ISL. AMOS AK - 703431                                                 														
 59 deg    26' N  146 deg    20' W - Elev   14m   LST=GMT+99 hours   *NT=-10    														
 01/73-11/77                                                                    							Adjusted to Alaska Timezone (GMT-9)							
SPEED BY YEAR                                                                   														
	Year	ALL	JAN	FEB	MAR	APR	MAY	JUN	JUL	AUG	SEP	OCT	NOV	DEC
	ALL	6.1	6.69	7.54	6.38	6.39	6.01	4.29	3.97	4.57	5.83	7.03	7.26	8.19
	1973	5.75	7.38	5.68	6.24	5.76	7.38	4.91	3.85	4.45	4.88	6.07	6.27	7.39
	1974	5.98	2.23	8.09	6.68	6.44	5.27	4.28	3.75	4.71	6.13	8.5	8.64	7.74
	1975	6.17	8.34	8.62	6.11	5.33	6.38	4.8	4.25	4.8	5.74	6.74	6.52	14.2
	1976	6.52	7.46	6.23	6.7	6.72	6.14	4.52	3.77	4.28	7.18	6.18	8.97	9.23
	1977	5.98	8.29	8.47	6.15	7.22	5.49	3.46	4.17	4.49	4.87	7.73	5.42	-1
POWER BY YEAR                                                                   														
	Year	ALL	JAN	FEB	MAR	APR	MAY	JUN	JUL	AUG	SEP	OCT	NOV	DEC
	ALL	369	551	577	380	409	269	102	83	136	287	506	607	671
	1973	324	523	276	406	337	418	144	87	126	184	366	536	579
	1974	358	82	563	460	393	187	97	77	131	247	787	833	555
	1975	377	783	1013	361	234	282	129	99	147	304	341	421	2154
	1976	419	615	280	359	464	288	116	67	166	490	384	887	841
	1977	355	724	658	346	549	230	56	84	122	168	674	284	-1
NUMBER OF SPEED OBSERVATIONS BY YEAR                                            														
	Year	ALL	JAN	FEB	MAR	APR	MAY	JUN	JUL	AUG	SEP	OCT	NOV	DEC
	ALL	33880	2698	2621	3015	2488	2938	2622	3264	2976	3185	3433	2649	1991
	1973	5855	287	305	404	336	384	426	609	621	621	647	562	653
	1974	6824	605	459	523	567	595	586	547	565	656	617	475	629
	1975	6540	574	571	622	414	525	426	648	709	688	701	650	12
	1976	7609	489	674	723	695	695	473	742	391	700	724	606	697
	1977	7052	743	612	743	476	739	711	718	690	520	744	356	0
NUMBER OF SPEED OBSERVATIONS BY HOUR                                            														
	Hour	ALL	JAN	FEB	MAR	APR	MAY	JUN	JUL	AUG	SEP	OCT	NOV	DEC
	0	1439	110	109	129	111	128	114	137	119	137	143	117	85
	1	1421	110	109	123	109	121	113	139	122	137	144	111	83
	2	1430	107	113	133	101	128	118	141	125	132	138	114	80
	3	1370	105	106	119	93	111	108	133	125	132	147	111	80
	4	1433	109	109	130	110	133	115	134	121	129	145	113	85
	5	1412	106	108	126	111	129	117	136	122	134	138	104	81
	6	1411	107	111	121	103	129	113	137	124	133	137	109	87
	7	1395	107	105	117	104	124	113	137	126	132	140	105	85
	8	1393	109	104	123	98	122	111	142	123	132	141	106	82
	9	1336	101	111	107	97	112	88	130	132	131	143	107	77
	10	1418	110	106	129	97	127	105	142	126	132	144	112	88
	11	1425	114	113	122	105	122	106	136	125	132	145	118	87
	12	1422	118	109	129	99	118	111	135	130	133	147	111	82
	13	1446	118	107	126	104	128	117	142	130	137	144	111	82
	14	1420	119	114	129	109	124	103	138	121	133	148	102	80
	15	1231	111	94	112	80	90	77	111	115	121	138	104	78
	16	1425	113	112	133	111	121	105	135	125	135	144	111	80
	17	1430	121	109	124	108	128	116	138	119	131	146	107	83
	18	1419	122	104	124	104	119	108	135	129	133	142	115	84
	19	1462	117	109	140	112	130	115	137	126	133	143	111	89
	20	1439	117	119	131	101	119	118	135	124	132	147	110	86
	21	1410	111	116	126	101	121	104	139	124	133	139	116	80
	22	1455	123	118	135	106	125	113	136	127	133	144	111	84
	23	1438	113	106	127	114	129	114	139	116	138	146	113	83

SPEED BY HOUR                                                                   														
	Hour	ALL	JAN	FEB	MAR	APR	MAY	JUN	JUL	AUG	SEP	OCT	NOV	DEC
	0	5.94	6.71	7.7	6.48	6.13	5.63	3.93	3.45	4.52	5.72	6.81	7.2	7.99
	1	5.92	6.93	7.54	6.21	6.35	5.67	3.89	3.44	4.47	5.58	6.9	7.28	8
	2	5.97	6.9	7.72	6.25	6.44	5.76	4.06	3.44	4.48	5.67	6.75	7.48	8.22
	3	5.96	6.34	7.66	6.51	6.36	5.46	3.86	3.53	4.23	5.78	7.02	7.8	8
	4	5.9	6.16	7.66	6.24	6.06	5.82	3.9	3.54	4.3	5.59	6.65	7.54	8.45
	5	5.94	6.72	7.73	6.6	6.07	5.74	4.15	3.45	4.29	5.63	6.77	7.28	8.36
	6	6.05	6.64	7.97	6.76	5.85	5.68	4.07	3.54	4.32	5.77	6.82	7.58	8.91
	7	5.97	6.68	7.94	6.38	5.51	5.96	4.31	3.75	4.19	5.68	6.75	7.01	8.94
	8	6.1	6.42	7.34	6.64	6.1	6	4.41	3.97	4.31	5.75	7.05	7.6	9.05
	9	6.16	6.63	7.3	6.55	6.38	6.03	4.31	4.2	4.61	5.85	7.19	7.19	8.57
	10	6.28	6.49	7.85	6.34	6.37	6.37	4.84	4.3	4.77	5.96	7.09	7.52	8.48
	11	6.31	6.94	7.6	6.36	6.45	6.3	4.73	4.38	4.63	5.99	7.33	7.57	7.97
	12	6.34	6.7	7.76	6.5	6.54	6.32	4.8	4.78	4.97	6.22	7.25	7.32	7.53
	13	6.35	6.97	7.44	6.37	6.59	6.35	4.97	4.66	5.06	6.27	7.31	7.12	8.02
	14	6.28	6.78	7.32	6.21	6.34	6.36	4.88	4.62	5.15	6.18	7.44	6.94	7.56
	15	6.37	6.62	7.39	6.42	6.81	6.85	4.88	4.57	4.92	6.15	7.32	6.71	8.14
	16	6.2	6.5	7.28	6.21	6.68	6.56	4.83	4.47	4.77	5.81	7.16	6.86	7.99
	17	6.21	6.83	7.6	6.13	6.81	6.35	4.64	4.45	4.78	5.88	7	7.02	7.82
	18	6.12	6.68	7.45	6.06	6.88	6.06	4.31	4.33	4.7	5.68	7.1	6.9	8.27
	19	6.01	6.87	6.6	6.18	6.83	5.94	4.24	3.97	4.38	5.69	7.3	6.88	8.04
	20	5.93	6.85	7.29	6.22	6.15	5.78	3.99	3.74	4.44	5.74	6.95	7.05	7.67
	21	5.98	6.73	7.75	6.56	6.58	5.63	3.83	3.48	4.29	5.77	6.69	7.29	8.2
	22	6.03	6.72	7.56	6.56	6.59	5.89	3.68	3.65	4.35	5.74	6.9	7.45	8.1
	23	6.04	6.73	7.43	6.41	6.54	5.82	3.77	3.57	4.8	5.76	7.04	7.51	8.12

POWER BY HOUR                                                                   														
	Hour	ALL	JAN	FEB	MAR	APR	MAY	JUN	JUL	AUG	SEP	OCT	NOV	DEC
	0	357	601	557	401	413	247	79	60	142	288	442	580	632
	1	347	626	579	319	441	273	80	60	136	254	457	553	548
	2	362	661	637	389	427	270	87	62	114	274	417	595	627
	3	361	550	599	435	411	230	77	63	111	276	450	663	634
	4	346	548	577	346	353	270	77	68	112	277	452	612	607
	5	350	541	592	403	353	260	130	68	119	297	445	495	710
	6	363	545	638	436	319	256	93	69	123	299	482	614	654
	7	369	538	690	406	275	280	133	80	129	288	443	517	916
	8	367	519	481	381	318	291	101	93	139	280	531	631	872
	9	376	480	455	408	397	255	97	98	161	308	567	631	795
	10	389	497	667	380	370	278	137	96	155	285	535	671	786
	11	401	626	595	419	370	315	115	99	130	265	575	725	671
	12	383	518	600	397	369	287	117	118	172	317	576	621	600
	13	387	546	612	411	377	302	136	111	190	309	529	580	747																									
	14	371	525	558	381	325	299	125	105	173	290	547	599	631																									
	15	384	539	573	391	422	297	119	107	140	317	563	474	672																									
	16	384	509	590	347	420	290	130	97	132	270	619	615	737																									
	17	378	567	621	321	461	282	116	102	134	290	521	639	628																									
	18	366	544	562	290	482	259	99	90	128	282	527	620	651																									
	19	353	543	373	351	529	237	101	77	117	265	572	562	637																									
	20	356	598	559	328	428	227	81	72	124	309	509	595	543																									
	21	379	578	636	411	558	229	78	62	119	304	415	682	650																									
	22	368	526	556	398	518	271	73	71	132	278	474	644	614																									
	23	357	501	542	384	460	256	73	60	133	280	507	633	592																									

SPEED BY DIRECTION                                                              																																							
	Month	calm	0	10	20	30	40	50	60	70	80	90	100	110	120	130	140	150	160	170	180	190	200	210	220	230	240	250	260	270	280	290	300	310	320	330	340	350	360
	ALL	0	5.13	4.77	4.42	4.82	4.92	5	5.36	5.99	6.9	7.13	7.8	7.99	7.74	6.92	6.95	5.9	5.58	4.96	4.68	4.7	5.17	4	4.06	4.69	4.72	5.09	5.73	5.51	5.87	5.33	4.98	5.32	5.38	6.47	6.57	4.44	5.13
	1	0	3.1	5.4	4.5	5.1	4.6	3.6	5.8	6.1	4.7	7	9.7	9.1	9.3	7.6	8.3	6.5	5.9	5.7	5.6	6	5.9	5.4	5.8	4.9	6.6	6.7	8.2	5	7.2	6.3	3.4	5.8	4.4	8.3	8.6	6	3.1
	2	0	6.2	5.6	6.2	5.9	6.4	7.1	6.4	6.6	7.8	9.2	10	10	9.8	9.5	8	7.3	6.6	6	5.3	5.1	4.1	4	4.2	6.5	7.6	6.8	7.6	7.6	6.9	6.4	5.6	7.7	7.2	7.1	4	4.1	6.2
	3	0	6.5	6.7	5.2	4.4	4.3	5	4.8	6.9	7.6	7.5	6.6	8.9	7.7	6.8	6.2	6.1	5.2	4.9	5	4.1	5.4	5	4.6	5.1	5.5	6.2	5.8	6.9	7.7	8.7	5.4	6.4	6.2	7.3	5.4	3.8	6.5
	4	0	4.4	4.8	4	5.3	3.7	4.5	5	5.1	7.2	7	8.7	8	8.4	7.5	7.1	5.2	5.9	5.3	5.3	4.4	4.8	4.9	4.2	3.7	3.3	3.9	8.9	6	5.6	5.1	5.4	6.1	6.5	5.4	6.2	4.8	4.4
	5	0	3.6	2.3	3.3	3.1	3.6	5.2	6.7	5.7	6.8	7.3	7.4	8.7	6	6.8	6	6.1	4.4	4.1	3.3	3.2	6.7	3	2.8	3.3	3.5	5	5.6	5.7	5.5	4.7	4.5	3.7	3.8	3.4	2.7	2.5	3.6
	6	0	3	4.2	4.6	3.3	3.4	3.6	4.5	4	5.5	5.2	5.5	5.4	4.6	4.6	4	3.1	3.4	3.5	2.4	3.4	2.1	2.6	2.6	3.1	4.2	5.2	5.3	4.3	4.2	3.9	3.7	3	2.3	2.1	3.1	2.3	3
	7	0	1.7	1.4	1.7	2.5	2.1	3.4	3.9	4.3	4.7	4.4	5	4.4	4.2	4.1	3.3	2.5	2.8	2.6	2.4	3.5	2.5	2.2	2.5	2.7	3.2	3.7	4.6	4.8	4.5	3.5	3.3	2.3	2.6	1.9	1.9	2.4	1.7
	8	0	3.8	2.2	2.5	3.6	3.7	3.6	3.8	5.1	6.1	5.4	6.2	5.7	5.7	3.6	3.7	4.4	4.1	3.2	2.9	5.3	2.5	2.4	2.7	3.1	3.4	3.9	4.5	4.2	5.2	4.5	4.9	3.4	4.2	7.9	4.4	2.5	3.8
	9	0	2.9	3.6	3.6	4.9	4.5	4.3	4.5	7.1	7.1	8.6	7.1	7.7	7.2	6.3	7.5	5.9	5.5	4.6	4.6	4.6	4.2	3.9	3.9	4.5	4.1	4.9	5.1	4.6	4.4	4.6	5	4.5	4.9	4.5	5.2	4.7	2.9
	10	0	5.5	4.6	4.7	4.1	5.6	4.4	6.9	8.2	9.4	9.1	8.6	9	9.4	7.5	7.6	7.7	7	5.7	4.8	4.5	4.4	4	4.3	4.7	5.7	5.6	5.3	7.5	5.5	6.9	7.4	4.2	4.2	8.5	10	6.5	5.5
	11	0	9.1	8.5	4.4	5.6	5.6	5.4	6	7.2	9.1	8.7	9	9.4	9.2	7.4	9.6	7.6	6.9	6	5.5	5.1	4.6	4.6	4.9	5.4	3.9	6.3	6.3	7.3	7.3	7.3	6.7	7.2	7.4	8.1	7	5.6	9.1
	12	0	6.3	6.1	5.8	3.6	6.1	5.9	5.2	6.2	8.7	8.7	12.2	10.3	11.8	9.8	9.3	6.5	7	6.2	5.8	5	6	6	5.1	6.1	6.3	6.4	9.3	7.9	9.9	7.6	6.4	7	6.2	5	7.3	3.8	6.3
FREQUENCY BY DIRECTION                                                          																																							
	Month	calm	0	10	20	30	40	50	60	70	80	90	100	110	120	130	140	150	160	170	180	190	200	210	220	230	240	250	260	270	280	290	300	310	320	330	340	350	360
	ALL	2.97	1.72	0.7	0.87	1.22	2.2	2.92	2.3	2.56	4.69	6.06	6.93	6.86	5.7	3.78	5.21	3.57	3.13	2.55	1.87	3.06	2.38	1.14	1.36	1.8	1.49	2.09	3.18	4.52	3.6	3.01	1.94	1.23	1.03	1.11	1.51	0.7	1.72
	1	15.4	1.6	1.1	2	3.6	5.9	3.7	1.8	2.4	7.1	6.6	7.6	7.8	7.2	3.6	3	3.4	2.5	1.6	1.7	2	0.7	1.1	1.1	1.4	0.9	1	0.9	1.9	4.1	2.4	1.3	1.4	0.6	1.1	3.5	0.4	1.6
	2	1.4	0.8	0.9	1.6	2	3.5	5.3	3.5	2.9	3	7.5	7.3	6.1	4.4	5.5	4.1	4.7	2.8	3.3	2.7	3.1	0.6	0.6	1	2.6	0.9	0.9	2.4	3.7	2.3	1.9	1.5	1.5	1.6	1.1	1.7	0.5	0.8
	3	2.6	2.8	0.9	1	2.1	2.2	4.1	3.8	2.7	3.7	4	4.8	7.7	5	2.9	6.2	2.7	3.1	1.8	1.7	1.9	0.8	1	1.4	2.8	2.2	2.8	2.1	4.3	4.8	1.8	1.2	1.9	1.7	2.4	2.5	1.2	2.8
	4	2.5	1.7	0.5	0.8	1.2	0.9	3.5	1.9	1.7	4.1	5.2	9.4	8.5	8	5.1	5.2	4	3.9	4.2	1.9	2.6	5.2	1	1.2	0.8	0.8	0.8	1	2.1	1.9	2.2	1	1.2	1.7	1.4	2.2	1	1.7
	5	0.7	1	0.3	0.5	0.4	0.9	2.6	2.1	3.2	3.2	6.8	7.8	10.4	5	3.5	3.2	2.9	2.4	3.3	1.1	1.3	10.3	1	1.1	1.2	0.9	2.4	5	5.5	3.2	3	1.7	0.8	0.6	0.7	0.5	0.3	1
	6	1.3	1	0.5	0.7	0.7	1.7	1.1	2.1	3.6	4.8	7.6	5.8	6.1	4.2	2.9	4.4	3.8	3.2	1.6	1.4	2.5	1	0.7	1	1.4	2	4.7	5.8	7.6	5.5	4.1	2.7	1.2	0.8	0.8	0.5	0.7	1
	7	2.4	1.1	0.6	0.5	0.3	0.8	1.5	1.8	3.4	7.1	10.1	10.8	7.4	5.4	4.2	3.8	2.3	1.4	1.7	1.1	2	1.3	1.2	1	1	1.5	2.4	3.8	8	4.7	2.9	2.2	0.7	0.6	0.6	0.5	0.5	1.1
	8	2.3	2.1	0.7	0.6	0.4	0.8	0.6	2.3	1.8	2.3	3.5	6	4	6.9	2.7	3.8	2.7	2.5	1.2	0.8	8.7	1.7	1.2	1.1	1.4	1.7	3.7	5.3	9.3	6.1	5.5	3.5	1.1	1.1	0.8	1.1	0.6	2.1
	9	1.5	1.5	0.9	0.5	0.5	0.6	2.3	1	2.2	5.2	4.3	6	8.3	5.4	3.2	8.8	4.6	4.6	3.2	2	2.7	2.1	1.1	1.8	1.7	2	2	3.2	2.8	3.2	4.7	3	1.4	0.9	0.8	0.9	0.5	1.5
	10	1.5	2.6	0.7	1.1	0.9	2.8	2.3	2	2.6	6.9	5.8	5.5	5.2	5.1	3.5	5.2	4.3	4	3	2.6	3.3	1.5	1.7	2.1	3.1	1.4	1.3	3.3	2.6	1.7	3.2	1.5	0.9	0.8	1.7	2.4	1.6	2.6
	11	2.4	3.3	0.9	0.9	2.4	5.8	6.2	2.7	2.2	3.6	5.9	4.9	4.5	5.7	4.2	7.4	3.4	3.6	2.9	3.2	2.6	1.6	1.2	1.9	1.7	1.1	0.8	1.5	1.5	2.6	2	1.6	1.7	1.2	1.2	1.2	0.5	3.3
	12	2.6	0.5	0.1	0.2	0.4	0.8	2.3	3	1.6	4.5	5.5	7.7	6	6.9	4.7	8	4.3	3.8	3	2.4	4.1	1.9	1.8	1.7	2.6	2.7	2.3	3.4	4.2	2.7	1.5	2	0.9	0.8	0.6	1.2	0.3	0.5
FREQUENCY OF SPEED                                                              																																							
	Month	0	1	2	3	4	5	6	7	8	9	10	11	12	13	14	15	16	17	18	19	20	21	22	23	24	25												
	ALL	3	6.7	11.4	13.1	11.8	10.5	9.3	7.7	5.9	4.9	3.6	2.9	2.3	1.9	1.5	1.3	0.8	0.3	0.4	0.3	0.2	0.1	0.1	0.1	0	0												
	1	15.4	4.9	6.7	7.2	6.7	7.5	7.3	7.6	5.9	6.1	5.2	4.4	2.9	3.1	2.5	2	1.7	0.8	0.7	0.6	0.3	0.2	0.2	0.2	0	0.1												
	2	1.4	3.6	7.3	9	9.8	9.2	10	8.9	7.6	7.2	5.6	4.3	4.2	3.9	2.1	2.4	1.1	0.2	0.5	0.4	0.4	0	0.5	0.3	0.1	0.1												
	3	2.6	6.4	9.9	11.6	11.4	9.2	9.6	9	6.8	6.1	4.6	3.5	2.8	2.1	1.6	0.7	0.7	0.2	0.5	0.4	0.1	0.1	0	0	0	0												
	4	2.5	6.5	10.3	11.6	11.9	11.1	7.9	8.5	6.7	5.6	3.6	3.4	2.9	1.8	1.5	1.8	0.9	0.4	0.4	0.4	0.4	0.1	0.1	0	0	0
	5	0.7	4.5	9.2	14.3	13.5	13	11.4	8.9	7.9	5.4	3.6	2.5	1.5	1.2	0.9	0.8	0.5	0.1	0.1	0	0	0	0	0	0	0
	6	1.3	9.9	19.1	18.6	15.8	11.9	10	6.1	3.7	1.4	0.9	0.6	0.4	0.2	0	0	0	0	0	0	0.1	0	0	0	0	0
	7	2.4	12.6	20.1	20	15.5	10.5	7.3	5.4	2.9	1.8	0.7	0.4	0.2	0.2	0	0	0	0	0	0	0	0	0	0	0	0
	8	2.3	9.5	17.2	18.6	13.6	12	9.7	6.6	3.9	2.3	1.3	0.9	0.6	0.6	0.4	0.2	0	0.1	0.1	0	0	0	0	0	0	0
	9	1.5	6.8	12	13.3	11.5	12.5	11	8.6	6.6	4.3	2.9	2.4	1.5	1.3	1.3	1	0.7	0.3	0.3	0.1	0	0	0	0	0	0
	10	1.5	5.4	8.6	10.9	10.8	10.3	9	8	6.7	6.1	5.1	4.5	2.7	2.4	2.2	2	0.9	0.3	0.7	0.6	0.3	0.4	0.1	0.3	0.1	0.1
	11	2.4	5.5	8.9	10.8	10.4	10.1	8.4	7.4	5.1	5.1	4.3	4.2	3.8	2.9	3.2	2.2	2	0.4	0.6	0.7	0.3	0.3	0.3	0.4	0.2	0.1
	12	2.6	2.9	4	8.7	8.7	8.1	9.4	7.5	8.3	8.9	6.2	4.9	4.9	3.8	2.7	3.1	1.7	0.5	0.9	0.6	0.5	0.5	0.4	0	0.1	0.1
PERCENT OF POWER BY SPEED                                                       																											
	Month	0	1	2	3	4	5	6	7	8	9	10	11	12	13	14	15	16	17	18	19	20	21	22	23	24	25
	ALL	0	0	0.2	0.8	1.7	2.7	4	5.4	6.1	7	7	7.6	7.5	7.7	7.9	8.1	6.2	2.3	3.9	3.6	2.6	2	2.2	1.9	0.8	0.8
	1	0	0	0.1	0.3	0.6	1.3	2.1	3.6	4	5.9	6.9	7.8	6.5	8.7	8.8	8.5	8.7	4.8	5.1	4.8	2.4	2	2.8	2.6	0	1.4
	2	0	0	0.1	0.4	0.9	1.5	2.9	4	5	6.7	7	7.1	8.8	10.2	6.9	10	5.3	0.9	3	3	3.7	0.4	5.9	3.7	1.2	1.4
	3	0	0	0.2	0.7	1.6	2.4	4.1	6.2	6.9	8.5	8.7	9	9.2	8.4	8.2	4.1	5.6	1.7	5.4	4.3	1.8	2.1	0	0	0.8	0
	4	0	0	0.2	0.7	1.5	2.6	3.1	5.5	6.1	7.1	6.5	8.1	8.8	6.8	7.4	10.4	6.2	3	3.6	4.4	4.6	1.2	2	0	0	0
	5	0	0	0.3	1.2	2.6	4.7	6.8	8.5	11.2	10.6	9.6	8.9	6.9	6.8	6.3	7.3	5.4	1.3	1	0.5	0	0	0	0	0	0
	6	0	0.2	1.4	4.1	7.9	11	15.4	15.4	13.5	7.2	6.2	6	4.8	2.2	0.8	0	0	0	0	0	3.9	0	0	0	0	0
	7	0	0.2	1.8	5.5	9.5	12	13.9	16.6	12.9	11.1	6.3	4.1	3.4	2.7	0	0	0	0	0	0	0	0	0	0	0	0
	8	0	0.1	1	3.1	5.1	8.2	11.1	12.3	10.5	8.9	7	6.1	5.3	6.2	6.2	3.5	0	2.4	1.9	1	0	0	0	0	0	0
	9	0	0	0.3	1	2.1	4.2	6	7.7	8.4	7.7	7.1	7.8	6.2	7.1	8.9	8.6	7.1	3.6	4.4	1.9	0	0	0	0	0	0
	10	0	0	0.1	0.5	1.1	2	2.9	4	4.9	6.3	7	8.2	6.5	7	8.4	8.9	4.8	1.7	4.9	4.8	3.5	4.4	1.9	4	1	1.1
	11	0	0	0.1	0.4	0.9	1.6	2.2	3.1	3.2	4.4	5.1	6.7	7.7	7.5	10.4	8.5	9.1	2.3	3.8	4.9	2.6	3.3	2.9	4.8	2.8	1.9
	12	0	0	0	0.3	0.7	1.2	2.2	2.9	4.7	6.9	6.7	7	9	8.9	7.8	10.8	7.1	2.5	4.8	4	3.5	3.9	3.6	0	0.7	0.8
PREVAILING DIRECTION BY HOUR                                                    																											
	Month	0	1	2	3	4	5	6	7	8	9	10	11	12	13	14	15	16	17	18	19	20	21	22	23		
	ALL	110	110	110	100	110	100	100	100	90	90	110	110	100	100	110	100	120	100	100	110	100	100	110	100		
	1	90	100	100	100	100	110	120	110	100	120	120	120	40	40	80	80	120	80	110	90	120	110	90	110		
	2	90	90	90	110	90	100	100	50	90	100	100	100	100	90	50	50	110	100	90	90	90	100	100	90		
	3	120	120	110	110	110	110	110	50	140	100	140	140	100	110	140	70	110	110	110	110	110	110	110	110		
	4	110	110	140	100	100	110	120	120	120	120	120	100	100	100	100	100	100	100	100	100	100	100	100	100		
	5	110	200	110	200	110	110	110	200	110	110	110	110	200	110	110	200	200	100	200	90	200	200	200	100		
	6	270	110	270	70	90	260	270	100	270	90	270	90	90	90	280	90	90	90	90	100	270	90	280	280
	7	100	100	100	90	90	80	90	80	90	90	100	100	100	100	100	100	90	270	100	100	100	90	90	100
	8	190	190	190	120	120	190	190	190	190	290	270	100	190	270	190	270	280	270	100	280	270	270	270	270
	9	110	110	140	290	110	140	140	140	140	100	140	80	110	110	110	110	140	110	140	140	140	140	140	110
	10	90	80	90	140	120	120	80	90	110	80	90	80	80	80	80	90	140	80	80	80	80	80	100	100
	11	150	50	50	140	50	90	130	140	90	140	140	90	50	40	140	140	140	120	140	50	140	40	120	120
	12	140	140	100	140	100	100	100	110	100	100	100	140	270	100	140	90	190	120	110	110	120	120	110	140
SPEED FOR PREVAILING DIRECTION BY HOUR                                          																									
	Month	0	1	2	3	4	5	6	7	8	9	10	11	12	13	14	15	16	17	18	19	20	21	22	23
	ALL	7.54	7.56	7.95	8	8.18	7.71	8.07	7.84	7.04	6.55	7.9	8.34	7.98	7.61	8.44	7.59	7.57	7.65	7.19	7.54	7.67	8.44	7.78	7.95
	1	7.42	10.25	11.84	11.95	7.6	10.53	9.77	10.85	5.26	8.47	9.99	9.69	3.88	3.84	6.33	5.46	9.56	4.08	7.74	8.25	8.96	10.4	6.96	8.08
	2	10.55	10.36	9.12	11.05	9.61	11.96	10.87	6.81	8.53	9.47	8.31	10.65	10.71	9.85	8.7	7.3	11.1	10.43	8.7	6.97	11.37	10.31	9.58	10.5
	3	7.25	7.06	9.82	8.51	8.08	8.27	8.87	5.47	6.35	7.1	7.11	5.21	7.62	10.42	7.21	7.04	7.64	8.29	6.08	8.33	7.42	8.87	8.86	9.57
	4	7.28	8.27	7.1	7.77	5.9	6.65	7.55	7.25	8.18	7.95	7.8	7.15	7.92	7.93	8.13	9.32	9.66	8.62	10.01	9.4	9.95	11.37	11.12	9.12
	5	8.25	6.25	9	5.77	9.15	8.23	8.26	6.33	9.25	8.23	9.05	9.14	6.87	9.37	7.51	6.72	6.82	7.55	7.02	6.24	7.4	7.01	6.81	6.98
	6	4.69	3.67	3.52	3.19	5.05	5.1	3.42	6.29	4.51	4.75	5.15	4.46	5.61	5.55	5.14	6.33	5.35	5.96	5.2	5.33	4.31	5.16	3.08	4.02
	7	4.06	4.23	4.42	4.73	4.78	4	3.98	4.68	4.94	5.07	5.52	5.37	5.74	5.33	5.64	4.95	4.76	5.61	4	4.67	4.17	3.19	3.46	4.99
	8	4.21	4.42	4.84	4.68	4.6	4.67	4.68	4.92	5.26	3.86	4.37	6.12	5.65	4.55	6.14	3.63	5.12	3.79	5.25	5.15	4.06	3.93	4.33	5.48
	9	5.95	6.1	7.15	4.35	7.45	6.01	7.76	7.32	8.01	7.9	8.06	6.6	9.45	8.06	7.87	8.78	6.92	8.06	6.91	7.09	7.91	6.96	7.18	6.8
	10	7.81	8.02	8.46	5.53	8.79	9.61	7.77	6.92	6.36	11.38	8.53	10.48	11.18	10.37	13.07	8.31	8.58	7.64	8.92	9.26	9.81	8.9	8.09	8.46
	11	5.32	3.82	3.88	8.88	6.72	7.48	6.42	9.15	5.16	9.79	8.99	6.72	5.91	3.73	8.01	11.35	8.8	10.08	9.5	6.85	7.32	6.45	9.46	8.96
	12	7.89	7.1	11.96	10.29	13.21	12.59	11.27	9.85	13.46	11.86	11.97	9.22	6.26	12.16	9.89	9.71	5.01	11.72	9.29	10.23	11.2	10.98	11.2	7.54
