NENANA MUNI (AMOS)  AK - 702600                                                 														
 64 deg    33' N  149 deg    05' W - Elev  110m   LST=GMT+99 hours   *NT=-10    														
 01/73-09/02                                                                    						Adjusted to Alaska Timezone (GMT-9)								
SPEED BY YEAR                                                                   														
	Year	ALL	JAN	FEB	MAR	APR	MAY	JUN	JUL	AUG	SEP	OCT	NOV	DEC
	ALL	2.21	2.25	2.1	2.37	2.49	2.6	2.22	1.98	2.02	2.18	2.12	2.11	2.12
	1973	2.87	2.61	2.61	3.21	3.53	2.77	2.9	2.68	2.54	2.57	2.72	2.77	3.22
	1974	2.36	2.23	1.6	2.93	3.72	3.05	3.06	2.54	3.03	4.09	2.4	1.37	1.28
	1975	2.33	2.01	2.37	-1	4.3	-1	-1	-1	-1	3.12	2.45	2.18	2.08
	1976	2.36	2.33	1.32	4.46	-1	2.5	-1	-1	-1	4.1	-1	2.96	2.13
	1977	1.97	1.86	1.62	1.96	2.06	2.43	2.1	1.94	1.8	2.1	2.32	1.71	1.58
	1978	2.29	2.55	2.53	0	2.18	2.53	2.27	1.57	2.01	1.87	2.19	2.83	2.8
	1979	2.06	2.61	1.97	2.18	2.16	2.64	2.15	1.74	1.93	2	1.86	2.19	1.62
	1980	2.12	1.77	2.3	2.2	2.38	2.76	2.29	1.95	1.99	2.06	2.3	1.51	1.77
	1981	2.09	2.48	1.69	2.47	2.56	2.34	2.34	2.1	1.97	1.76	1.86	1.78	1.63
	1982	2.03	2.85	1.82	2.31	2.13	2.27	2.02	2	1.53	2.15	1.77	1.81	1.15
	1983	1.92	1.84	1.59	1.66	1.93	2.49	1.89	1.59	1.69	1.98	2.02	2.23	2.21
	1984	1.74	1.38	1.18	1.59	1.88	2.08	1.72	2.02	1.85	1.74	2.09	1.46	1.79
	1985	2.06	2.29	1.72	2.28	2.17	2.27	2.08	1.82	1.99	2.19	1.69	2.44	1.83
	1986	2.18	1.5	2.18	2.23	2.63	2.54	2.23	2.21	2.17	2.04	2.2	2.16	2.11
	1987	2.14	2.53	1.75	2.4	2.42	2.68	2.63	2.1	1.83	2.1	2.12	1.5	1.69
	1988	2.31	2.22	3.56	2.99	3.12	2.18	1.92	1.93	1.96	1.73	1.77	1.66	2.85
	1989	2.17	1.84	2.34	2.15	1.68	2.27	2.12	1.82	1.78	2.5	2.44	2.19	2.69
	1990	2.62	2.52	2.88	3.91	3.84	2.61	2.35	2.42	2.23	2.65	2.43	2.46	3.5
	1991	2.61	3.53	3.14	2.81	2.42	2.7	2.58	2.1	2.45	2.71	3.06	2.56	2.22
	1992	2.34	1.99	2.5	2.35	2.82	3.19	2.39	1.79	2.22	2.33	2.05	2.34	2.23
	1993	2.26	2.6	2.27	2.07	2.31	3.12	1.95	1.92	2.06	2.44	1.97	2.35	2.02
	1994	2.13	2.2	2.07	2.11	2.46	2.29	2.14	1.93	1.94	1.8	1.98	2.45	2.14
	1995	1.98	1.71	1.79	1.9	2.94	3.4	2.77	2.14	2.06	2.18	1.89	1.29	1.83
	1996	1.92	1.11	2.17	2.88	2.86	2.26	2.09	2.12	1.79	2.07	1.45	1.79	1.5
	1997	1.98	2.07	2.04	1.87	2.38	2.37	1.9	1.5	1.86	1.07	2.07	-1	-1
	1998	2.45	1.43	1.97	2.9	3.29	3.31	2.44	2.11	2.25	2.27	2.38	2.56	2.14
	1999	2.19	2.75	2.23	2.47	2.97	2.75	2.21	2.32	1.84	2.54	1.64	1.76	1.67
	2000	2.58	3.16	1.48	2.96	2.75	2.7	2.52	1.95	2.64	2.25	2.48	2.64	3.55
	2001	3.08	3.3	2.67	2.56	3	3.27	3.08	2.93	3.12	2.93	3.39	3.28	4.04
	2002	2.61	3.41	2.66	3.91	2.59	3.12	1.93	1.85	1.74	0.34	-1	-1	-1
POWER BY YEAR                                                                   														
	Year	ALL	JAN	FEB	MAR	APR	MAY	JUN	JUL	AUG	SEP	OCT	NOV	DEC
	ALL	23	32	25	26	26	28	18	15	15	19	19	25	29
	1973	37	51	38	37	45	29	29	26	23	29	31	38	57
	1974	29	55	12	45	74	23	42	20	28	93	30	12	9
	1975	38	60	30	-1	67	-1	-1	-1	-1	36	25	27	57
	1976	48	62	23	91	-1	9	-1	-1	-1	43	-1	67	30
	1977	18	33	11	14	13	25	19	27	10	15	22	17	12
	1978	22	32	30	0	15	25	18	7	16	16	18	33	38
	1979	18	42	20	20	18	31	19	10	11	13	11	20	15
	1980	18	16	22	19	23	32	19	12	14	14	17	12	14
	1981	17	28	11	24	27	20	18	15	11	8	12	13	15
	1982	19	48	15	18	17	21	16	13	7	27	12	13	20
	1983	18	29	10	12	11	26	19	15	11	12	13	26	38
	1984	11	8	5	8	14	13	9	13	9	10	16	10	14
	1985	20	25	14	24	18	20	14	9	13	15	8	47	24
	1986	21	11	27	23	31	25	18	16	17	17	21	22	26
	1987	20	33	14	30	21	28	26	15	14	17	18	11	14
	1988	28	35	78	43	41	30	12	16	12	9	10	15	46
	1989	21	20	26	21	6	15	14	7	8	29	29	23	51
	1990	32	34	37	67	63	27	21	19	18	35	26	38	71
	1991	31	66	43	38	22	29	24	14	24	27	50	41	25
	1992	23	19	18	22	37	45	19	9	17	20	17	21	31
	1993	22	29	30	18	19	46	10	11	13	27	12	23	20
	1994	20	43	21	14	37	17	14	11	11	10	12	28	25
	1995	14	15	14	12	21	33	21	14	12	15	13	4	11
	1996	12	3	16	29	21	16	14	13	8	15	4	7	8
	1997	19	21	13	11	19	18	11	33	31	3	12	-1	-1
	1998	34	23	21	37	59	54	29	15	21	23	31	46	42
	1999	26	50	45	29	40	33	18	20	19	29	16	22	20
	2000	38	47	27	47	32	38	31	17	33	22	28	53	85
	2001	41	69	45	30	36	39	25	22	26	22	43	67	76
	2002	40	50	57	94	38	46	15	17	15	1	-1	-1	-1
NUMBER OF SPEED OBSERVATIONS BY YEAR                                            														
	Year	ALL	JAN	FEB	MAR	APR	MAY	JUN	JUL	AUG	SEP	OCT	NOV	DEC
	ALL	193295	15515	15075	16446	15451	17306	16186	17240	16996	15557	16545	15511	15467
	1973	1080	125	148	152	120	100	56	75	66	45	82	71	40
	1974	628	21	25	19	4	2	74	115	79	53	30	104	102
	1975	753	151	58	0	2	0	0	0	0	89	182	178	93
	1976	593	141	70	20	0	1	0	0	0	1	0	139	221
	1977	7905	316	625	743	643	740	715	713	694	684	735	576	721
	1978	7558	744	529	1	622	715	712	744	718	712	735	699	627
	1979	8209	491	672	743	714	593	670	741	680	715	736	713	741
	1980	7801	732	688	740	711	742	711	607	479	699	472	651	569
	1981	8034	604	668	718	716	742	625	740	694	465	740	711	611
	1982	7980	733	668	713	704	735	686	716	547	693	713	610	462
	1983	7496	686	658	734	613	670	672	570	592	612	596	576	517
	1984	8140	660	654	724	687	725	673	679	615	631	704	675	713
	1985	7898	698	603	693	647	664	566	710	713	518	646	712	728
	1986	8474	733	662	740	710	677	709	720	741	694	716	668	704
	1987	8348	667	637	694	698	719	686	715	718	684	706	700	724
	1988	8472	724	627	731	687	731	694	717	705	701	721	702	732
	1989	8080	681	650	700	354	731	707	732	722	687	727	676	713
	1990	5383	307	245	226	231	609	585	523	691	680	644	483	159
	1991	7246	231	409	626	622	713	626	736	707	701	574	596	705
	1992	7803	594	251	692	704	705	712	730	683	573	731	706	722
	1993	8371	731	666	692	698	724	716	707	694	692	658	674	719
	1994	8005	683	613	722	673	696	684	682	705	547	711	620	669
	1995	5933	695	659	597	166	218	311	526	387	497	714	594	569
	1996	5858	328	204	225	209	727	550	518	713	691	641	359	693
	1997	5796	611	669	702	701	713	666	651	695	172	216	0	0
	1998	7064	458	613	584	645	629	434	553	588	617	696	686	561
	1999	6451	427	370	639	258	430	570	627	674	600	564	682	610
	2000	7583	416	658	685	639	617	618	615	614	650	705	680	686
	2001	5970	704	628	684	665	532	380	426	442	433	450	270	356
	2002	4383	423	448	507	608	706	378	652	640	21	0	0	0
NUMBER OF SPEED OBSERVATIONS BY HOUR                                            														
	Hour	ALL	JAN	FEB	MAR	APR	MAY	JUN	JUL	AUG	SEP	OCT	NOV	DEC
	0	7737	594	578	649	608	718	666	710	699	631	663	607	614
	1	7776	599	583	648	619	718	676	704	700	638	670	608	613
	2	7795	596	582	651	627	715	667	709	698	635	673	622	620
	3	7723	593	580	646	600	704	666	710	693	622	673	618	618
	4	7686	599	573	642	616	696	658	697	699	630	659	602	615
	5	7786	597	579	651	637	721	665	703	697	642	675	603	616
	6	7852	609	586	659	658	713	678	700	703	636	683	617	610
	7	8134	651	634	696	686	744	680	724	711	654	695	633	626
	8	8263	665	701	706	677	730	679	740	728	673	680	646	638
	9	8360	712	685	709	678	725	691	744	715	669	721	657	654
	10	8433	721	691	722	661	721	680	723	721	664	715	706	708
	11	8347	711	674	722	652	711	676	728	713	668	725	682	685
	12	8273	709	667	724	660	716	659	716	707	656	710	676	673
	13	8272	692	671	702	661	714	679	731	718	658	693	680	673
	14	8260	685	681	722	647	703	679	701	711	658	711	672	690
	15	8247	673	652	695	652	737	670	718	718	658	714	681	679
	16	8329	698	665	721	671	741	682	739	720	655	686	668	683
	17	8347	691	657	710	682	729	680	746	708	672	697	688	687
	18	8159	661	641	701	623	740	680	719	716	655	691	672	660
	19	8098	624	623	692	662	733	691	723	707	643	700	666	634
	20	8121	657	635	706	633	726	694	720	716	647	689	666	632
	21	7824	606	592	659	617	723	667	720	701	633	675	613	618
	22	7748	580	570	661	610	714	676	712	700	624	680	613	608
	23	7725	592	575	652	614	714	647	703	697	636	667	615	613

SPEED BY HOUR                                                                   														
	Hour	ALL	JAN	FEB	MAR	APR	MAY	JUN	JUL	AUG	SEP	OCT	NOV	DEC
	0	1.71	2.16	1.96	1.92	1.54	1.62	1.37	1.27	1.36	1.61	1.88	1.99	2.03
	1	1.69	2.14	1.96	1.87	1.55	1.51	1.32	1.24	1.4	1.67	1.85	1.99	1.98
	2	1.69	2.17	1.88	1.84	1.57	1.5	1.34	1.21	1.41	1.71	1.86	1.92	2
	3	1.68	2.14	1.9	1.88	1.62	1.46	1.31	1.25	1.39	1.68	1.85	1.89	1.96
	4	1.69	2.16	1.89	1.83	1.72	1.45	1.29	1.25	1.46	1.65	1.86	1.88	1.99
	5	1.78	2.16	1.9	1.91	1.79	1.68	1.52	1.41	1.56	1.81	1.91	1.91	1.95
	6	1.94	2.18	1.88	1.9	1.96	2	1.92	1.7	1.79	1.98	2.09	1.94	2.03
	7	2.14	2.31	1.94	2.11	2.22	2.43	2.15	1.93	2.07	2.01	2.11	2.21	2.21
	8	2.24	2.36	2.04	2.15	2.53	2.69	2.36	2.09	2.19	2.23	1.92	2.18	2.18
	9	2.37	2.24	1.98	2.28	2.84	3	2.57	2.36	2.37	2.41	2.08	2.15	2.13
	10	2.51	2.31	2.06	2.62	3.11	3.22	2.72	2.39	2.55	2.61	2.2	2.23	2.13
	11	2.62	2.37	2.17	2.83	3.23	3.36	2.82	2.51	2.66	2.71	2.44	2.16	2.16
	12	2.72	2.38	2.38	3.04	3.28	3.38	2.86	2.65	2.71	2.88	2.49	2.3	2.27
	13	2.75	2.27	2.37	3.08	3.4	3.43	3	2.64	2.73	2.91	2.7	2.23	2.18
	14	2.8	2.39	2.46	3.28	3.49	3.53	2.95	2.74	2.73	2.91	2.63	2.29	2.25
	15	2.77	2.32	2.36	3.12	3.51	3.56	2.99	2.72	2.73	3	2.55	2.21	2.14
	16	2.74	2.38	2.47	3.1	3.42	3.71	2.89	2.64	2.64	2.8	2.36	2.21	2.21
	17	2.65	2.26	2.26	2.89	3.34	3.61	2.96	2.58	2.56	2.56	2.3	2.2	2.17
	18	2.49	2.26	2.23	2.57	3.08	3.5	2.86	2.42	2.27	2.19	2.08	2.21	2.21
	19	2.33	2.14	2.11	2.25	2.77	3.27	2.71	2.34	2.04	1.95	2.05	2.06	2.21
	20	2.11	2.31	2.17	2.16	2.21	2.68	2.28	1.83	1.65	1.69	1.93	2.21	2.21
	21	1.87	2.19	1.95	1.99	1.82	2.17	1.82	1.54	1.42	1.63	1.86	2.05	2.06
	22	1.79	2.15	1.98	1.97	1.68	1.84	1.57	1.38	1.34	1.73	1.91	2.04	2.08
	23	1.75	2.19	1.93	1.97	1.59	1.71	1.44	1.31	1.33	1.68	1.93	1.97	2.09

POWER BY HOUR                                                                   														
	Hour	ALL	JAN	FEB	MAR	APR	MAY	JUN	JUL	AUG	SEP	OCT	NOV	DEC
	0	15	33	24	19	9	10	6	5	6	9	17	22	26
	1	15	32	24	20	9	8	5	5	7	10	15	25	23
	2	14	28	21	19	10	9	6	5	6	11	18	21	23
	3	14	29	21	18	10	9	6	5	7	10	14	21	22
	4	14	28	20	17	11	8	5	5	7	10	15	20	23
	5	15	30	20	21	13	10	8	7	8	10	15	20	22
	6	17	29	20	17	15	15	12	9	10	21	21	20	22
	7	21	31	21	23	18	31	14	10	19	17	19	27	28
	8	23	34	23	23	26	24	22	12	15	30	16	27	29
	9	24	27	24	24	30	32	21	17	18	22	18	27	25
	10	28	32	27	32	44	37	23	17	21	25	19	29	26
	11	30	35	31	37	41	43	26	18	23	26	26	27	30
	12	34	42	45	41	41	43	28	21	24	32	24	30	35
	13	32	30	29	40	44	46	31	21	26	30	31	28	29
	14	35	34	31	49	46	49	32	23	25	31	26	27	43
	15	33	31	25	37	60	47	31	32	24	33	23	24	27
	16	32	34	28	37	45	53	28	29	24	26	19	26	33
	17	30	27	23	29	41	57	31	26	27	23	19	27	30
	18	27	35	25	25	34	46	26	19	17	15	16	27	34																									
	19	26	27	22	18	28	41	24	31	26	14	17	22	43																									
	20	20	33	25	20	19	23	19	10	10	11	15	27	33																									
	21	17	32	20	20	14	16	11	16	7	10	13	25	27																									
	22	16	28	22	18	11	12	7	6	6	19	15	26	28																									
	23	15	32	23	19	10	10	7	5	6	10	15	24	27																									

SPEED BY DIRECTION                                                              																																							
	Month	calm	0	10	20	30	40	50	60	70	80	90	100	110	120	130	140	150	160	170	180	190	200	210	220	230	240	250	260	270	280	290	300	310	320	330	340	350	360
	ALL	0	2.22	2.02	1.98	2.13	2.41	2.92	3.34	3.57	3.13	2.58	2.17	1.95	1.78	1.73	1.8	2.08	2.09	2.27	2.35	2.13	2.19	2.21	2.45	2.61	2.66	2.46	2.27	2.08	2.01	1.9	1.86	2.03	2.25	2.45	2.38	2.3	2.22
	1	0	1.6	1.5	1.4	1.6	2.3	3.2	4.1	4.4	3.9	3.4	2.8	2	1.7	1.4	1.6	1.7	1.3	1.3	1.5	1.2	2	1.5	1.7	2.2	2.4	2.1	2	1.8	1.8	1.8	1.7	2	2	2.1	1.9	1.6	1.6
	2	0	1.8	1.3	1.9	2	2.4	3.2	3.7	4	3.8	2.9	2.2	2	1.7	1.4	1.4	1.5	1.3	1.6	1.9	1.6	2.4	1.6	1.7	2	2.6	2.4	2.3	2	2	1.8	1.8	1.9	2.2	2.3	2.1	1.7	1.8
	3	0	1.9	1.7	2.1	2.3	2.6	3.1	3.6	4	3.6	3	2.5	2.1	2.1	1.6	2	1.8	2.2	2.2	2.1	1.7	1.6	1.6	2.2	2.2	2.7	2.7	2.5	2.3	2	1.9	2	2.4	2.6	2.8	2.5	2.2	1.9
	4	0	2.8	2.4	2.2	2.1	2.6	3.1	3.1	3.2	3	2.7	2.4	2.3	2.3	2.1	2.1	2.6	2.6	3	2.8	2.7	2.3	2.2	2.5	3	3.2	2.7	2.6	2.4	2.2	2.1	2	2.3	2.7	3.1	3.1	3.1	2.8
	5	0	3.3	3	2.7	2.8	2.8	3.1	3.1	3	2.6	2.6	2.5	2.3	2.1	2.4	2.4	2.9	3	3.2	3.3	2.9	3	2.8	2.7	2.8	2.9	2.8	2.6	2.5	2.5	2.3	2.2	2.4	2.5	2.8	3.1	3.3	3.3
	6	0	2.2	2	2.1	2	2.2	2.4	2.5	2.3	2.1	2	1.9	2	1.7	1.8	1.8	2.4	2.4	2.5	2.8	2.5	2.6	2.7	2.7	2.8	2.8	2.6	2.6	2.4	2.3	2.2	2.3	2.1	2.1	2.3	2.2	2.2	2.2
	7	0	2.1	2.1	1.9	2.1	2.1	2.2	2.3	2.2	1.9	1.8	1.7	1.6	1.5	1.8	1.6	2.1	1.9	2	2.2	1.9	2.2	2.4	2.7	2.7	2.7	2.5	2.3	2.2	2.1	2	1.9	1.8	2	2	2.1	2	2.1
	8	0	1.9	1.9	1.7	1.9	2.1	2.3	2.4	2.5	2.3	2	1.8	1.7	1.7	1.6	1.8	2.1	2.1	2.5	2.3	2.2	2.2	2.3	2.6	2.9	2.7	2.4	2.3	2.1	2	1.9	1.9	1.9	1.9	2.2	2	1.9	1.9
	9	0	2.1	2	1.9	2.1	2.4	2.9	2.9	2.9	2.8	2.5	2.3	2	1.7	1.9	2	2.2	2.2	2.6	2.3	1.9	1.6	2.1	2.5	2.7	2.6	2.5	2.2	2.1	1.9	1.8	1.7	1.8	1.9	2.2	2.1	2.4	2.1
	10	0	2	1.9	1.7	2.2	2.6	3	3.2	3.5	3.2	2.6	2.1	1.9	1.7	1.3	1.6	1.4	1.4	1.4	1.6	1.6	1.6	1.7	1.9	2.3	2.4	2.3	2.1	1.9	1.8	1.7	1.7	1.8	2.1	2.2	2.1	2	2
	11	0	1.9	1.8	1.6	2	2.3	3.2	3.7	4.1	3.4	2.6	1.9	1.6	1.7	1.4	1.4	1.6	1.4	1.2	1.5	1.4	1.3	1.5	2	2	2.3	2.2	1.8	1.7	1.7	1.7	1.6	1.7	1.9	2.1	2.1	1.9	1.9
	12	0	1.5	1.3	1.7	1.8	2.5	3.3	4	4.1	3.5	2.5	2.1	1.9	1.6	1.6	1.5	1.6	1.6	1.3	1.5	1.3	1.5	1.4	2	2	2.3	2.1	1.9	1.8	1.9	1.7	1.7	1.8	2.1	2.1	1.9	1.6	1.5
FREQUENCY BY DIRECTION                                                          																																							
	Month	calm	0	10	20	30	40	50	60	70	80	90	100	110	120	130	140	150	160	170	180	190	200	210	220	230	240	250	260	270	280	290	300	310	320	330	340	350	360
	ALL	21.36	1.65	1.37	1.32	1.58	2.12	3.39	5.59	6.34	5.94	3.92	2.71	1.73	1.31	1.08	1	1.11	1.66	1.69	1.4	1.85	2.18	2.07	2.92	3.59	4.18	3.88	3.39	3.02	2.84	3.05	3.66	4.05	4.04	3.68	2.73	1.99	1.65
	1	27.4	1.3	1.1	0.9	1.5	1.9	3.7	8.7	9.2	7.7	4.6	2.7	1.9	1	0.9	0.9	1	1.2	1.1	1	1	2	1.2	1.6	1.8	2.6	3.2	3.2	3.1	3.2	3.7	4.6	4.7	4.4	3.6	2.3	1.5	1.3
	2	27.3	2.6	1	1.2	1.3	1.9	3.9	6.8	7.6	6.7	4	2.4	1.6	1.1	1	0.8	0.9	1.3	1.5	1	1	1.9	1	1.3	1.6	2.5	2.9	3	3.1	3.3	4	5.1	5.8	5.6	4.4	2.9	1.9	2.6
	3	20.1	1.8	1.3	1.1	1.4	2	3.3	6.1	7.1	6.1	3.5	2.2	1.3	1.2	0.8	0.8	0.7	1.2	1.1	0.8	0.8	1.4	0.9	1.3	2.1	2.6	3	2.9	2.7	2.6	3.3	5.3	7.3	7.6	6.2	3.6	2.5	1.8
	4	16.2	2.2	1.7	1.4	1.6	1.8	2.7	4	4.8	4.7	3.5	2.4	1.7	1.1	1.1	0.8	1.2	1.5	2.1	1.4	1.5	1.8	1.4	1.8	2.6	3.8	3.5	3.3	2.7	2.5	2.7	4.3	5.7	6	6.9	4.8	3.2	2.2
	5	14.5	2.5	2.2	2	2.2	3	3.5	4.2	3.9	4.1	2.9	2.5	1.6	1.4	1.2	1.2	1.5	2.5	2.5	2.3	2.7	3	2.7	3.2	3.9	3.8	3.7	3	2.8	2.4	2.5	3	3.2	3.5	3.3	3.3	2.8	2.5
	6	17	1.7	1.5	1.7	1.7	2.2	3	3.4	3	3.1	3.2	2.2	1.7	1.4	1.2	1.2	1.4	2.4	2.6	2.2	3.5	4	3.9	5.6	5.7	5.7	5.1	4.1	3.4	3	2.5	2.6	2.3	1.9	2.1	2	1.7	1.7
	7	20.3	1.5	1.7	1.8	1.9	2.4	2.8	3.3	3.2	3.4	2.6	2.3	1.5	1.4	1.1	1.1	1.2	1.7	2	1.9	4.6	2.9	3.8	6	6.6	6.5	5.1	3.9	3	2.8	2.8	2.5	2.4	2.1	2.2	2.2	1.7	1.5
	8	20.5	1.2	1.2	1.3	1.7	2.3	3.7	4.3	4.6	5.4	4.4	3.3	2	1.6	1.5	1.3	1.4	2.1	1.9	1.8	2.1	2.8	3.1	4.8	6.3	6.6	5	3.5	2.8	2.4	2.3	2	2.1	2.2	2	1.7	1.4	1.2
	9	19.1	1.5	1.4	1.3	1.8	2.2	3.7	5.8	7	7.7	5.7	3.7	2.1	1.5	1.1	1	1.1	2.3	1.9	1.2	1.4	1.6	2.2	3.2	4.1	4.8	3.8	3.2	2.6	2.2	2.2	2.6	3.1	2.7	2.8	2.2	1.6	1.5
	10	20	1.2	1	1	1.3	2.1	3.3	5.9	7.6	7.7	4.2	2.8	1.6	1.1	0.9	0.7	0.8	1	1	0.9	0.9	1.3	1.4	2.1	3.1	4.1	4	3.6	3.1	3	3.1	4.1	4.5	5.6	4.7	3.3	2.1	1.2
	11	26.5	1.1	1	1	1.1	1.5	3.4	7.6	10.1	7.6	4	2.7	1.7	1.4	1.2	1.1	1	1.4	1.1	1	1.1	1.5	1.1	1.6	2.1	3.5	3.4	3.1	3.4	3.3	4.1	4.2	4.2	4.3	3.7	2.4	1.7	1.1
	12	29	1.3	1.1	1.1	1.3	2.1	3.6	8.1	9.7	8.3	4.7	3.4	2.1	1.6	1	0.9	1	1.1	1.1	1.1	1.1	1.7	1.5	1.6	2	2.9	3.5	3.5	3.7	3.6	3.7	4.1	3.9	3.1	2.3	1.8	1.5	1.3
FREQUENCY OF SPEED                                                              																																							
	Month	0	1	2	3	4	5	6	7	8	9	10	11	12	13	14	15	16	17	18	19	20	21	22	23	24	25												
	ALL	21.4	26.1	21.9	13.8	8.7	4.6	2.2	0.9	0.3	0.1	0	0	0	0	0	0	0	0	0	0	0	0	0	0	0	0												
	1	27.4	25.1	15.9	10.3	8.5	6.4	3.6	1.7	0.5	0.2	0.1	0	0	0	0	0	0	0	0	0	0	0	0	0	0	0												
	2	27.3	25.2	18.6	12.1	8	4.3	2.8	1.2	0.4	0.2	0	0	0	0	0	0	0	0	0	0	0	0	0	0	0	0												
	3	20.1	22.7	21.9	15.3	10.5	5.5	2.5	1	0.3	0.1	0	0	0	0	0	0	0	0	0	0	0	0	0	0	0	0												
	4	16.2	22.2	23.4	17.6	11.1	5.7	2.5	0.9	0.3	0.1	0	0	0	0	0	0	0	0	0	0	0	0	0	0	0	0												
	5	14.5	22.1	23.1	17.4	11.7	6.5	3.1	1.1	0.3	0.1	0	0	0	0	0	0	0	0	0	0	0	0	0	0	0	0												
	6	17	27.6	24.7	15.7	9	3.8	1.5	0.5	0.1	0	0	0	0	0	0	0	0	0	0	0	0	0	0	0	0	0												
	7	20.3	29.7	25.9	13.7	6.9	2.3	0.9	0.2	0	0	0	0	0	0	0	0	0	0	0	0	0	0	0	0	0	0												
	8	20.5	28.8	25.6	13.6	7.1	2.8	1.1	0.3	0.1	0	0	0	0	0	0	0	0	0	0	0	0	0	0	0	0	0												
	9	19.1	26.8	24.9	14.4	8.8	3.8	1.6	0.4	0.2	0.1	0	0	0	0	0	0	0	0	0	0	0	0	0	0	0	0
	10	20	28.5	23.5	13.9	8.1	3.7	1.5	0.6	0.1	0.1	0	0	0	0	0	0	0	0	0	0	0	0	0	0	0	0
	11	26.5	27.6	18.3	10.3	7.6	4.9	2.8	1.2	0.6	0.1	0.1	0	0	0	0	0	0	0	0	0	0	0	0	0	0	0
	12	29	26.3	16.1	10	7.6	5.3	3.3	1.5	0.4	0.2	0.1	0.1	0	0	0	0	0	0	0	0	0	0	0	0	0	0
PERCENT OF POWER BY SPEED                                                       																											
	Month	0	1	2	3	4	5	6	7	8	9	10	11	12	13	14	15	16	17	18	19	20	21	22	23	24	25
	ALL	0	1.6	7.6	13.9	19.3	18.8	15.9	9.9	4.4	2.4	1.3	0.7	0.3	0.2	0.1	0.2	0.2	0.1	0.1	0.7	0.2	0.1	0.5	0.7	0	0.4
	1	0	1.2	4.2	8.2	14.6	20	19.1	14.4	6.2	4	2.2	1.4	1.1	0.7	0.9	0.5	0	0	0	0	0	0	1.3	0	0	0
	2	0	1.5	6.3	12	17.2	17	18.7	13.5	5.6	3.3	0.4	1	0.4	0.8	0	0	0	0	0	2.3	0	0	0	0	0	0
	3	0	1.3	7	14	20.9	20.7	16.1	10.2	4.6	1.5	1.2	0.9	0.3	0.4	0	0	0	0.7	0	0	0	0	0	0	0	0
	4	0	1.2	7.2	15.5	21.3	20.4	15.3	8.9	3.6	2.5	0.9	0.2	0.3	0	0	0	0	0	0	1	0	0	1.7	0	0	0
	5	0	1.1	6.4	14	20.2	20.8	17.1	9.5	4.1	2.2	0.8	0.3	0	0	0.4	0	0	0	0	0	0	0	1.4	1.6	0	0
	6	0	2.1	10.3	19.3	24.1	18.8	12.4	6.1	2.9	1	0.5	0	0	0	0	0.8	0	0	0	1.5	0	0	0	0	0	0
	7	0.1	2.7	13.1	20.3	21.9	13.8	9.1	3.9	0.8	0.4	0.5	0	0.8	0	0	0	0	0	0	0	3.8	2.1	0	2.9	0	3.9
	8	0.1	2.5	12.7	19.6	22.1	15.9	11.3	4.8	1.9	1.3	1	0	0.4	0	0	0	0	1.2	0	5.1	0	0	0	0	0	0
	9	0	2	10.2	17.1	22.7	18	12.9	5.6	2.9	1.8	0.9	0.3	0	0	0	0	1.9	0	1.2	0	0	0	0	2.6	0	0
	10	0.1	2.2	10	17.3	22.3	19.1	13.2	8.8	2.4	1.9	0.9	0	0.4	0.5	0	0	0.9	0	0	0	0	0	0	0	0	0
	11	0	1.7	6	10.1	16.2	19.3	18.5	12.6	8.7	3.2	2.5	1.3	0	0	0	0	0	0	0	0	0	0	0	0	0	0
	12	0	1.4	4.6	8.6	14.3	18.4	19.7	13.7	6	3.6	2.7	1.9	0.3	0	0	1	0	0	0	0	0	0	0	1.6	0	2.1
PREVAILING DIRECTION BY HOUR                                                    																											
	Month	0	1	2	3	4	5	6	7	8	9	10	11	12	13	14	15	16	17	18	19	20	21	22	23		
	ALL	70	80	70	80	80	80	80	70	70	80	70	70	70	70	60	70	60	60	70	60	60	70	70	80		
	1	70	70	60	70	70	60	80	70	70	70	60	60	70	80	60	70	60	60	60	60	80	80	70	60		
	2	70	80	80	70	70	60	60	60	60	80	70	80	70	70	70	310	310	310	320	60	60	70	60	80		
	3	70	70	70	80	70	80	80	70	60	70	310	70	310	320	330	330	310	310	320	320	310	310	320	320		
	4	320	80	310	80	80	70	70	80	70	70	330	330	330	330	330	330	330	330	330	330	330	320	310	310		
	5	70	80	70	80	80	90	80	80	60	320	80	230	330	340	340	340	340	50	190	170	60	230	50	70		
	6	200	220	220	230	220	220	240	230	230	220	240	240	230	240	240	220	230	210	190	200	230	200	60	220		
	7	250	220	230	230	230	230	230	220	230	230	230	240	230	240	240	240	240	230	240	220	240	220	220	230		
	8	230	90	80	80	80	90	90	80	80	80	240	240	240	240	250	230	230	250	240	230	230	230	80	80		
	9	80	80	90	80	80	80	80	80	90	80	80	80	80	70	80	70	60	50	50	70	60	80	70	70		
	10	80	80	70	70	70	80	80	70	80	80	80	70	80	60	70	80	60	320	70	320	70	80	80	80		
	11	70	70	70	70	70	70	60	70	70	70	70	70	70	70	60	70	70	70	70	70	70	70	70	70
	12	70	70	70	70	80	70	70	70	60	70	70	60	70	70	70	70	60	70	70	70	70	70	80	80
SPEED FOR PREVAILING DIRECTION BY HOUR                                          																									
	Month	0	1	2	3	4	5	6	7	8	9	10	11	12	13	14	15	16	17	18	19	20	21	22	23
	ALL	3.22	2.79	3.36	2.93	2.77	2.85	2.94	3.64	3.6	3.48	3.88	3.93	3.9	3.94	3.59	3.65	3.66	3.32	3.65	2.99	3.17	3.41	3.39	2.73
	1	4.24	4.43	4.34	4.18	4.34	4.24	3.64	4.61	4.06	4.03	4.12	4.22	4.6	4.51	4.05	4.47	4.61	4.05	4.23	3.51	3.86	3.61	4.08	4.11
	2	3.74	3.93	4.01	3.57	4.06	3.89	3.37	4.15	3.96	4.16	4.2	4.56	4.37	4.06	4.01	1.94	2.43	1.99	2.19	3.37	4.14	4.01	3.94	3.29
	3	4.11	4.35	3.98	3.77	3.38	3.33	3.8	4.38	3.98	4.05	2.45	4.48	2.75	3.09	3.52	3.45	3	2.67	2.82	2.52	1.98	1.96	2.15	2.18
	4	2	2.29	1.43	2.53	2.8	2.9	2.86	2.69	3.69	3.68	3.42	3.84	3.53	3.57	3.82	3.85	3.56	3.47	3.42	2.97	2.89	2.17	1.79	1.4
	5	2.32	1.77	2.36	2.19	2.24	1.82	2.24	2.92	3.31	2.68	3.42	3.68	3.21	3.82	3.89	3.8	3.74	3.69	4.33	3.83	2.45	2.07	2.07	2.24
	6	2.06	1.77	2.16	2.15	2.07	2.36	2.51	2.64	2.93	3.32	3.21	3.37	3.58	3.52	3.22	3.26	3.63	3.62	2.9	2.87	2.7	2.32	1.58	2.03
	7	1.94	2.28	1.67	1.85	2.16	2.18	2.43	2.58	2.64	3	2.97	3.07	3.18	3.02	3.24	3.6	3.47	3.13	3.24	2.94	2.47	2.38	2	2.35
	8	2.31	1.5	1.75	1.99	2.14	1.96	2.13	2.73	2.73	3.01	2.93	3.38	3.01	3.18	2.9	3.65	3.04	2.93	2.95	2.98	2.5	2.45	1.49	1.55
	9	2.15	2.27	2.2	2.76	2.87	2.68	2.53	2.54	2.84	3.24	3.24	3.61	3.59	3.61	3.36	3.12	3.39	3.22	2.68	2.11	2.04	2.18	2.26	2.35
	10	2.84	3.07	3.42	3.45	3.1	3.05	3.24	3.51	2.92	3.47	3.44	4.21	3.66	3.42	3.84	3.63	3.19	2.51	3.33	2.37	3.49	2.64	2.64	3.17
	11	4.04	4.59	4.29	3.97	4.13	4.3	3.55	3.8	4.42	3.76	3.97	4.42	4.16	4.17	3.74	3.85	3.98	3.75	4.13	4.11	4.37	4.31	4.4	4.03
	12	3.82	3.86	4.09	4.04	3.03	3.58	4.01	4.34	4.24	3.98	4.07	4.11	4.38	4.08	4.7	3.86	4.47	4.12	4.23	4.48	4.09	4.21	3.37	3.86
