NIKOLSKI (AMOS)     AK - 704820                                                 														
 52 deg    57' N  168 deg    51' W - Elev   21m   LST=GMT+99 hours   *NT=-11    														
 02/85-05/94                                                                    						Adjusted to Alaska Timezone (GMT-9)								
SPEED BY YEAR                                                                   														
	Year	ALL	JAN	FEB	MAR	APR	MAY	JUN	JUL	AUG	SEP	OCT	NOV	DEC
	ALL	6.19	6.35	6.76	5.29	5.06	5.47	5.83	5.81	4.99	6.92	7.9	7.65	6.28
	1985	6.7	-1	6.52	7.23	4.96	-1	-1	-1	-1	-1	-1	-1	-1
	1986	5.38	-1	-1	3.89	5.44	6.51	4.09	4.78	2.79	4.26	6.47	5.41	6.41
	1987	5.37	7.77	5.48	5.62	6.4	4.83	4.84	3.99	3.92	5.88	5.01	4.99	1.2
	1988	5.67	4.4	8.41	1.44	0.97	2.08	6.78	5.72	5.07	7.48	7.9	9.87	10.02
	1989	7.58	9.15	9.28	8.21	9.57	7.78	7.32	5.46	4.47	5.87	7.6	9.25	8.23
	1990	10.75	9.35	9.58	8.36	10.51	10.2	8.27	9.77	9.22	14.22	16.69	14.91	7.84
	1991	6.08	7.17	7.92	7.29	7.46	-1	-1	-1	-1	-1	5.1	3.73	2.17
	1992	6.31	6.04	7.78	7.28	6.35	5.51	5.75	-1	-1	-1	7.7	5.86	5.23
	1993	3.72	5.56	4.81	3.6	3.16	3.92	2.94	3.65	2.67	2.87	3.58	3.95	4.5
	1994	0.25	1.07	0	0	0	0	-1	-1	-1	-1	-1	-1	-1
POWER BY YEAR                                                                   														
	Year	ALL	JAN	FEB	MAR	APR	MAY	JUN	JUL	AUG	SEP	OCT	NOV	DEC
	ALL	404	401	459	261	350	276	248	233	181	536	817	731	344
	1985	369	-1	382	405	142	-1	-1	-1	-1	-1	-1	-1	-1
	1986	248	-1	-1	61	192	291	74	156	40	119	438	254	343
	1987	229	585	207	209	366	152	146	84	68	243	203	216	9
	1988	379	155	827	48	1	79	306	190	124	474	649	913	1077
	1989	484	867	829	583	812	448	435	128	89	223	339	812	534
	1990	1099	696	781	517	1001	737	415	652	570	1943	3152	2492	302
	1991	202	256	318	236	250	-1	-1	-1	-1	-1	170	80	21
	1992	347	386	496	426	489	201	224	-1	-1	-1	596	320	198
	1993	96	241	139	82	62	95	48	59	46	52	98	102	146
	1994	9	40	0	0	0	0	-1	-1	-1	-1	-1	-1	-1
NUMBER OF SPEED OBSERVATIONS BY YEAR                                            														
	Year	ALL	JAN	FEB	MAR	APR	MAY	JUN	JUL	AUG	SEP	OCT	NOV	DEC
	ALL	49182	4513	4448	5391	4161	4369	3861	3231	3304	3362	3997	4203	4342
	1985	704	0	298	335	71	0	0	0	0	0	0	0	0
	1986	3174	0	0	27	61	331	332	12	205	534	566	539	567
	1987	5404	563	406	594	541	520	517	545	513	471	568	163	3
	1988	5818	115	553	502	561	590	611	649	605	399	420	396	417
	1989	6729	420	395	443	436	617	601	594	567	602	674	669	711
	1990	8259	705	639	660	672	710	684	713	693	689	701	683	710
	1991	3300	708	630	714	185	0	0	0	0	0	170	382	511
	1992	4759	583	649	693	244	587	409	0	0	0	208	677	709
	1993	8028	714	294	709	699	701	707	718	721	667	690	694	714
	1994	3007	705	584	714	691	313	0	0	0	0	0	0	0
NUMBER OF SPEED OBSERVATIONS BY HOUR                                            														
	Hour	ALL	JAN	FEB	MAR	APR	MAY	JUN	JUL	AUG	SEP	OCT	NOV	DEC
	0	2076	195	183	229	175	176	151	134	132	140	180	182	199
	1	2114	200	185	234	182	187	165	139	140	142	169	176	195
	2	1927	173	166	206	160	184	171	132	135	124	151	163	162
	3	2105	194	191	232	184	183	164	137	138	146	167	176	193
	4	2078	195	188	219	183	182	165	133	131	145	168	180	189
	5	1894	168	173	210	151	181	164	130	129	124	146	154	164
	6	2087	193	201	222	175	172	163	133	131	147	172	180	198
	7	2092	192	190	234	179	185	164	136	128	144	165	186	189
	8	1867	163	178	192	155	179	165	128	124	120	147	159	157
	9	2064	182	205	233	173	169	165	135	141	131	172	176	182
	10	2086	195	197	240	165	174	169	131	131	146	175	176	187
	11	1917	172	163	212	161	178	161	133	141	126	153	157	160
	12	2147	197	197	236	180	186	160	136	153	156	181	181	184
	13	2121	199	194	234	183	176	151	142	151	153	175	175	188
	14	1915	176	163	207	166	174	156	131	145	127	150	161	159
	15	2128	196	196	232	184	186	157	134	140	145	179	193	186
	16	2120	195	191	231	186	184	157	135	135	151	182	187	186
	17	1982	175	169	216	165	202	170	135	142	127	155	163	163
	18	2195	204	202	247	184	192	168	134	146	156	177	187	198
	19	2179	198	196	237	188	193	162	132	148	161	181	194	189
	20	1961	177	169	214	158	188	168	140	127	129	158	165	168
	21	2138	204	188	241	179	191	152	138	144	148	179	188	186
	22	2120	198	200	230	182	179	146	137	140	153	173	184	198
	23	1869	172	163	203	163	168	147	136	132	121	142	160	162

SPEED BY HOUR                                                                   														
	Hour	ALL	JAN	FEB	MAR	APR	MAY	JUN	JUL	AUG	SEP	OCT	NOV	DEC
	0	6.23	6.3	7.27	5.36	5.11	5.14	5.6	5.67	4.77	7.24	8.06	7.78	6.14
	1	6.16	6.25	6.94	5.19	5.04	5.28	5.69	5.54	4.76	6.88	8.18	8.05	6.21
	2	5.93	5.8	6.77	5.01	4.44	5.42	5.48	5.69	4.76	6.88	7.95	7.67	5.76
	3	6.13	6.43	6.97	5.25	5.2	5.28	5.39	5.74	4.61	6.5	8.03	7.84	6.27
	4	6.26	6.58	6.79	5.54	5.27	5.2	5.65	5.73	4.91	6.92	7.84	8.07	6.42
	5	5.98	6.2	6.46	4.86	4.46	5.34	5.73	5.77	4.98	6.77	8.11	7.57	6.05
	6	6.32	6.88	7.07	5.08	5.47	5.11	5.53	5.55	5.19	7.01	7.91	7.84	6.89
	7	6.17	6.5	6.86	5.18	5.06	5.48	5.6	5.35	4.83	7.05	7.87	7.59	6.54
	8	6.07	6.1	6.43	5.31	4.49	5.59	5.79	5.73	5.18	6.68	7.89	7.54	6.25
	9	6.22	6.48	6.67	5.3	5.45	5.47	5.77	5.65	4.85	7.08	7.61	7.58	6.67
	10	6.32	6.66	6.92	5.47	5.25	5.5	5.96	5.94	5.11	6.99	7.73	7.56	6.57
	11	6.08	6.25	6.45	5.27	4.73	5.48	5.95	5.97	5.21	6.97	7.86	7.45	5.86
	12	6.38	6.74	6.6	5.63	5.48	5.58	6.04	6.22	5.34	7.08	8.15	7.5	6.3
	13	6.38	6.66	6.5	5.5	5.37	5.42	6.42	6.06	5.55	6.86	8.03	7.74	6.6
	14	6.15	6.2	6.23	5.23	4.95	5.52	6.34	6.19	5.38	7.01	7.98	7.33	5.99
	15	6.42	6.63	6.65	5.47	5.38	5.86	6.05	6.11	5.27	7.27	8.01	7.73	6.64
	16	6.44	6.46	7.04	5.54	5.59	5.64	5.98	6.12	5.48	6.88	8.01	7.83	6.62
	17	6.04	6.25	6.62	5.06	4.69	5.58	5.92	5.97	5.09	7.17	7.53	7.3	5.95
	18	6.27	6.24	6.75	5.54	5.42	5.5	5.87	6.04	4.9	6.87	7.89	7.72	6.42
	19	6.21	6.19	6.74	5.51	5.18	5.61	5.81	5.87	4.79	6.94	7.69	7.54	6.44
	20	5.96	5.88	6.58	5.04	4.59	5.81	5.88	5.84	4.68	6.91	7.7	7.09	5.69
	21	6.18	6.14	7.07	5.23	5.02	5.52	5.86	5.72	4.87	6.8	7.87	7.89	6.07
	22	6.16	6.23	6.95	5.42	5.13	5.46	5.87	5.49	4.73	6.65	7.78	7.68	6.25
	23	5.88	6	6.66	4.88	4.26	5.51	5.71	5.51	4.52	6.72	7.99	7.48	5.73

POWER BY HOUR                                                                   														
	Hour	ALL	JAN	FEB	MAR	APR	MAY	JUN	JUL	AUG	SEP	OCT	NOV	DEC
	0	431	401	558	275	399	254	248	222	158	612	869	744	357
	1	414	406	494	253	378	257	248	211	158	575	887	742	374
	2	388	327	460	243	329	280	224	232	159	571	925	715	265
	3	423	408	524	276	408	262	210	243	157	475	914	802	370
	4	443	463	500	306	394	249	242	240	186	589	844	846	401
	5	383	380	398	210	286	259	254	243	172	577	922	711	292
	6	440	539	531	249	387	229	231	240	182	532	843	801	431
	7	413	448	474	236	326	286	239	215	162	606	843	710	391
	8	401	375	394	257	272	281	289	233	194	599	899	762	308
	9	426	401	465	270	384	270	274	228	164	664	854	695	443
	10	419	451	471	292	360	278	270	249	181	546	806	695	383
	11	372	388	417	270	297	266	277	254	184	493	701	716	256
	12	422	475	420	280	385	277	275	270	214	493	889	685	365
	13	407	437	397	273	346	258	293	246	219	474	798	754	379
	14	373	329	402	249	306	260	276	260	207	555	771	661	280																									
	15	397	393	423	270	354	303	232	249	192	478	734	694	376																									
	16	415	354	475	284	390	277	245	243	209	526	769	766	371																									
	17	354	364	374	219	291	268	229	232	165	553	680	717	250																									
	18	402	377	451	276	385	289	222	227	185	504	718	802	359																									
	19	393	372	427	270	357	295	220	233	175	527	759	651	368																									
	20	374	327	438	218	322	310	242	224	195	540	799	691	236																									
	21	400	386	493	245	353	316	238	210	174	487	760	783	308																									
	22	415	415	521	295	352	292	234	193	170	479	812	766	354																									
	23	385	363	490	235	291	298	246	207	162	614	887	663	246																									

SPEED BY DIRECTION                                                              																																							
	Month	calm	0	10	20	30	40	50	60	70	80	90	100	110	120	130	140	150	160	170	180	190	200	210	220	230	240	250	260	270	280	290	300	310	320	330	340	350	360
	ALL	0	8.3	5.33	5.69	5.19	4.99	5.27	6.14	6.77	7.05	7.07	6.75	6.45	6.04	6.85	6.95	6.71	6.25	5.99	6.13	5.35	5.33	5.67	5.92	5.67	5.14	5.12	5.41	5.98	6.84	6.66	7.04	8.17	8.3	9.2	9.68	9.91	8.3
	1	0	9.7	8.4	7.6	5.9	5.4	5.6	7.9	7.1	7.7	7.8	8.3	7.9	7.3	8.7	7.8	7	6.8	5.4	6	5.2	5.7	5.2	5.8	6.8	7.2	7.4	6.4	6.5	7.6	7.4	7.2	7.9	8.9	9.6	9.8	11.1	9.7
	2	0	9.3	8.6	7.6	7.4	6.4	6.8	6.6	8.7	10.1	8.7	7.9	7.6	7.3	7.7	7.5	7.6	6.9	5.9	5.9	5	4.7	5.9	5.2	6.4	5.9	5.8	6.7	6.8	7.9	7.1	7.9	7.7	9.1	9.9	9.3	10.7	9.3
	3	0	4.8	3.5	5.3	4.1	4.7	5.3	7.1	7.3	7.1	6.5	6.3	6.5	4.8	7	7.9	7.2	6.8	6.1	5.9	6.2	5.9	5.3	5.3	5	4.5	5.2	4.4	5.1	5.6	5	5.5	6.1	7.8	8.8	8.3	7.3	4.8
	4	0	7.7	3.6	3.5	2.9	3.3	5.3	5.8	6.2	5.3	5.3	4.7	4.8	4.6	7.9	6.9	6.4	6.1	5.7	3	2.9	2.8	4.3	3.4	3.3	3	3.6	5.1	4.7	5.5	5.2	4.8	7.4	7.9	9.6	10.9	11.3	7.7
	5	0	6.7	1.7	3.2	3	3.3	3.4	4.4	5	5.4	5.7	6.1	6.4	6.6	7.7	7.5	6.8	6.9	6.8	5.8	4.9	4.2	5.1	5.5	5	4	4.1	4.4	5.7	6.8	6.4	4.4	5.9	7.4	7.7	8.8	9.4	6.7
	6	0	8.1	3.2	3.8	3.6	4.6	5.3	6.6	6.7	7.3	7	6.3	5.7	5.9	5.8	5.4	4.7	4.4	5.3	5.6	5	3.7	4.6	5.2	4.7	4.7	4.6	4	4.9	6.2	6.6	5.6	6.2	6.8	8.4	9.4	8.5	8.1
	7	0	7.3	4.5	3.6	3.7	4	4.8	5	6.4	6.2	6.9	6.6	6	6.1	6.3	5.8	5.5	4.6	4	4.3	4.5	4.6	6.5	6.6	5.4	6	6	5.3	5.8	6.8	7.3	6.1	6.5	5.9	7.3	6.7	7.6	7.3
	8	0	5.8	5	2.8	2.2	3.2	3.3	4.3	4.8	5.3	5.6	5.8	5.3	5.2	5.1	5.6	6.8	5.9	6.3	5.3	4.8	4.9	5.8	5.9	5.1	5.2	4.1	4.4	4.7	5.9	4.7	5	4.9	5.8	6.5	7.3	7.4	5.8
	9	0	3.6	5.3	6.9	9.5	8.1	7.3	6.2	8.9	8.8	8.7	6.4	5.9	6.5	7	7	6.7	5.1	6.3	5.2	4.4	5.2	6.6	6.2	6.7	4.8	4.3	4.8	5.8	7.6	8.5	11.1	13.2	10	8	8.2	7.2	3.6
	10	0	7.5	4	3.4	3.6	4.4	5.1	4.5	5.5	8.1	8.5	8	7	5.5	6.3	7.2	8	7.7	7	9.7	7	8.7	7.2	8.3	7.3	5.1	5.2	7.1	8.5	8.8	8.3	11	11.1	9.5	9.9	10.8	11.1	7.5
	11	0	9.8	9.4	5.8	4.4	4.2	4.7	5	5.7	5.3	6	6.1	6.7	5.6	7.7	7.3	5.8	6.3	6.9	7.2	6.8	6	6.5	6.6	5.9	6.1	7	6.9	7	8.9	8.1	9	10.2	10.6	11.2	11	10.7	9.8
	12	0	8.8	5.6	5	4.1	5.5	5.5	6.5	6.9	6.7	7.6	7.1	7.2	8.4	9	8.1	7.5	7.3	5.6	6.5	4.9	4.2	4.4	5	4.7	5.2	6.2	4.8	5.6	5.7	5	6.8	7.2	7.6	9.4	9.8	8.7	8.8
FREQUENCY BY DIRECTION                                                          																																							
	Month	calm	0	10	20	30	40	50	60	70	80	90	100	110	120	130	140	150	160	170	180	190	200	210	220	230	240	250	260	270	280	290	300	310	320	330	340	350	360
	ALL	11.7	1.05	0.74	0.95	1.71	2.45	1.87	1.98	2.32	2.89	3.01	3.04	3.05	2.73	2.28	2.21	2.5	2.65	3.22	3.49	3.14	2.58	2.43	2.21	1.87	1.98	2.14	2.78	2.9	3.47	3.58	5	4.72	5.78	5.75	3.55	2	1.05
	1	14.9	1.5	0.9	1.7	3.5	6.3	3.3	2.5	3.5	3.7	3.3	3.6	2.4	1.3	1.5	1.9	1.8	1.9	3.7	4	3.4	2.5	2.5	2	2.1	2.2	1.8	2.1	1.5	2	2.6	3.2	3.3	4.8	5.5	3.9	2.5	1.5
	2	15.6	1.4	1	2.2	3.5	3.4	2.2	1.9	2.3	3.2	3.6	3.3	2.6	2.5	2	2.5	3.1	2.8	2.7	2.3	1.8	2.3	1.6	1.2	1.2	0.8	1.2	1.4	1.8	1.6	2.5	4.3	5.2	8.8	8.6	4.3	3	1.4
	3	20.1	0.9	1.6	1.2	1.6	3.2	2.9	3.9	3.9	4.5	5.3	4.2	3.9	2.7	1.3	1.9	1.7	2.7	2.9	4.6	4.2	2.7	1.9	1.8	1.1	1.7	1.1	1.9	2.3	2.5	2.5	4.8	3.4	4.4	4.1	3.4	1.5	0.9
	4	23.9	1.1	1.2	0.7	1	1.8	1.3	1.2	1.5	2.5	1.9	2.5	2.5	3	2	1.6	1.7	1.6	2.5	2.8	2.5	2.1	2	1.4	1.3	1.6	1.6	2.4	2.8	3.6	4.3	7.5	5.2	6.2	8.2	8.5	4.3	1.1
	5	14.6	0.4	0.7	0.5	1.2	2.4	2.2	2.8	2.5	2.8	3.3	2.8	3.4	3.6	2.2	2	2.5	2.4	2.8	3.1	3	1.6	1.8	1.6	0.9	2	2.3	1.8	2.5	3.2	3.1	4.9	5.2	9.2	8.3	3.7	1.3	0.4
	6	5.4	1.3	0.4	0.7	0.6	2	1.6	1.7	2.4	3.3	3	3.5	3.2	3.3	2.6	1.9	2.1	2.6	2.5	2.6	2	1.3	1.8	2.1	1.8	1.7	2.2	2.2	2.9	5.1	6.1	5.8	6.7	6.4	5.8	3	1.6	1.3
	7	4.1	0.2	0.3	0.5	1.4	2	2	2.8	3.4	4.4	5.4	5.9	4.5	5	4.8	3	3.4	2.3	2.8	2.3	2.8	1.5	1.9	1.8	1.6	1.5	1.7	2.6	3.1	5.5	4.5	4.3	3.1	2.9	2.7	1.5	0.8	0.2
	8	8.3	0.3	0.1	0.2	0.4	0.6	1	1	1.6	1.9	1.8	1.7	2.8	4.7	4.8	3.6	3.6	4.2	3.1	2.5	3.3	3.4	2.9	2.8	3.2	4.5	5.2	5.1	4.2	5.5	3.9	4.3	2.6	3.8	3.3	1.4	0.7	0.3
	9	6.9	0.2	0.3	0.5	1.7	1.8	1.3	1.8	1.9	2.2	2	1.8	2.2	1.9	4	3.9	4.4	4.2	3.3	2.8	3.6	2.6	2.8	2.5	1.9	3	3.5	4	4.1	4.9	3.6	5.8	5.5	4.9	3.1	1.3	0.7	0.2
	10	6.1	1.2	0.5	0.8	1.4	1.5	1.1	0.9	0.9	1.4	1.9	2.3	3.3	2.1	1.7	1.9	1.6	2.2	3.3	2.9	3.1	3.5	2.9	2.8	2.8	2.4	2.5	4.4	4.1	3.4	3.9	5.5	7.7	6.4	6.5	3.6	1.5	1.2
	11	6.3	2.2	0.8	1.1	1.8	1.3	1.3	0.6	0.9	1.3	1.1	1.1	2.5	1.1	0.7	1.4	1.7	2.2	4.2	6.6	4.4	3.6	3.7	3.4	2.4	1.8	2.5	3.1	2.9	2.9	3.8	4.9	5	6.5	8.2	3.9	3.3	2.2
	12	7.4	1.5	0.7	0.9	1.9	2.3	1.7	2.3	2.7	3.1	2.9	3.6	3.2	2.2	1.4	1.9	3.1	3	4.6	4.3	3.2	3.6	3.3	3.1	2.4	1.2	1	3.1	3	2.8	2.8	5	3.6	4.4	3.9	3.8	2.5	1.5
FREQUENCY OF SPEED                                                              																																							
	Month	0	1	2	3	4	5	6	7	8	9	10	11	12	13	14	15	16	17	18	19	20	21	22	23	24	25												
	ALL	11.7	7	7.2	8.5	8	8.2	8.7	9.8	8.1	5.2	4.1	3.1	2.6	2	1.5	0.4	1	0.7	0.5	0.4	0.2	0.2	0.2	0.1	0.1	0												
	1	14.9	4.5	5	7.5	6.6	7.9	10.8	8.2	7.3	8.6	4.1	3.1	3.4	2.7	1.9	0.7	1.2	0.8	0.4	0.2	0.1	0.1	0	0	0	0												
	2	15.6	3.1	4.2	5.2	5.6	7.4	9	10	12.5	5.7	5.7	4.2	4	2.3	1.8	0.5	1.1	0.8	0.3	0.4	0.3	0.1	0.2	0.1	0	0												
	3	20.1	8	5.2	6.2	6.4	6.5	10	14.5	8.2	4	2.7	2.5	1.9	1.8	1.1	0.2	0.7	0.2	0.1	0	0	0	0	0	0	0												
	4	23.9	14.7	5.7	6	4.8	5.1	4.9	9.3	5.2	3.3	3.1	2.6	2.9	2.3	2.2	0.5	1.8	0.8	0.5	0.2	0.2	0	0	0	0	0												
	5	14.6	11.8	6.6	7.1	7.6	7.7	7.7	7.3	7.9	6	5.4	4.6	2.8	1.4	0.8	0.1	0.4	0.1	0.1	0	0	0	0	0	0	0
	6	5.4	5.5	9.5	11	10.6	11.5	10.5	10.8	8.8	6.1	3.8	2.6	1.6	1	0.7	0.2	0.2	0.2	0.1	0	0	0	0.1	0	0	0
	7	4.1	5.1	9.4	12	11.8	12.1	10.9	10.4	8	6	3.8	2.6	1.9	0.8	0.6	0.1	0.2	0.1	0	0	0	0	0	0	0	0
	8	8.3	7.8	12.4	12.4	11.7	12.5	8.8	7.7	6.8	4.3	3.3	1.4	1.1	0.9	0.2	0	0.1	0	0.1	0	0	0.1	0	0	0	0
	9	6.9	5.5	10.4	11.1	8.9	8.7	7.8	6.7	6.6	4.3	4.4	4.2	2.9	2.4	2.3	0.4	1.2	1	0.6	0.6	0.3	0.3	0.4	0.4	0.2	0.2
	10	6.1	4.9	7.4	9.1	7.9	7.7	8.2	8.1	7.6	5	3.6	3.1	2.8	2.5	2.8	1.2	2.5	1.8	1.7	2	0.9	1.1	0.9	0.7	0.1	0.2
	11	6.3	4.9	7.6	10	9.6	7.3	6.4	7.6	7	4.8	4.4	3.9	3.4	3.6	2.7	0.8	1.9	1.5	1.7	1.4	0.9	1	0.3	0.4	0.2	0.2
	12	7.4	7.7	6.9	7.8	7.7	7.3	9.3	15.2	10.7	4.8	5.3	2.4	2.4	1.5	1.1	0.3	0.7	0.6	0.2	0.2	0.2	0.1	0.1	0	0	0
PERCENT OF POWER BY SPEED                                                       																											
	Month	0	1	2	3	4	5	6	7	8	9	10	11	12	13	14	15	16	17	18	19	20	21	22	23	24	25
	ALL	0	0	0.1	0.5	1	1.9	3.4	6	7.4	6.8	7.2	7.1	7.9	7.4	7.1	2.3	6.5	5	4.2	4.3	3.1	3.2	2.6	2.4	1.2	1.2
	1	0	0	0.1	0.4	0.8	1.9	4.2	5	6.7	11.2	7.1	7.1	10.2	10.4	8.8	3.8	8	6	3.2	1.9	0.8	1	0.4	0	0.9	0
	2	0	0	0.1	0.3	0.6	1.5	3.1	5.4	10.1	6.4	8.8	8.4	10.6	7.6	7.3	2.4	6.2	5.6	2.5	3.3	3.2	1.1	2.7	1.5	0.4	1
	3	0	0	0.2	0.6	1.2	2.3	6.3	13.6	11.4	7.9	7.3	8.6	9.1	10.3	8	2	6.7	2.4	1	0.3	0.7	0	0	0	0	0
	4	0	0	0.1	0.4	0.7	1.4	2.2	6.7	5.5	4.9	6.1	6.8	10.2	9.8	12	3	13.1	6.8	4.7	2	3.1	0.4	0	0	0	0
	5	0	0	0.2	0.6	1.4	2.6	4.4	6.5	10.8	11.4	14	15.1	12.5	7.8	5.5	0.7	3.6	1.3	1.2	0.3	0	0	0	0	0	0
	6	0	0	0.3	1	2.1	4.5	6.8	10.8	13.1	12.9	10.6	9.8	7.5	6.4	5	1.6	1.8	2.2	1.1	0.5	0.5	0	1.4	0	0	0
	7	0	0	0.3	1.2	2.5	4.9	7.4	11	12.7	13.4	11.6	10.1	10.2	5	5.2	1.2	2.3	0.8	0	0	0	0	0	0	0	0
	8	0	0.1	0.6	1.6	3.3	6.6	7.7	10.7	14	12.5	13.1	7	7.1	7.3	1.9	0.4	1.3	0.5	1.8	0	0.8	1.9	0	0	0	0
	9	0	0	0.1	0.5	0.8	1.6	2.3	3.1	4.6	4.1	5.7	7.1	6.5	7	7.9	1.8	5.7	5.6	4	4.7	3.1	3.5	5.6	6.4	3.9	4.4
	10	0	0	0.1	0.3	0.5	0.9	1.6	2.5	3.5	3.2	3.1	3.5	4.1	4.6	6.4	3.3	7.9	6.9	7.6	10.2	5.4	7.8	7.4	6.1	1.4	1.8
	11	0	0	0.1	0.3	0.7	0.9	1.4	2.6	3.5	3.4	4.3	4.9	5.7	7.6	7	2.3	6.6	6.3	8.5	8	6.4	7.6	2.7	3.8	2.8	2.6
	12	0	0	0.2	0.5	1.1	2	4.3	11	11	7.4	10.8	6.6	8.4	6.5	5.8	2.1	5.4	4.9	2.2	2.6	2.4	2.3	1.4	0.5	0.6	0
PREVAILING DIRECTION BY HOUR                                                    																											
	Month	0	1	2	3	4	5	6	7	8	9	10	11	12	13	14	15	16	17	18	19	20	21	22	23		
	ALL	320	320	300	320	320	320	320	320	320	320	300	330	320	320	330	330	330	320	330	330	330	330	310	320		
	1	320	40	30	30	40	320	30	40	40	40	50	330	330	100	180	40	330	40	40	40	40	40	40	170		
	2	330	320	320	320	330	330	330	320	320	320	330	330	320	330	330	320	320	320	330	330	330	330	320	320		
	3	310	180	60	180	90	40	90	90	300	100	100	190	100	80	80	90	90	300	90	90	180	170	180	60		
	4	320	330	320	330	310	300	340	300	300	340	340	300	330	320	340	330	330	330	330	340	300	340	300	330		
	5	330	320	320	320	320	320	320	320	320	320	320	320	320	320	320	320	330	330	330	330	330	330	330	330		
	6	290	290	290	300	310	310	290	330	320	320	320	310	300	330	320	280	310	290	280	310	310	330	310	290		
	7	90	100	120	290	90	90	90	280	100	80	100	300	90	100	130	90	100	130	100	280	100	90	90	130
	8	250	120	120	280	130	120	280	280	130	300	240	120	240	260	260	130	240	250	250	250	280	160	160	250
	9	160	270	310	280	260	310	280	320	320	280	150	170	140	140	250	300	300	300	300	130	300	290	310	310
	10	310	310	300	310	310	320	310	310	310	330	340	330	320	340	310	310	310	310	330	310	310	330	310	320
	11	330	330	330	330	330	190	320	320	310	330	180	260	310	300	330	330	330	330	330	330	180	330	320	180
	12	190	300	220	300	300	170	180	170	300	180	330	70	100	190	100	90	330	200	320	320	300	100	170	300
SPEED FOR PREVAILING DIRECTION BY HOUR                                          																									
	Month	0	1	2	3	4	5	6	7	8	9	10	11	12	13	14	15	16	17	18	19	20	21	22	23
	ALL	8.1	7.61	7	8.58	8.65	9.08	8.94	8.64	8.11	8.26	7.95	8.5	7.81	8.01	8.56	8.69	9.01	7.97	9.12	9.02	9.14	9.48	8.67	8.39
	1	9.04	5.17	5.37	4.52	5.35	9.34	6.16	4.2	5.8	5.1	5.46	10.32	8.74	8.57	5.6	5.77	9.59	5.14	6.12	4.52	7.4	6.91	3.66	3.96
	2	10.23	9.27	8.28	9.6	10.06	10.63	9.79	8.05	9.36	7.95	8.79	9.4	8.52	8.48	9.33	9.21	8.8	9.39	8.22	9.8	9.28	11.49	8.98	9.01
	3	6.88	6.14	8.87	6.09	7.11	5.15	5.65	5.16	5.32	7.05	7.17	6.16	7.03	7.35	8.02	6.63	7.01	5.09	8.61	7.62	5.39	7.05	5.21	7.72
	4	7.63	10.43	6.15	9.47	7.72	4.65	8.64	5.26	3.58	10.99	12.57	4.06	10.06	9.44	9.75	8.04	8.79	9.48	10.91	11.67	6.48	8.89	4.79	9.06
	5	8.04	6.8	7.79	7.54	7.93	9.29	7.89	8.7	6.48	7.28	7.68	6.56	6.54	7.19	7.28	8.32	7.49	8.06	7.77	7.45	7.75	7.18	8.32	8.39
	6	7.46	6.81	5.31	6.54	5.99	6.66	6.55	8.71	7.28	6.56	6.89	6.55	4.98	9.46	5.65	5.65	6.04	8.02	6.78	6.53	5.83	7.78	6.82	6.72
	7	6.21	6.97	7.26	6.95	7.38	6.39	5.69	6.41	5.42	5.41	6.4	6.62	6.33	6.84	6.59	7.03	6.62	6.55	8.14	6.57	7.77	6.68	7.39	6.41
	8	3.71	3.88	5.78	5.48	4.8	5.38	6.58	5.77	5.66	5	6.32	5.42	5.23	5.05	4.43	3.64	5.89	3.75	3.75	4.11	4.92	4.97	5.78	3.82
	9	6.74	5.87	12.4	7.08	5.14	12.06	8.6	11.98	10.35	8.79	4.24	5.19	7.41	6.78	3.76	10.62	11.32	11.66	10.66	6.93	11.85	7.26	13.03	14.93
	10	11.91	12.58	10.77	10.68	9.66	9.34	12.82	9.43	11.5	9.87	12.22	9.76	9.71	9.66	11.21	8.87	9.61	10.92	8.8	12.16	11.07	9.8	11.75	10.28
	11	10.18	11.1	9.91	11.57	13.09	8.17	9.3	9.14	12.06	10.88	7.14	6.97	9.72	9.47	10.05	9.75	10.74	10.88	11.08	10.13	6.58	12.26	10.26	6.63
	12	4.73	6.81	5.09	7.58	6.8	5.02	5.12	6.32	7.41	6.72	8.88	6.26	6.73	6.07	5.42	6.42	10.33	4.62	6.81	8.77	5.87	7.62	5.13	5.06
