NOATAK              AK - 701335                                                 														
 67 deg    34' N  162 deg    59' W - Elev   30m   LST=GMT+99 hours   *NT=-11    														
 07/95-06/96 03/98-09/02                                                        							Adjusted to Alaska Time Zone (GMT-9)							
SPEED BY YEAR                                                                   														
	Year	ALL	JAN	FEB	MAR	APR	MAY	JUN	JUL	AUG	SEP	OCT	NOV	DEC
	ALL	3.49	3.11	4.21	3.89	3.98	3.63	3.34	2.97	3.56	3.45	3.65	2.84	3.25
	1995	2.87	-1	-1	-1	-1	-1	-1	2.58	2.41	3.75	3.51	1.98	2.73
	1996	3.49	2.39	3.69	3.73	4.13	3.66	3.28	-1	-1	-1	-1	-1	-1
	1998	3.66	-1	-1	4.03	4.49	3.93	3.35	2.52	3.83	4.18	4.15	2.73	3.2
	1999	3.11	2.72	2.85	4.15	4.33	2.94	3.2	3.01	3.47	2.78	3.31	2.03	2.53
	2000	3.43	1.77	3.6	3.75	2.44	2.89	2.78	3.48	4.32	3.22	3.05	4.24	4.38
	2001	4.19	4.43	5.75	4.49	4.33	3.72	4.05	3.71	3.61	3.54	4.45	3.46	3.19
	2002	3.55	5.05	4.79	3.46	3.88	3.96	3.49	2.76	3.59	1.2	-1	-1	-1
POWER BY YEAR                                                                   														
	Year	ALL	JAN	FEB	MAR	APR	MAY	JUN	JUL	AUG	SEP	OCT	NOV	DEC
	ALL	75	85	151	122	107	66	51	39	65	57	69	46	89
	1995	55	-1	-1	-1	-1	-1	-1	32	23	64	76	30	85
	1996	102	80	157	154	104	69	46	-1	-1	-1	-1	-1	-1
	1998	78	-1	-1	90	147	71	55	23	93	92	92	36	74
	1999	61	74	54	172	113	40	46	40	64	39	45	25	58
	2000	65	21	76	77	27	35	34	58	89	51	43	96	133
	2001	103	117	263	136	127	68	66	53	46	46	99	45	54
	2002	72	176	170	103	111	82	58	35	64	7	-1	-1	-1
NUMBER OF SPEED OBSERVATIONS BY YEAR                                            														
	Year	ALL	JAN	FEB	MAR	APR	MAY	JUN	JUL	AUG	SEP	OCT	NOV	DEC
	ALL	44793	2119	2658	3594	3984	5098	5325	4639	5516	3240	3026	3189	2405
	1995	3279	0	0	0	0	0	0	98	599	629	670	681	602
	1996	3734	581	593	695	627	562	676	0	0	0	0	0	0
	1998	5713	0	0	351	715	728	710	527	719	602	414	620	327
	1999	8586	556	438	526	704	752	937	976	983	691	656	716	651
	2000	7488	261	551	733	565	580	714	725	654	693	651	650	711
	2001	6097	669	641	575	656	461	406	354	463	601	635	522	114
	2002	9896	52	435	714	717	2015	1882	1959	2098	24	0	0	0
NUMBER OF SPEED OBSERVATIONS BY HOUR                                            														
	Hour	ALL	JAN	FEB	MAR	APR	MAY	JUN	JUL	AUG	SEP	OCT	NOV	DEC
	0	1878	70	96	141	163	220	238	212	252	147	120	124	95
	1	1967	105	130	168	180	224	213	192	221	133	135	155	111
	2	1782	90	99	148	160	194	211	194	227	120	125	123	91
	3	1919	74	95	145	159	236	232	218	245	159	125	133	98
	4	1903	103	126	146	180	212	221	181	218	128	128	146	114
	5	1797	88	104	150	156	195	216	187	224	121	126	136	94
	6	1858	73	95	148	157	232	226	205	245	138	120	128	91
	7	1923	104	122	163	181	208	217	181	222	133	134	143	115
	8	1766	84	110	140	151	192	210	187	212	117	133	132	98
	9	1903	79	110	135	172	221	229	216	252	150	122	121	96
	10	1916	104	120	161	173	212	217	193	221	133	132	143	107
	11	1857	91	115	149	175	208	222	189	232	124	126	126	100
	12	1876	69	98	145	156	240	241	205	237	150	123	121	91
	13	1947	105	130	171	172	210	217	195	236	130	129	139	113
	14	1821	87	113	144	160	202	218	200	222	126	123	136	90
	15	1874	74	99	144	166	235	221	205	238	152	125	119	96
	16	1934	106	121	167	190	212	218	188	226	133	122	140	111
	17	1806	86	112	143	156	197	223	190	234	121	127	126	91
	18	1874	75	99	142	164	224	233	204	248	147	121	123	94
	19	1927	105	121	165	169	208	221	189	226	138	130	143	112
	20	1793	90	115	137	130	205	225	185	226	120	122	137	101
	21	1883	67	94	134	174	237	239	213	242	155	120	117	91
	22	1828	103	124	163	173	170	206	162	207	138	127	144	111
	23	1761	87	110	145	167	204	211	148	203	127	131	134	94

SPEED BY HOUR                                                                   														
	Hour	ALL	JAN	FEB	MAR	APR	MAY	JUN	JUL	AUG	SEP	OCT	NOV	DEC
	0	3.2	3.41	4.47	3.48	3.72	3.51	2.71	2.46	3.08	2.96	3.62	2.96	3.13
	1	3.2	3.09	4.07	3.73	4.01	3.43	2.56	2.27	3	3.22	3.61	2.73	3.13
	2	3.18	3.47	4.44	3.7	3.79	3.45	2.44	2.14	2.96	3.35	3.49	2.89	3.19
	3	3.07	2.7	4.2	3.67	3.71	3.16	2.49	2.28	2.93	2.97	3.63	2.85	3.42
	4	3.15	2.8	3.99	3.6	4.06	3.25	2.66	2.04	2.83	3.21	3.71	2.92	3.32
	5	3.08	3.02	4.48	3.53	3.51	3.04	2.48	1.92	2.94	3.37	3.58	2.9	3.39
	6	3.05	3.01	4.2	3.45	3.35	2.98	2.5	2.18	2.93	3.3	3.6	2.94	3.58
	7	3.06	2.91	3.84	3.56	3.49	3.12	2.62	2.18	2.76	3.05	3.7	2.87	3.25
	8	3.15	3.03	4.11	3.8	3.51	3.13	2.65	2.08	3	3.5	3.45	2.95	3.55
	9	3.17	3.33	4.09	3.42	3.5	3.2	2.74	2.58	3.15	3.19	3.51	2.86	3.24
	10	3.35	2.85	3.91	3.65	3.71	3.62	3.15	2.65	3.36	3.8	3.6	2.76	3.17
	11	3.49	2.92	4.19	3.9	3.98	3.91	3.14	2.84	3.76	3.57	3.61	2.76	2.99
	12	3.67	3.13	4.3	3.87	3.91	4.03	3.47	3.19	4.02	3.99	3.74	2.85	2.86
	13	3.82	3.09	4.3	4.35	4.53	4.07	3.55	3.45	4.06	4.05	3.9	2.57	3.45
	14	3.87	3.12	4.48	4.28	4.45	4.17	3.81	3.54	4.21	3.95	3.84	2.8	3.1
	15	4.02	3.18	4.52	4.54	4.48	4.18	4.13	3.8	4.38	3.84	4.09	2.81	3.13
	16	4.05	3.32	4.06	4.67	4.83	4.13	4.28	4.01	4.39	3.87	3.98	2.71	3.28
	17	4.07	3.42	4.28	4.49	4.54	4.18	4.38	4.17	4.52	3.81	3.73	2.73	3.26
	18	4	3.24	4.42	4.27	4.5	4.03	4.44	4.06	4.34	3.77	3.45	2.74	3.32
	19	3.86	3.06	4.08	3.84	4.19	4	4.45	3.99	4.36	3.33	3.6	3	3.35
	20	3.79	3.05	4.17	3.81	4.02	3.91	4.39	4	4.02	3.3	3.47	2.8	3.47
	21	3.67	3.78	4.19	3.98	3.92	3.62	4.2	3.49	3.71	3.11	3.55	3.02	3.2
	22	3.46	3.13	4.1	3.85	3.72	3.56	3.7	3.14	3.38	3.09	3.64	2.92	3.03
	23	3.37	2.87	4.4	3.88	3.92	3.35	3.15	2.66	3.23	3.36	3.61	2.89	3.17

POWER BY HOUR                                                                   														
	Hour	ALL	JAN	FEB	MAR	APR	MAY	JUN	JUL	AUG	SEP	OCT	NOV	DEC
	0	60	131	161	90	85	57	25	18	50	35	65	50	70
	1	64	94	125	102	116	59	25	17	43	49	64	42	76
	2	64	104	172	97	96	61	22	17	39	50	63	51	96
	3	62	61	169	116	89	54	23	20	43	46	68	44	138
	4	65	82	126	108	109	54	30	17	39	43	75	48	112
	5	61	87	144	108	80	41	33	13	44	58	71	41	97
	6	59	73	131	86	86	41	31	18	42	54	67	57	133
	7	63	75	129	103	93	50	33	22	42	43	77	45	91
	8	64	62	142	109	89	47	40	22	51	66	54	48	99
	9	66	89	161	104	101	49	39	36	54	48	65	45	77
	10	74	77	168	120	94	66	50	37	60	75	62	44	85
	11	78	61	158	145	119	78	44	39	76	59	69	39	67
	12	83	76	179	124	114	84	54	45	86	79	76	50	67
	13	96	84	164	169	139	86	55	53	92	92	88	42	105
	14	89	83	181	144	127	87	59	52	91	76	82	44	77
	15	94	79	163	159	142	88	71	62	96	74	90	47	70
	16	99	101	144	185	146	83	77	75	85	76	87	43	99
	17	96	87	155	168	137	84	89	75	93	66	69	41	102
	18	91	90	168	137	141	77	86	66	100	61	52	45	84
	19	82	72	144	102	104	73	87	69	86	45	64	50	97
	20	79	85	134	103	95	86	86	70	71	46	56	47	81
	21	73	132	147	106	90	60	74	46	59	44	66	52	81
	22	67	86	124	115	80	66	56	32	56	42	64	44	57
	23	67	84	154	111	96	56	38	22	51	54	71	44	76																									

SPEED BY DIRECTION                                                              																																							
	Month	calm	0	10	20	30	40	50	60	70	80	90	100	110	120	130	140	150	160	170	180	190	200	210	220	230	240	250	260	270	280	290	300	310	320	330	340	350	360
	ALL	0	3.42	3.58	4.43	4.48	4.19	3.83	3.39	2.99	3.03	3.38	4.37	5.04	6.13	6.27	4.81	4.95	4.91	4.42	4.04	3.87	3.94	3.43	3.6	3.33	3.17	3.12	3.15	3.34	3.5	3.57	3.85	3.97	3.91	3.53	3.45	3.43	3.42
	1	0	3.5	3.7	4.8	4.8	3.9	3.3	3.8	3.1	4.7	3.8	4.9	5.4	6.9	7.2	5.9	3.4	4.2	4.8	4.8	3.8	3.7	3	2.8	2.7	4.1	2.7	5.2	4.6	2.4	3.2	4.5	3.8	3.7	3.4	3.2	3.3	3.5
	2	0	3.2	4	4.7	5.2	4.3	3.7	3.2	3.5	3.4	5	5.7	7.1	8	8.3	7.1	7	6.3	6.6	6.9	6.8	7.4	4.5	5.9	3.7	3.8	1.5	2	3.1	1.8	10.6	4.5	3	3.8	3.5	3.4	3.1	3.2
	3	0	3.5	4.1	5.2	4.8	4.8	4.3	4.2	3.2	2.7	4.4	6.3	5.3	7.1	8.4	6.8	6	6.6	4.7	3.7	3	3.9	3	3.3	3.2	3.1	3.3	3.8	3	3.8	2.4	2	2.7	2.5	3.2	3.3	3.5	3.5
	4	0	4.1	3.5	4.8	5	4.6	4	3.8	3.9	3.6	3.6	5.6	7.1	7.4	7.3	5.9	5.5	5.7	4.8	4	4.6	4.1	3.7	4.7	4.5	2.8	2.4	2.5	3.5	2.8	3.1	3	3.4	4.1	3.6	3.5	3.7	4.1
	5	0	3.5	3.6	5	4.6	4.1	3.4	3.3	3.6	3.4	3.6	4.1	4.6	5.8	6.4	3.9	5.2	4.9	4.5	4	3.9	3.9	3.4	3.2	3	2.9	2.7	2.7	3.1	3	2.6	3	3.1	3.6	3.5	3.4	3.8	3.5
	6	0	3.4	3.3	4.1	3.9	3.9	3.3	2.9	2.7	2.8	2.6	2.6	2.8	2.9	2.8	3.3	4.1	4.2	4.2	3.8	3.7	3.8	3.5	3.1	3.1	3.2	3.2	3.5	3.1	4	4.1	5	4.5	4.7	4.1	4	3.7	3.4
	7	0	3.2	3.2	3.2	3.3	2.8	3	2.6	2.8	2.5	2.9	3	3.6	4.4	4.1	3.4	3.8	4	4	3.6	3.7	3.5	3.3	3.4	3.1	3.1	3.4	3.1	3.8	3.5	3.8	3.8	4.1	4.1	3.6	3.6	3.1	3.2
	8	0	3.4	3.7	4.3	4	3.8	4	3.4	2.4	2.6	3.1	4.3	3.6	4.9	4.8	5.1	5.5	4.6	4.4	4.4	4.2	4.2	3.8	4.3	3.8	4.1	3.6	3	3.2	3.4	3.5	3.4	4.1	3.9	3.5	3.3	3.5	3.4
	9	0	3.3	3.4	3.8	3.7	3.3	2.9	2.8	2.1	2.4	2.5	3.2	4.7	5.3	5.7	4.2	5	4.9	4	3.6	3.3	3.3	2.8	3.1	3.4	2.4	3.8	3.9	3.5	5.3	3.9	4.3	3.8	3.4	3.4	3.3	3.1	3.3
	10	0	3.3	3.3	4	4.3	4.7	5	3.4	2.3	2.7	2.4	3.1	5.1	6.6	6.1	5.1	4.9	4.5	4.1	3.4	2.3	2.2	1.6	1.1	1.2	1.9	1.5	1	1.5	0.7	2.3	2.6	2.1	2.8	3.5	3.3	3.3	3.3
	11	0	3.2	3.5	4.1	4.2	3.3	2.6	2.7	2.3	3	3.9	5	6.2	5.7	5	3.9	4.3	4	4	2.3	2.3	2.3	1.9	2.5	2	2	2	2.4	2.3	3.5	3.1	3.8	3.7	2.9	2.6	3.1	3.3	3.2
	12	0	3.4	3.8	4.3	4.5	5.3	4.9	4.8	5.1	3.3	3.9	4.6	6.6	7.2	6.6	4.3	5	8	4.6	3.9	2.1	3.1	2	2	1.9	2.5	2.6	3.2	3.2	2.5	2	2.6	4.5	3.7	2.7	3.4	3.4	3.4
FREQUENCY BY DIRECTION                                                          																																							
	Month	calm	0	10	20	30	40	50	60	70	80	90	100	110	120	130	140	150	160	170	180	190	200	210	220	230	240	250	260	270	280	290	300	310	320	330	340	350	360
	ALL	14.42	6.05	9.59	9.51	8.69	4.96	2.9	1.73	0.86	0.84	0.62	1.01	1.46	2.61	2.68	2.43	3.05	3.67	2.94	2.25	1.99	1.96	1.58	1.51	1.39	1.08	0.83	1.09	1	0.95	1.41	1.81	2.13	2.55	3.08	3.28	4.5	6.05
	1	28.3	8.3	10.7	13.1	12.2	4.7	2.7	2.2	1.1	1.1	0.9	1.3	1.7	5	3.2	2.1	1.6	1.4	2	1.9	1.8	1.7	1.2	0.1	0.5	0.2	0.3	0.6	0.3	0.4	0.3	0.5	1	1.2	2.6	4.3	5.8	8.3
	2	18.7	4.9	9	16.6	13.9	5.2	3	1.3	0.7	0.5	0.7	1.3	1.5	6	6.5	3	3	3.3	1.9	1.2	0.9	1.2	0.5	0.2	0.4	0.5	0	0.1	0.1	0.2	0.3	0.2	0.6	1.2	2.6	3.2	4.2	4.9
	3	17	6.9	11.7	15.1	14.5	7.2	5.3	1.8	0.8	0.4	0.3	1.1	1.4	3	4.1	2.2	1.5	2.3	2	0.8	1.1	0.9	1	0.9	0.7	0.5	0.3	0.3	0.3	0.4	0.3	0.4	0.5	0.9	1.6	2.5	4.7	6.9
	4	11.9	5.8	5.6	10.1	12.3	7.6	4.2	1.9	0.8	1	0.6	1.5	1.9	3	1.9	2.8	2.8	3.6	2.3	1.4	1.2	1.1	1.2	1.4	1.5	1.4	0.7	1.1	1	1	1.2	1.1	1.4	2.1	3.3	3.3	4.9	5.8
	5	10	5.3	8.1	6.3	7.2	4.6	2.9	1.4	0.6	1.2	0.5	0.9	1.4	2.3	2.7	2.7	4.3	5.7	5	2.8	2	2.2	1.8	1.6	1.6	0.9	0.8	1.1	1.1	1.2	2	2.6	2.1	3.1	3.5	2.9	3.8	5.3
	6	11.5	4	4.8	4.4	3.8	3.3	1.9	1.7	1.1	0.7	0.5	1	1	1.5	1.5	1.6	3	4.3	4.1	3.8	3.3	3.1	2.7	2.7	2.5	2	1.5	2.2	1.8	1.8	2.9	3.9	5	4.4	4.6	4.2	3.5	4
	7	15.1	4.7	6.4	3.3	2.8	2.6	1.4	1.5	1.2	1.1	0.8	0.9	1	1.8	1.8	2.2	4	4.3	3.2	3.8	3.7	3.9	2.9	3.1	2.9	2.4	1.6	2.3	2.6	1.9	3.2	3.1	3.9	4.1	3.6	3.3	3.1	4.7
	8	10.8	4.6	8.9	5.9	4.4	3	2.3	1.6	0.8	0.8	0.7	0.8	1.5	2.2	2.4	2.8	3.3	4.6	4	3.9	3.8	3.6	2.9	2.7	2	1.3	1.2	1.5	1.2	1.2	1.5	2.3	2.5	3.3	3.4	3.3	3.7	4.6
	9	9.2	6.4	12.7	9.2	7.2	5.5	2.7	2	0.9	1	0.7	1.2	2.4	3.2	3.9	4	4.9	4.4	2.9	1.5	1.2	1.4	0.9	0.9	0.6	0.8	0.7	0.8	0.6	0.6	1.1	1.8	2.1	2.2	2.6	1.8	3.2	6.4
	10	8.7	7.7	17.9	14.7	14.4	7.6	3.7	2.4	0.6	0.7	0.4	0.5	1.1	2.7	3.1	2.7	1.7	1.8	1.4	0.4	0.6	0.3	0.4	0.1	0.1	0.1	0.3	0.1	0.1	0.1	0.2	0.3	0.3	0.7	1.4	3.2	6	7.7
	11	22.2	10.2	16	18.6	12.5	4.6	2.1	1.2	0.8	0.6	0.8	1.3	1.4	1.3	1.1	1.4	2.2	1.5	1.1	0.7	0.3	0.1	0.1	0.1	0.3	0.4	0.4	0.4	0.2	0.4	0.4	0.6	0.7	1.5	2.4	3.6	8.7	10.2
	12	24.8	10	12.2	12.5	12.3	7.2	4.3	2.7	1.1	0.7	0.8	0.8	2.1	2.5	2.4	1.2	1.4	2.4	0.8	0.8	0.4	0.1	0.3	0.4	0.3	0.4	0.4	0.2	0.5	0.2	0.5	0.7	1.5	2.2	3.1	4.1	6.2	10
FREQUENCY OF SPEED                                                              																											
	Month	0	1	2	3	4	5	6	7	8	9	10	11	12	13	14	15	16	17	18	19	20	21	22	23	24	25
	ALL	14.4	9.3	19.5	17.5	14.1	10	6.4	3.7	2.2	1.2	0.7	0.4	0.2	0.1	0	0	0	0	0	0	0	0	0	0	0	0
	1	28.3	10.7	14.7	12.2	8.3	8.2	5.6	4.6	3.5	2	1.1	0.5	0.1	0.2	0.1	0	0	0	0	0	0	0	0	0	0	0
	2	18.7	6.8	14.4	10.4	10.5	10.6	9	5.6	4.7	3.6	2.5	1.4	1.1	0.5	0.2	0	0	0	0	0	0	0	0	0	0	0
	3	17	7.5	16.9	14.9	11.8	8.7	6.9	5.8	4	2.5	2	1	0.5	0.3	0.1	0.1	0	0	0	0	0	0	0	0	0	0
	4	11.9	7.4	16.8	17.8	14.6	10.9	7.1	5.3	3.1	2	1.3	1.1	0.5	0.3	0.1	0	0	0	0	0	0	0	0	0	0	0
	5	10	8.4	19.2	20.2	16.8	10.9	7.3	3.7	1.7	1	0.5	0.2	0	0	0	0	0	0	0	0	0	0	0	0	0	0
	6	11.5	10.9	21.2	18.5	15.4	11	6.7	3	1.3	0.4	0.1	0.1	0	0	0	0	0	0	0	0	0	0	0	0	0	0
	7	15.1	11.7	24.6	19.2	13.1	8.6	4.3	2	0.9	0.4	0.1	0	0	0	0	0	0	0	0	0	0	0	0	0	0	0
	8	10.8	9.1	19.8	19.1	16.6	10.7	6.9	3.2	2	0.8	0.4	0.2	0.2	0.1	0	0	0	0	0	0	0	0	0	0	0	0
	9	9.2	10.3	22.2	21.9	14.5	10.3	5.7	2.7	1.5	1	0.5	0.2	0	0	0	0	0	0	0	0	0	0	0	0	0	0
	10	8.7	7.9	20.7	21.5	17.1	10.1	6.3	4	1.9	0.8	0.5	0.2	0.1	0.1	0	0	0	0	0	0	0	0	0	0	0	0
	11	22.2	12	20.4	15	11.4	9	5.7	2.6	1.4	0.4	0.1	0	0	0	0	0	0	0	0	0	0	0	0	0	0	0
	12	24.8	8.3	17.9	11.5	12.4	9.3	5.5	3.7	2.6	1.3	1	0.8	0.4	0.4	0.1	0	0	0	0	0	0	0	0	0	0	0
PERCENT OF POWER BY SPEED                                                       																											
	Month	0	1	2	3	4	5	6	7	8	9	10	11	12	13	14	15	16	17	18	19	20	21	22	23	24	25
	ALL	0	0.3	2.2	5.7	9.9	13.4	14.5	13.1	11.4	9.1	7.1	5.5	3.7	2.7	1	0.3	0.2	0.1	0	0	0	0	0	0	0	0
	1	0	0.3	1.6	3.6	5.3	10.1	11.5	14.9	16.7	13.5	9.8	5.6	1.3	3.5	2.3	0	0	0	0	0	0	0	0	0	0	0
	2	0	0.1	0.9	1.7	3.9	7.4	10.5	10.3	12.2	13.7	12.8	9.4	9.3	5.1	2	0	0.7	0	0	0	0	0	0	0	0	0
	3	0	0.1	1.2	3.1	5.3	7.4	10	13	12.9	12	12.5	8.5	5.5	4.6	1.9	1.2	0.7	0	0	0	0	0	0	0	0	0
	4	0	0.2	1.4	4.2	7.4	10.5	11.4	13.5	11.1	10.3	8.6	9.7	5.5	4.4	1.4	0.5	0	0	0	0	0	0	0	0	0	0
	5	0	0.3	2.5	7.5	13.2	16.4	18.5	14.4	9.6	8.4	5	3.4	0.4	0.4	0	0	0	0	0	0	0	0	0	0	0	0
	6	0	0.4	3.4	8.3	15.2	20.6	21.2	14.8	9.3	3.9	1	1.3	0.4	0	0	0	0	0	0	0	0	0	0	0	0	0
	7	0	0.6	5.1	11.2	16.2	21	17.9	12.7	9	4.7	1	0.4	0	0	0	0	0	0	0	0	0	0	0	0	0	0
	8	0	0.3	2.5	6.9	13	16	17.4	12.3	11.9	6.8	4.2	3.1	3.8	1.3	0	0.6	0	0	0	0	0	0	0	0	0	0
	9	0	0.4	3.3	9	12.7	17.6	16	11.8	9.9	9.8	6.1	2.6	0.7	0	0	0	0	0	0	0	0	0	0	0	0	0
	10	0	0.2	2.7	7.7	13.1	14.9	15.6	15.3	10.5	6.6	5.2	2.7	2.3	2.2	0.9	0	0	0	0	0	0	0	0	0	0	0
	11	0	0.6	3.9	8.2	13.5	20	21.3	14.9	11.4	5.2	0.9	0	0	0	0	0	0	0	0	0	0	0	0	0	0	0
	12	0	0.2	1.8	3.4	7.9	10.8	10.9	11.4	11.3	8.5	8.2	9.2	6.2	6.9	2.1	0	0	1.5	0	0	0	0	0	0	0	0
PREVAILING DIRECTION BY HOUR                                                    																											
	Month	0	1	2	3	4	5	6	7	8	9	10	11	12	13	14	15	16	17	18	19	20	21	22	23		
	ALL	10	10	10	10	10	10	10	20	20	20	30	20	30	30	30	30	30	30	30	30	10	10	10	10
	1	20	20	20	360	20	20	30	30	20	30	30	20	30	20	10	20	20	30	20	10	10	20	10	20
	2	20	20	20	20	20	20	30	20	30	20	30	20	30	30	30	20	30	30	30	20	20	10	30	20
	3	10	10	20	10	10	10	20	20	20	20	20	30	30	20	30	30	40	30	20	30	10	20	20	10
	4	30	30	20	20	20	30	20	20	30	30	30	30	40	30	40	50	40	30	30	30	20	30	30	20
	5	10	10	10	10	10	10	10	20	30	20	30	40	170	160	170	170	40	150	30	30	30	30	20	10
	6	310	10	10	10	10	360	30	20	40	40	160	180	180	170	320	300	310	310	310	310	310	300	320	320
	7	10	360	330	10	10	10	10	20	10	190	160	140	200	170	160	160	130	150	220	310	320	320	360	10
	8	10	10	10	10	10	10	10	10	10	10	20	20	170	170	180	10	20	180	180	20	10	10	310	330
	9	10	10	10	10	10	10	10	10	10	10	10	20	40	30	40	150	10	40	40	30	20	10	10	10
	10	10	10	10	10	10	10	20	10	10	10	20	30	40	30	40	30	30	30	30	10	10	10	10	10
	11	20	10	20	20	20	20	20	10	20	10	10	20	20	30	20	30	20	10	20	20	10	10	20	20
	12	20	20	20	360	360	10	10	20	30	30	30	10	30	10	10	30	20	20	10	10	30	10	20	30
SPEED FOR PREVAILING DIRECTION BY HOUR                                          																									
	Month	0	1	2	3	4	5	6	7	8	9	10	11	12	13	14	15	16	17	18	19	20	21	22	23
	ALL	3.42	3.49	3.34	3.34	3.35	3.3	3.29	4.07	4.12	4.24	4.25	4.16	4.49	4.8	4.75	4.87	4.94	4.72	4.59	4.49	3.56	3.68	3.49	3.6
	1	4.57	4.51	3.97	4.6	4.67	4.72	5.19	4.92	4.79	6.5	4.71	4.43	3.54	4.41	2.56	6.16	4.42	4.93	5.02	3.82	2.62	5.06	3.65	4.17
	2	5.25	4.61	4.51	3.81	4.44	4.29	4.46	4.18	5.64	4.54	4.86	3.92	5.06	5.68	4.62	5.55	5.37	4.45	4.89	5.23	4.06	4.48	5.29	5.01
	3	4.38	4.21	4.93	3.7	3.86	3.55	4.37	4.6	4.76	4.46	5.08	5.09	5.9	6.57	6.18	6.38	5.97	5.31	6.63	4.98	4.04	4.86	5.17	4.37
	4	5.32	4.81	4.35	4.22	4.85	4.13	4.3	3.75	4.76	4.55	4.37	5.19	4.66	6.31	4.56	4.15	4.92	5.91	5.02	5.2	5.61	4.66	4.94	4.96
	5	3.94	3.98	3.46	3.48	3.24	3.29	3.15	4.8	4.33	4.54	3.86	4.34	5.55	6.11	5.39	5.71	4.7	4.29	5.39	5.01	5.26	4.57	5.05	3.66
	6	2.88	3.08	2.67	2.97	2.95	2.58	3.33	4.12	2.79	3.41	4.43	3.63	4.03	5.47	4.66	5.43	5.22	6.11	4.71	5.07	5.96	5.56	4.54	4.48
	7	2.7	2.53	3.04	2.67	2.59	2.62	2.89	3.39	2.57	3.79	3.03	2.31	3.88	3.87	4.23	4.12	3.54	3.68	3.69	5.66	5.31	3.68	2.66	2.42
	8	3.12	2.98	2.96	3.3	2.78	3.06	3.11	2.78	3.47	4.93	5.12	4.78	4.14	4.53	4.79	5.29	3.42	4.96	3.99	4.86	3.39	3.56	4.37	3.25
	9	3.39	3.04	3.41	3.15	3.36	3.28	3.01	3.11	3.31	3.31	3.76	3.43	3.57	3.33	3.96	4.38	4.48	3.38	3.2	2.95	4.09	3.51	3.03	3.06
	10	3.19	3.21	3.24	3.27	3.07	3.42	3.8	3.47	3.18	3.07	3.75	4.6	3.88	4.3	5.31	4.32	4.45	4.47	3.93	3.22	3.21	3.04	3.37	3.38
	11	4.24	3.49	4.24	3.83	3.89	3.53	4.58	3.33	4.5	4.07	3.34	3.43	4.91	3.72	4.16	4.57	3.76	3.57	4.3	4.09	3.16	2.92	4.59	4.35
	12	4.25	4.53	3.86	3.63	3.98	3.81	3.88	4.81	3.45	3.68	3.86	3.1	3.18	2.95	3.23	4.39	3.81	4.17	3.96	3.23	5.1	3.37	3.37	5.55
