NORTHWAY            AK - 702910                                                 														
 62 deg    58' N  141 deg    56' W - Elev  525m   LST=GMT+99 hours   *NT= -9    														
 01/73-09/02                                                                    														
SPEED BY YEAR                                                                   														
	Year	ALL	JAN	FEB	MAR	APR	MAY	JUN	JUL	AUG	SEP	OCT	NOV	DEC
	ALL	1.91	0.76	1.08	1.78	2.39	2.85	2.81	2.6	2.43	2.29	1.97	1.09	0.8
	1973	1.96	1.31	0.87	2.08	2.65	2.77	2.87	2.61	2.9	2.3	2.15	1.23	0.17
	1974	2.06	0.36	1.49	2.32	2.27	2.88	2.89	2.93	2.65	2.38	1.97	1.61	0.91
	1975	2.16	1.2	1.12	1.98	3.6	2.83	3.08	2.83	2.61	2.47	3	0.97	0.33
	1976	1.32	0.21	0.8	1.58	1.53	2.2	1.98	2.19	1.99	1.41	1.16	0.28	0.38
	1977	1.76	0.49	0.33	2.3	2.77	2.88	2.62	2.34	2.06	2.54	1.87	0.46	0.16
	1978	1.85	0.25	0.8	1.39	2.36	2.7	2.94	2.52	2.5	2.17	1.88	1.57	1.1
	1979	1.79	0.22	0.45	1.65	2.65	2.9	3.05	2.52	2.02	1.79	1.56	1.4	1.37
	1980	2.01	1.2	1.28	1.91	2.36	2.97	3.3	2.62	2.57	2.53	1.54	1.19	0.65
	1981	1.88	0.68	1.27	1.54	2.45	2.77	2.74	2.62	2.49	2.16	2.2	1.21	0.42
	1982	1.88	0.38	1.61	1.85	2.74	2.7	2.65	2.68	2.52	2.02	2.56	0.65	0.27
	1983	1.83	0.38	0.88	0.84	2.25	2.69	2.78	2.72	2.74	2.63	2.45	0.95	0.55
	1984	1.89	1.28	1.37	1.52	2.67	2.7	2.65	2.68	2.54	1.66	1.62	0.69	1.06
	1985	2.09	0.63	1.29	2.08	2.67	2.83	2.92	2.69	2.4	2.76	2.37	1.64	0.79
	1986	1.99	0.55	0.99	1.87	2.58	2.79	3.14	3.22	2.72	2.77	1.56	1.24	0.87
	1987	1.94	1.3	1.44	1.24	2.34	2.54	2.66	2.67	2.43	2.34	1.79	1.2	1.35
	1988	1.92	0.52	1.34	1.84	2.42	2.61	2.77	2.38	2.44	2.28	2.05	1.39	1.04
	1989	2.06	1.7	1.46	1.8	2.16	2.98	2.8	2.48	2.24	2.15	2.36	1.4	1.03
	1990	2.03	0.91	1.58	2.02	2.2	2.55	2.78	2.29	2.11	2.36	2.09	1.81	1.65
	1991	1.94	1.53	1.57	2.24	1.9	2.95	2.54	2.43	2.11	1.99	2.33	0.78	0.9
	1992	2.11	0.65	0.95	1.97	2.98	3.62	2.99	2.56	2.67	2.93	1.73	1.39	1.4
	1993	2.15	2.06	1.47	1.69	2	2.87	2.74	2.82	2.69	2.74	2.19	2.02	0.49
	1994	2.16	0.68	0.83	2.49	2.65	3.46	3.37	2.68	2.68	2.27	1.99	2.04	0.9
	1995	1.92	0.65	1.51	2.52	2.42	3.16	3.33	2.9	2.61	1.98	2.06	0.71	0.53
	1996	1.99	0.37	2.01	2.28	1.99	2.92	2.59	2.61	2.6	2.49	1.93	0.57	1.47
	1997	1.95	0.55	0.58	2.09	2.45	3.66	3.17	2.87	2.76	1.8	2.36	0.63	0.29
	1998	1.68	0.24	0.03	1.42	2.66	3.29	3.5	3.13	2.97	2.41	0.93	0.15	0.89
	1999	1.8	0.2	0.76	1.56	2.74	3.47	3.13	2.65	2.2	2.33	1.42	0.89	0.91
	2000	1.43	0.89	0.76	1.32	1.91	2.62	1.92	2.1	2.17	2.36	1.03	0.19	0.13
	2001	1.91	0.25	0.61	1.15	1.81	2.97	3.61	2.97	2.7	2.54	2.91	2.11	3.72
	2002	1.6	2.38	0.47	1.06	2.11	2.23	1.93	1.89	1.31	1.15	-1	-1	-1
POWER BY YEAR                                                                   														
	Year	ALL	JAN	FEB	MAR	APR	MAY	JUN	JUL	AUG	SEP	OCT	NOV	DEC
	ALL	19	8	11	19	25	32	28	23	22	21	19	9	8
	1973	20	19	3	19	37	29	26	22	37	18	20	13	0
	1974	21	2	18	31	18	29	30	29	23	21	17	21	8
	1975	27	20	8	17	70	28	33	38	39	20	44	10	2
	1976	13	1	15	29	18	24	15	17	13	12	6	1	2
	1977	18	1	1	33	37	31	27	19	14	31	15	4	1
	1978	18	5	8	13	23	27	31	18	21	16	19	18	13
	1979	19	1	6	21	27	33	45	22	26	12	9	7	18
	1980	18	12	9	14	20	31	38	21	23	25	10	8	5
	1981	16	2	8	13	25	26	24	22	19	14	21	10	1
	1982	19	4	23	20	31	25	24	24	25	15	29	4	1
	1983	16	2	6	3	18	37	23	24	22	32	24	2	1
	1984	16	12	14	8	28	26	21	24	26	9	13	2	10
	1985	21	1	11	32	28	34	27	24	20	35	20	18	4
	1986	20	2	6	23	33	28	36	33	24	37	9	9	3
	1987	19	10	28	7	18	30	24	25	20	29	10	5	24
	1988	16	7	13	12	22	22	30	18	18	17	15	9	5
	1989	19	22	12	22	15	38	25	19	18	12	22	12	12
	1990	18	6	20	19	16	22	26	18	15	17	18	20	15
	1991	18	23	13	25	25	34	20	18	15	13	24	3	6
	1992	21	2	5	18	35	52	30	20	23	37	11	8	14
	1993	22	25	19	14	13	28	26	28	39	32	17	23	1
	1994	21	2	5	33	25	42	39	22	25	19	17	23	10
	1995	19	17	10	33	23	36	37	29	20	16	22	6	3
	1996	21	1	28	22	14	33	24	25	25	29	24	4	29
	1997	23	8	4	33	34	52	37	27	25	16	30	6	5
	1998	22	4	0	20	25	46	43	33	35	25	32	1	18
	1999	24	2	15	13	43	51	42	28	20	22	19	12	24
	2000	13	10	9	13	15	29	12	18	20	21	6	1	1
	2001	17	4	5	6	18	29	40	22	17	16	28	8	60
	2002	15	13	4	9	23	31	17	15	8	7	-1	-1	-1
NUMBER OF SPEED OBSERVATIONS BY YEAR                                            														
	Year	ALL	JAN	FEB	MAR	APR	MAY	JUN	JUL	AUG	SEP	OCT	NOV	DEC
	ALL	221169	18636	17681	19527	18875	18917	17795	18658	18522	17960	18589	17802	18207
	1973	6914	517	526	585	500	467	502	612	627	615	653	645	665
	1974	7495	644	547	657	622	677	627	604	627	626	620	607	637
	1975	7726	628	584	655	622	641	577	639	667	672	686	670	685
	1976	8067	702	663	699	696	711	687	681	669	634	666	609	650
	1977	7868	640	588	691	664	672	661	699	683	649	643	629	649
	1978	8026	679	602	701	665	692	653	686	683	636	657	675	697
	1979	8274	713	652	712	667	702	667	685	710	675	690	685	716
	1980	8175	705	592	714	675	693	666	689	675	684	714	657	711
	1981	8472	721	662	731	703	721	703	711	701	703	721	688	707
	1982	8235	704	642	680	681	688	685	695	700	685	692	682	701
	1983	8382	717	656	721	692	721	682	704	728	674	712	670	705
	1984	8154	540	566	729	699	715	697	733	692	691	707	697	688
	1985	8395	703	645	716	689	718	672	707	704	705	720	696	720
	1986	6956	700	653	728	691	702	490	502	507	486	499	495	503
	1987	8244	655	631	720	678	694	669	708	695	667	725	684	718
	1988	8382	705	660	724	695	715	690	703	693	686	707	692	712
	1989	8385	710	636	708	698	723	698	720	700	700	719	674	699
	1990	8361	715	659	706	704	717	685	696	708	693	704	678	696
	1991	8295	701	648	710	650	691	683	708	699	690	714	693	708
	1992	6826	569	463	493	483	508	492	491	560	670	702	683	712
	1993	8228	706	649	705	689	704	677	690	704	659	684	673	688
	1994	5845	681	444	502	477	490	462	496	502	477	491	463	360
	1995	6360	478	432	465	477	322	346	625	541	639	698	637	700
	1996	7401	712	663	705	677	718	614	594	497	589	620	532	480
	1997	6062	449	542	529	550	535	510	541	473	536	426	428	543
	1998	5393	512	542	518	412	460	415	370	362	407	459	482	454
	1999	5394	439	432	495	475	414	401	427	402	412	443	532	522
	2000	7231	411	469	531	626	609	556	585	615	650	729	754	696
	2001	5311	753	690	643	662	487	424	386	372	329	388	92	85
	2002	4312	127	543	654	656	610	504	571	626	21	0	0	0
NUMBER OF SPEED OBSERVATIONS BY HOUR                                            														
	Hour	ALL	JAN	FEB	MAR	APR	MAY	JUN	JUL	AUG	SEP	OCT	NOV	DEC
	0	8619	713	665	755	753	728	687	721	737	705	752	683	720
	1	8649	727	686	751	723	746	683	719	712	698	758	711	735
	2	8449	718	657	737	711	737	664	705	721	689	728	681	701
	3	8718	759	679	761	720	720	662	731	718	719	777	725	747
	4	8615	728	679	754	745	737	679	727	708	686	737	710	725
	5	9022	716	661	752	812	792	764	808	780	734	798	682	723
	6	9594	813	784	814	829	832	780	808	800	786	803	775	770
	7	9550	807	773	853	802	819	774	815	784	778	805	749	791
	8	9354	762	744	837	803	812	771	787	817	760	779	724	758
	9	9411	804	763	843	796	818	755	805	764	766	771	749	777
	10	9380	787	745	844	791	820	761	786	777	767	781	747	774
	11	9447	782	775	851	800	829	782	804	800	754	764	747	759
	12	9405	780	744	844	807	815	785	799	783	767	785	731	765
	13	9385	797	756	834	798	813	758	803	779	755	785	730	777
	14	9341	787	764	840	804	793	777	784	786	743	770	735	758
	15	9365	800	740	829	787	814	762	771	782	769	772	770	769
	16	9479	797	750	830	809	821	781	796	803	763	781	772	776
	17	9496	802	750	840	827	798	780	798	805	778	780	770	768
	18	9641	801	769	845	830	808	758	829	821	791	803	791	795
	19	9626	810	764	849	835	818	777	822	817	799	800	764	771
	20	9423	805	780	845	807	778	740	788	787	767	777	775	774
	21	9593	801	771	842	830	791	783	820	810	781	794	787	783
	22	8989	801	776	838	729	738	670	712	712	706	753	774	780
	23	8618	739	706	739	727	740	662	720	719	699	736	720	711
	24	8619	713	665	755	753	728	687	721	737	705	752	683	720
SPEED BY HOUR                                                                   														
	Hour	ALL	JAN	FEB	MAR	APR	MAY	JUN	JUL	AUG	SEP	OCT	NOV	DEC
	0	1.54	0.73	1.09	1.55	1.9	1.98	1.99	1.86	1.87	1.77	1.82	1.05	0.76
	1	1.48	0.75	1.02	1.5	1.87	1.9	1.83	1.87	1.69	1.77	1.8	1.03	0.73
	2	1.45	0.72	1.02	1.5	1.81	1.82	1.78	1.7	1.67	1.74	1.79	1.06	0.69
	3	1.44	0.73	1.02	1.46	1.84	1.73	1.82	1.67	1.66	1.83	1.81	0.99	0.73
	4	1.4	0.76	0.93	1.44	1.72	1.67	1.75	1.65	1.6	1.74	1.77	1	0.76
	5	1.47	0.71	1	1.4	1.8	1.79	1.93	1.82	1.65	1.81	1.79	1.03	0.71
	6	1.54	0.8	0.98	1.41	1.77	2.02	2.22	1.97	1.78	1.84	1.75	1.07	0.82
	7	1.65	0.76	0.96	1.42	2.01	2.4	2.49	2.22	2.13	1.83	1.72	1.05	0.82
	8	1.84	0.81	0.99	1.45	2.32	2.73	2.71	2.51	2.48	2.14	1.82	1.09	0.81
	9	1.96	0.77	0.97	1.6	2.51	3.04	2.95	2.68	2.68	2.51	1.86	1.09	0.79
	10	2.12	0.76	1.03	1.83	2.74	3.29	3.08	2.88	2.92	2.77	2.08	1.09	0.82
	11	2.24	0.71	1.02	2	2.87	3.4	3.33	3.08	2.99	2.94	2.32	1.16	0.82
	12	2.36	0.78	1.14	2.26	2.97	3.68	3.5	3.22	3.09	2.98	2.36	1.28	0.85
	13	2.43	0.81	1.25	2.39	3.07	3.84	3.61	3.34	3.13	3.05	2.45	1.26	0.81
	14	2.46	0.86	1.35	2.38	3.16	3.79	3.69	3.31	3.29	3.06	2.4	1.22	0.83
	15	2.42	0.74	1.29	2.36	3.05	3.83	3.62	3.43	3.22	3.03	2.41	1.17	0.83
	16	2.41	0.77	1.22	2.36	3.12	3.83	3.72	3.42	3.19	3.02	2.2	1.09	0.84
	17	2.33	0.74	1.2	2.2	3.09	3.82	3.59	3.36	3.11	2.75	2.01	1.1	0.89
	18	2.18	0.75	1.09	1.82	2.84	3.7	3.49	3.33	2.94	2.4	1.87	1.06	0.85
	19	2.03	0.73	1.04	1.67	2.46	3.48	3.31	3.19	2.61	2.07	1.83	1.04	0.81
	20	1.87	0.77	1.09	1.63	2.14	2.93	3.11	2.78	2.33	2.02	1.84	1.08	0.8
	21	1.75	0.78	1.1	1.6	2.05	2.6	2.76	2.41	2.05	1.87	1.91	1.09	0.77
	22	1.63	0.74	1.04	1.65	1.95	2.31	2.34	2.22	1.98	1.85	1.91	1.09	0.79
	23	1.56	0.71	1.06	1.55	1.93	2.18	2.12	2.01	1.75	1.78	1.8	1.05	0.75
	24	1.54	0.73	1.09	1.55	1.9	1.98	1.99	1.86	1.87	1.77	1.82	1.05	0.76
POWER BY HOUR                                                                   														
	Hour	ALL	JAN	FEB	MAR	APR	MAY	JUN	JUL	AUG	SEP	OCT	NOV	DEC
	0	13	7	11	15	18	15	13	12	13	17	16	8	8
	1	13	7	10	14	18	27	12	12	10	15	16	8	7
	2	13	6	10	14	19	14	11	11	10	16	30	8	7
	3	14	6	12	14	19	14	12	11	23	16	21	8	8
	4	12	6	9	14	17	13	12	11	10	15	16	7	8
	5	12	6	9	18	17	15	13	13	10	16	16	8	7
	6	13	11	9	14	17	16	16	13	11	14	15	9	7
	7	14	6	9	13	21	21	20	16	15	15	16	9	7
	8	19	7	10	15	41	29	24	26	19	17	16	9	7
	9	19	6	10	25	26	33	29	22	23	23	17	9	7
	10	22	11	12	20	31	38	31	25	28	27	21	9	8
	11	24	6	11	24	32	40	41	29	28	29	23	10	8
	12	26	7	12	26	34	54	38	31	30	31	23	12	9
	13	27	7	13	27	35	52	43	32	31	32	29	12	8
	14	28	8	13	26	35	50	46	34	46	32	23	10	9
	15	26	6	13	27	33	51	42	37	34	32	22	9	8
	16	28	6	12	34	36	53	57	38	33	32	18	9	7
	17	24	8	13	20	32	48	42	35	30	25	16	9	10
	18	24	16	11	15	27	47	39	34	34	20	15	10	19																									
	19	20	7	10	15	21	40	36	37	22	16	13	8	8																									
	20	16	7	10	14	18	26	30	23	17	15	14	9	9																									
	21	16	15	11	15	19	22	25	17	14	22	17	8	8																									
	22	15	6	11	15	19	19	16	15	27	14	18	10	8																									
	23	13	7	12	14	18	16	14	14	12	14	16	13	8																									
	24	13	7	11	15	18	15	13	12	13	17	16	8	8																									
SPEED BY DIRECTION                                                              																																							
	Month	calm	0	10	20	30	40	50	60	70	80	90	100	110	120	130	140	150	160	170	180	190	200	210	220	230	240	250	260	270	280	290	300	310	320	330	340	350	360
	ALL	0	2.29	2.25	2.31	2.23	2.3	2.28	2.31	2.53	2.72	2.92	2.95	3.01	2.93	2.9	2.75	2.61	2.43	2.33	2.17	2.18	2.31	2.42	2.49	2.62	2.67	2.76	2.78	2.88	3.16	3.6	3.64	3.69	3.55	3.15	2.75	2.5	2.29
	1	0	1.4	1.6	1.9	1.7	1.9	1.9	1.7	1.9	2.1	2.3	2.4	2.3	2.2	2	1.9	1.9	1.9	1.6	1.5	1.7	1.8	1.8	1.7	1.7	1.6	1.8	1.8	2	2.4	3.3	3.4	3.7	3.3	2.9	2.1	1.9	1.4
	2	0	1.6	1.7	1.6	1.8	1.7	1.8	1.9	2.1	2.3	2.7	2.8	2.9	2.7	2.6	2.6	2.2	1.9	1.9	1.7	1.7	1.8	1.8	1.8	1.9	1.8	1.8	1.8	1.9	2.6	3.5	3.8	4	3.7	2.6	2.1	1.9	1.6
	3	0	2	1.8	2.2	1.8	2	2.2	2.2	2.5	2.7	3	3.1	3.2	3.1	3.1	2.8	2.7	2.4	2.3	2	1.9	2	2.1	2	2	2.1	2.2	2.1	2.6	3	3.8	3.9	3.8	3.8	3.3	2.7	2.1	2
	4	0	2.3	2.5	2.2	2.3	2.3	2.2	2.3	2.7	2.9	3.2	3.3	3.2	3.3	3.2	3	2.8	2.7	2.5	2.4	2.4	2.4	2.5	2.6	2.6	2.8	2.7	2.8	2.9	3.1	3.6	3.8	3.9	4.2	3.6	2.9	2.6	2.3
	5	0	2.9	2.9	2.7	2.8	3	2.8	3	3	3.4	3.5	3.4	3.5	3.2	3.3	3.1	3.1	2.9	3	2.6	2.7	2.9	2.9	3	3.3	3.3	3.3	3.2	3.4	3.5	3.9	3.8	3.7	3.6	3.3	3.1	3	2.9
	6	0	2.8	2.8	2.9	2.6	2.8	2.9	2.8	3.2	3.1	3.1	3.1	2.9	3.1	3.2	3	2.7	2.7	2.6	2.7	2.6	2.8	3	3.1	3.3	3.3	3.3	3.3	3.3	3.4	3.6	3.6	3.6	3.5	3.3	3.2	3	2.8
	7	0	2.6	2.5	2.8	2.5	2.6	2.6	2.6	2.7	2.7	2.9	2.9	2.9	2.9	2.9	2.8	2.8	2.8	2.5	2.4	2.5	2.7	2.8	2.9	3	2.9	3	3	3.1	3.3	3.5	3.5	3.5	3.3	3.1	2.8	2.7	2.6
	8	0	2.3	2.3	2.3	2.5	2.6	2.4	2.5	2.8	2.8	2.9	2.8	2.9	2.9	2.8	2.8	2.6	2.5	2.5	2.3	2.4	2.5	2.5	2.9	2.7	2.8	2.9	3	2.9	3.2	3.4	3.5	3.6	3.4	3.1	2.7	2.7	2.3
	9	0	2.1	2.1	2.3	2.4	2.2	2.3	2.5	2.6	2.8	3	3	3.1	3	2.9	2.9	2.7	2.3	2.3	2.2	2.2	2.2	2.3	2.3	2.4	2.4	2.5	2.7	2.7	3.1	3.6	3.8	3.8	3.5	3.1	2.6	2.4	2.1
	10	0	1.9	1.6	1.6	2.2	1.9	2.1	2.2	2.3	2.6	2.9	3	3.1	3	2.9	2.6	2.5	2.3	2.2	2	1.9	1.9	2	1.9	1.9	1.9	2	2	2.3	2.9	3.4	3.5	3.7	3.5	3	2.5	2	1.9
	11	0	1.6	1.6	1.6	1.7	1.7	1.8	1.9	2	2.2	2.6	2.5	2.7	2.7	2.7	2.5	2.2	2	1.7	1.7	1.6	1.7	1.8	1.7	1.7	1.7	1.9	1.8	2.3	2.9	3.5	3.3	3.2	3.4	2.8	2.4	1.7	1.6
	12	0	1.5	1.6	2	1.6	1.6	1.7	1.7	1.7	1.9	2	2.1	2.3	2.2	2.3	2.1	2	1.8	1.7	1.6	1.6	1.6	1.7	1.7	1.7	1.6	1.8	1.9	2.3	3	3.9	3.6	3.7	3.1	2.7	2.3	1.6	1.5
FREQUENCY BY DIRECTION                                                          																																							
	Month	calm	0	10	20	30	40	50	60	70	80	90	100	110	120	130	140	150	160	170	180	190	200	210	220	230	240	250	260	270	280	290	300	310	320	330	340	350	360
	ALL	35.44	1.02	0.78	0.85	0.93	1.25	1.5	2.16	2.58	2.66	3.24	3.06	3.53	3.57	2.93	2.13	1.85	1.77	1.7	2.38	1.98	1.7	1.75	2.09	2.41	2.94	3.06	3.02	3.63	5.04	8.4	9.36	6.38	3.62	2.21	1.46	1.05	1.02
	1	67.7	1.3	0.8	1	1.5	1.7	2.5	3.3	3.8	3.4	4.6	3.6	3.9	3.6	3	2.2	1.8	2.2	1.6	3.3	2.6	2.2	1.8	2.2	1.9	1.8	1.9	1.6	3	3.5	7.1	9.4	5.1	2.8	1.7	1.4	0.9	1.3
	2	58.8	1.2	0.7	1.1	1.1	1.4	1.8	3.1	2.7	3.3	3.7	2.9	3.7	3.4	2.9	1.9	2	1.5	1.9	3.5	2.8	2	1.9	2.2	2.3	2.5	2.1	2.2	2.5	3.5	7.9	9.6	7	3.5	2	1.3	0.9	1.2
	3	38.2	0.9	0.8	0.7	1.1	1.4	1.9	2.7	3.2	3.1	3.6	3.4	4.2	4.1	3.5	2.4	2.1	1.8	2.2	2.9	2.5	1.8	1.6	1.8	2.4	2.3	2.4	2.4	2.7	4.2	7.6	8.1	6	3.5	2.3	1.4	1	0.9
	4	22.8	1	0.9	0.8	0.9	1.3	1.6	2.4	2.9	3	3.6	3.4	3.4	3.8	2.9	2.1	1.8	2	1.9	2.4	2.2	1.9	1.9	2.3	2.4	2.8	2.8	2.8	3.3	4.9	7.5	8.9	5.8	3.6	2.2	1.4	1	1
	5	14.5	1.5	1	1.1	1.1	1.5	1.6	1.9	2.4	2.5	2.8	2.4	3	2.8	2.3	1.8	1.7	1.6	1.7	2.3	1.7	1.8	1.8	2.1	2.7	3.5	3.8	3.9	4.7	5.3	8.2	8.1	5.7	3.6	2.7	1.8	1.5	1.5
	6	13.7	1.2	0.8	0.9	0.9	1.1	1.3	1.5	1.9	1.8	1.9	1.9	2	2	1.8	1.5	1.4	1.4	1.4	2.1	1.8	1.6	2	2.7	3.2	4.4	4.7	4.5	4.9	6.2	8.5	9.8	6.8	4.1	2.7	1.9	1.3	1.2
	7	15.5	1.1	0.8	0.9	0.8	1	1.1	1.1	1.5	1.5	1.8	1.8	2.2	2.3	1.9	1.5	1.2	1.2	1.5	2.1	1.6	1.8	1.9	2.5	3.3	4.2	4.8	4.3	5	6.8	9.8	10.3	7	4.1	2.5	1.7	1.3	1.1
	8	18.9	1	0.8	0.7	0.9	1.1	1.1	2.1	2.3	2.5	3.4	3.2	3.5	3.2	2.8	1.9	1.8	1.7	1.3	2	1.7	1.3	1.6	2	2.5	3.1	3.1	3.6	4.2	5.5	8.3	10.5	6.9	3.9	2.3	1.5	1	1
	9	22.6	0.7	0.7	0.7	0.6	1.2	1.4	2.1	3.2	3.5	4.5	4.6	5.1	5.3	4.1	3	2.3	2.2	1.8	2.2	1.9	1.7	1.5	1.6	1.7	2.2	2.3	2.2	2.7	4.6	7.2	8.1	6.4	3	1.7	1	0.7	0.7
	10	31	0.6	0.4	0.7	0.5	0.8	1.1	1.6	2.2	2.5	3.5	3.8	4.7	4.7	3.8	2.8	2.2	1.8	1.6	1.9	1.6	1.1	1.4	1.6	1.7	2	1.9	2	2.7	4.6	10.8	12	7.8	3.9	1.9	1	0.7	0.6
	11	56.3	0.8	0.7	0.9	0.9	1.2	1.7	3.3	3	3.1	3.8	3.4	4.2	4.7	3.8	3	2.5	2.3	1.8	2.5	2.1	1.7	1.9	1.8	1.8	2	2.1	2	2.6	4.6	9.3	8.1	5.2	3.2	1.8	1.2	0.8	0.8
	12	66.9	1.3	1.1	0.9	1.4	1.9	2.5	3.3	3.8	3.2	3.4	3	3.6	4.4	3.7	2.6	2.1	2	2.4	3.1	2.4	2	1.8	2	1.8	2.2	1.8	1.6	2.4	3.5	7.3	8.6	5.5	3.3	1.8	1.3	0.9	1.3
FREQUENCY OF SPEED                                                              																																							
	Month	0	1	2	3	4	5	6	7	8	9	10	11	12	13	14	15	16	17	18	19	20	21	22	23	24	25												
	ALL	35.4	14.6	21.8	12.5	7.9	4.9	1.8	0.7	0.1	0.1	0	0	0	0	0	0	0	0	0	0	0	0	0	0	0	0												
	1	67.7	15.4	9.3	3.1	1.8	1.4	0.8	0.3	0.1	0.1	0	0	0	0	0	0	0	0	0	0	0	0	0	0	0	0												
	2	58.8	15.4	13.1	5.1	3.2	2.3	1	0.6	0.2	0.1	0	0	0	0	0	0	0	0	0	0	0	0	0	0	0	0												
	3	38.2	15.8	21.3	11	6.7	4	1.8	0.8	0.1	0.2	0	0	0	0	0	0	0	0	0	0	0	0	0	0	0	0												
	4	22.8	13.8	26.6	16.6	10.2	6.3	2.4	0.9	0.2	0.2	0.1	0	0	0	0	0	0	0	0	0	0	0	0	0	0	0												
	5	14.5	11.6	26.8	19.3	13.1	9	3.9	1.4	0.3	0.1	0	0	0	0	0	0	0	0	0	0	0	0	0	0	0	0												
	6	13.7	11.4	27.9	19.9	14	8.9	3	0.9	0.2	0.1	0	0	0	0	0	0	0	0	0	0	0	0	0	0	0	0												
	7	15.5	13	30.3	19.2	12.1	7	2.2	0.6	0.1	0	0	0	0	0	0	0	0	0	0	0	0	0	0	0	0	0												
	8	18.9	14	30	17.9	10.7	5.7	2	0.5	0.1	0	0	0	0	0	0	0	0	0	0	0	0	0	0	0	0	0												
	9	22.6	14.8	29.1	15.9	9.3	5.3	1.8	0.9	0.2	0.1	0	0	0	0	0	0	0	0	0	0	0	0	0	0	0	0
	10	31	16.8	23.5	13.6	8	4.8	1.5	0.6	0.1	0	0	0	0	0	0	0	0	0	0	0	0	0	0	0	0	0
	11	56.3	16.9	14.1	5.4	3.7	2.3	0.9	0.3	0	0	0	0	0	0	0	0	0	0	0	0	0	0	0	0	0	0
	12	66.9	15.8	9.5	2.7	1.9	1.7	0.7	0.5	0.1	0.1	0	0	0	0	0	0	0	0	0	0	0	0	0	0	0	0
PERCENT OF POWER BY SPEED                                                       																											
	Month	0	1	2	3	4	5	6	7	8	9	10	11	12	13	14	15	16	17	18	19	20	21	22	23	24	25
	ALL	0	1.4	8.5	14.3	19.5	22.3	14.6	9.1	2.5	2.1	0.9	0.2	0.2	0	0	0.4	0.1	0.1	0.2	0	0.2	0.4	0	0.5	0.4	1.9
	1	0	3.4	8.7	9.3	12.2	17.3	16.4	10.7	3.5	3.4	1.4	0	0	0	1.4	0	0	1.9	0	0	0	0	0	4.8	5.6	0
	2	0	2.6	8.8	10.8	14.8	19.5	15.1	14.5	7	5.2	1.7	0	0	0	0	0	0	0	0	0	0	0	0	0	0	0
	3	0	1.6	8.5	13.2	17.3	19	15.1	10.7	2.9	4.2	0.9	0.2	0.3	0	0	0.6	0.7	0	0	0	0	0	0	2	0	2.6
	4	0	1	7.9	14.2	19	21.7	14.5	8.6	3.2	3.5	2.2	0.4	0.8	0	0	0	0	0	0	0	1	0	0	0	1.8	0
	5	0	0.7	6.3	12.9	18.9	23.8	17.9	10.9	2.9	1.4	0.8	0.5	0	0	0	0.4	0	0	0	0	0	0	0	1.2	0	1.6
	6	0	0.7	7.2	14.8	22.4	26.2	15.1	7.7	1.9	0.8	0.2	0	0	0	0	0	0	0	0	0	1	0	0	0	0	1.9
	7	0	1	9.6	17.3	23.5	24.8	13.5	6	0.7	0.4	0.1	0	0	0	0	1	0	0	0.8	0	0	1.3	0	0	0	0
	8	0	1.2	9.7	16.8	21.6	21.2	12.8	5.6	1.3	1	0.5	0	0	0	0	0	0	0	0	0	0	1.4	0	0	0	7
	9	0	1.3	10.1	16	20	20.9	12.4	10.5	2.7	2.3	1.2	0	0.3	0	0	0.6	0	0	0	0	0	1.6	0	0	0	0
	10	0	1.7	9.3	16.3	20.5	22.4	12.7	8.1	1.5	1	0.6	0.8	0.3	0	0	0.6	0	0	1	0	0	0	0	0	0	3
	11	0	3.5	11.1	13.9	19.8	22.5	15.9	8.1	1	1.9	0	0	0	0.8	0	1.6	0	0	0	0	0	0	0	0	0	0
	12	0	3.5	8.4	7.7	12	19.5	13.9	14.5	4.9	5.1	3.3	1.2	0	0	0	0	0	0	0	0	0	0	0	0	0	6
PREVAILING DIRECTION BY HOUR                                                    																											
	Month	0	1	2	3	4	5	6	7	8	9	10	11	12	13	14	15	16	17	18	19	20	21	22	23	24	
	ALL	300	300	300	300	300	300	300	300	300	300	300	300	300	300	300	300	300	300	300	300	300	300	300	300	300	
	1	300	300	300	290	290	300	300	300	300	300	300	290	300	300	300	290	300	300	300	300	300	290	300	300	300	
	2	300	300	290	300	300	300	300	300	290	300	300	290	300	300	300	300	300	290	300	300	290	300	290	300	300	
	3	290	290	300	290	290	300	300	290	290	300	290	300	300	290	300	290	300	300	300	290	300	300	300	310	290	
	4	300	300	290	300	300	290	300	300	290	300	290	300	300	300	290	300	300	290	300	300	300	300	300	300	300	
	5	300	290	290	300	290	300	300	300	290	300	290	290	290	290	290	290	290	300	300	290	300	300	290	300	300	
	6	300	300	240	290	300	300	300	300	300	300	290	300	290	290	300	300	290	300	300	300	300	300	300	300	300	
	7	300	300	290	300	300	290	300	300	290	300	300	300	290	300	290	300	300	300	300	300	290	300	290	290	300	
	8	300	300	300	300	300	300	290	100	300	300	300	300	300	300	300	300	300	300	300	300	300	300	300	300	300	
	9	300	300	290	300	300	300	300	300	120	110	300	290	300	300	300	300	290	300	290	300	300	300	290	310	300	
	10	300	300	290	290	300	290	300	300	300	300	300	300	300	300	300	300	300	300	300	290	290	290	290	300	300	
	11	290	290	300	290	300	290	290	290	300	290	290	290	290	290	290	290	290	300	290	300	290	290	290	290	290
	12	290	300	300	300	290	290	300	300	310	300	300	300	300	290	290	300	290	70	300	300	290	300	300	290	290
SPEED FOR PREVAILING DIRECTION BY HOUR                                          																										
	Month	0	1	2	3	4	5	6	7	8	9	10	11	12	13	14	15	16	17	18	19	20	21	22	23	24
	ALL	3.52	3.6	3.56	3.55	3.48	3.64	3.53	3.65	3.77	3.8	3.87	3.79	3.88	3.98	3.78	3.79	3.83	3.73	3.56	3.43	3.33	3.37	3.45	3.45	3.52
	1	3.2	3.25	3.37	3.51	3.67	3.5	3.23	3.18	4.1	3.71	3.49	4.06	4	3.98	2.97	3.49	2.89	3.63	3.53	2.97	3.04	3.52	3.57	3.63	3.2
	2	3.87	3.77	4.61	3.49	3.65	3.75	3.97	3.96	3.47	4.16	3.95	3.38	3.69	3.49	3.52	3.68	3.8	3.09	3.66	3.76	3.23	4.19	3.73	4.05	3.87
	3	3.79	3.7	4.34	3.96	3.69	3.66	4	3.72	3.86	4.02	4.17	4.74	4.08	3.69	3.7	3.94	3.78	3.7	3.2	3.6	3.79	3.96	3.89	3.99	3.79
	4	3.76	3.96	3.61	3.89	4.07	3.64	3.76	4.23	3.96	4.24	3.8	3.91	4.02	4.3	4.05	4.06	4.24	3.52	3.72	3.32	3.3	3.25	3.49	3.77	3.76
	5	3.53	3.48	3.48	3.15	3.49	3.61	3.39	3.8	4.17	3.91	3.99	4.37	4.65	4.44	4.03	3.95	4.54	4.36	3.99	4.11	3.56	3.45	3.67	3.3	3.53
	6	3.21	3.27	2.71	3.07	2.92	3.43	3.39	3.34	3.65	3.78	3.77	3.81	3.84	4.04	4.21	4.11	4.02	3.87	3.98	4.06	3.37	3.26	3.23	3.13	3.21
	7	3.26	3.47	3.06	3.26	3.49	3.33	3.32	3.5	3.32	3.52	3.5	3.8	3.91	4	3.84	3.94	4.09	3.64	3.61	3.47	3.35	2.8	3.13	2.99	3.26
	8	3.59	3.21	3.48	3.1	3.17	3.59	3.27	2.53	3.9	3.86	3.88	3.49	3.92	3.75	3.91	4.05	4.07	3.69	3.55	3.22	2.91	3.23	3.2	3.15	3.59
	9	3.7	4.12	4.26	3.97	4.11	4.07	3.92	3.92	2.66	2.99	4.19	3.59	3.81	3.97	4.13	3.96	3.97	3.65	3.5	3.24	3.36	3.72	3.28	4.01	3.7
	10	3.21	3.66	3.29	3.74	3.25	3.42	3.35	3.51	3.67	3.62	3.69	3.89	3.88	3.88	3.3	3.5	3.36	3.38	3.12	3.16	2.95	3.25	3.37	3.46	3.21
	11	3.43	3.36	3.09	3.68	3.26	3.54	3.72	3.79	3.75	3.89	3.26	3.6	4.37	3.94	3.61	3.22	3.3	3.39	3.6	3	3.52	3.44	3.42	3.23	3.43
	12	3.4	3.8	3.81	3.93	3.86	3.69	3.45	3.42	3.74	3.6	3.99	3.18	3.68	4.11	4.06	3.18	3.27	1.83	3.42	3.42	4.73	3.04	3.14	3.81	3.4
