OLD MAN             AK - 702616                                                 														
 66 deg    27' N  150 deg    35' W - Elev  389m   LST=GMT+99 hours   *NT=-10    														
 01/75-11/76                                                                    							Adjusted to Alaska Timezone (GMT-9)							
SPEED BY YEAR                                                                   														
	Year	ALL	JAN	FEB	MAR	APR	MAY	JUN	JUL	AUG	SEP	OCT	NOV	DEC
	ALL	3.9	5.57	4.38	4.03	3.92	4.21	3.68	3.17	2.98	3.81	3.85	3.86	3.1
	1975	3.63	4.62	4.61	3.58	3.27	3.91	3.03	2.8	2.58	4.09	3.82	3.59	3.1
	1976	4.18	6.56	4.05	4.57	4.41	4.5	4.22	3.43	3.23	3.58	3.89	4.53	-1
POWER BY YEAR                                                                   														
	Year	ALL	JAN	FEB	MAR	APR	MAY	JUN	JUL	AUG	SEP	OCT	NOV	DEC
	ALL	153	473	222	178	104	134	73	51	57	126	117	198	131
	1975	154	404	253	126	72	116	51	46	66	180	128	209	131
	1976	151	545	178	243	128	152	92	55	51	81	105	170	-1
NUMBER OF SPEED OBSERVATIONS BY YEAR                                            														
	Year	ALL	JAN	FEB	MAR	APR	MAY	JUN	JUL	AUG	SEP	OCT	NOV	DEC
	ALL	11239	894	957	1023	884	946	1009	971	1018	1052	1173	827	485
	1975	5835	455	562	567	377	463	458	407	393	476	599	593	485
	1976	5404	439	395	456	507	483	551	564	625	576	574	234	0
NUMBER OF SPEED OBSERVATIONS BY HOUR                                            														
	Hour	ALL	JAN	FEB	MAR	APR	MAY	JUN	JUL	AUG	SEP	OCT	NOV	DEC
	0	444	26	26	49	37	31	47	49	46	43	50	27	13
	1	406	28	26	30	35	24	39	46	43	44	50	29	12
	2	386	26	24	28	23	25	35	43	45	43	52	29	13
	3	388	25	25	30	20	25	41	46	46	42	50	25	13
	4	380	26	27	26	22	28	35	43	43	41	50	26	13
	5	388	25	24	26	27	25	37	46	45	47	51	25	10
	6	396	25	28	26	21	43	41	39	41	43	46	31	12
	7	452	26	25	52	42	49	41	41	44	48	45	27	12
	8	534	42	52	49	49	53	37	47	41	47	47	44	26
	9	509	40	46	47	40	53	41	45	44	42	46	40	25
	10	526	46	51	44	42	50	42	44	42	44	50	45	26
	11	514	43	49	42	38	47	47	38	40	47	51	43	29
	12	532	44	50	52	48	44	50	37	45	46	44	44	28
	13	520	45	47	49	46	46	47	41	41	43	44	44	27
	14	495	43	46	42	42	45	42	36	41	43	47	40	28
	15	501	45	46	47	44	46	44	32	40	45	47	40	25
	16	489	44	45	51	44	44	41	32	34	44	44	41	25
	17	507	42	46	48	46	45	47	35	38	44	51	39	26
	18	491	47	44	53	44	38	38	30	40	36	50	42	29
	19	496	48	41	49	37	38	45	37	42	46	45	42	26
	20	470	44	46	36	33	35	41	42	44	44	52	27	26
	21	461	36	46	47	36	36	39	42	43	41	53	27	15
	22	463	40	46	47	31	39	47	38	44	40	53	24	14
	23	491	38	51	53	37	37	45	42	46	49	55	26	12

SPEED BY HOUR                                                                   														
	Hour	ALL	JAN	FEB	MAR	APR	MAY	JUN	JUL	AUG	SEP	OCT	NOV	DEC
	0	3.11	4.75	4.12	4.44	3.46	2.21	2.01	1.87	1.42	3.37	4.2	3.49	2.65
	1	2.91	4.85	4.54	3.76	3.61	2.65	1.55	1.7	1.78	3.2	3.02	3.23	2.16
	2	2.9	5.65	4.69	3.61	3.03	2.98	1.38	1.36	1.54	2.98	3.33	3.88	1.87
	3	2.77	4.24	4.39	3.3	2.86	2.91	1.55	1.47	2.13	2.73	3.39	3.89	1.37
	4	2.81	4.04	4.49	3.57	2.74	2.38	2.11	1.56	1.63	2.58	3.61	4.19	1.18
	5	2.94	5.01	4.13	4.22	3.27	2.92	2.12	1.44	1.61	2.46	3.85	4.12	1.38
	6	3.16	5.07	4.7	4.44	3.22	3.36	2.05	1.55	1.49	2.9	3.61	4.55	2.17
	7	3.19	4.65	5.31	3.94	3.17	3.66	2.59	1.95	1.78	2.36	3.56	4.57	0.72
	8	3.57	5.73	4.56	3.6	3.58	3.73	3.76	2.8	1.44	2.97	3.4	3.95	2.87
	9	3.96	5.12	4.76	3.88	4.11	4.19	4.31	3.89	2.68	3.53	3.83	4.05	2.6
	10	4.12	5.29	4.54	3.95	4.01	4.32	4.79	4.34	3.16	4.22	3.65	3.87	2.63
	11	4.44	5.63	4.33	3.84	4.51	5.09	4.88	4.11	4.55	4.7	4.05	3.8	3.32
	12	4.44	5.31	3.83	3.75	4.06	5.41	5.05	4.69	4.22	5.18	4.17	4.07	3.22
	13	4.76	5.9	4.31	3.69	4.2	5.56	5.17	4.63	5.53	5.44	4.63	4.14	3.63
	14	4.82	5.97	3.96	4.15	4.47	5.62	5.15	5.04	5.14	5.76	4.53	3.82	3.91
	15	4.7	5.64	3.69	4.46	4.57	5.45	4.59	4.73	5.22	5.32	4.65	3.88	3.78
	16	4.85	5.8	4.73	4.66	4.69	6.21	4.93	5.14	4.86	5.16	4.27	3.32	4.14
	17	4.58	5.74	4.14	3.95	4.87	5.31	4.83	5.02	4.77	4.64	4.06	3.41	4.3
	18	4.48	6.13	4.64	3.92	4.22	4.63	5.03	5.01	4.89	4.37	3.64	3.69	3.72
	19	4.43	6.54	4.1	3.74	4.59	5.22	4.7	4.27	3.95	3.77	3.79	4.03	4.46
	20	4.16	6.1	4.28	4.34	4.23	4.26	4.53	4.08	3.22	3.76	3.81	2.88	4.1
	21	3.87	6.09	4.25	4.1	3.74	3.05	4.26	3.34	2.33	4.14	4.06	3.93	2.33
	22	3.52	5.84	4.41	4.37	3.11	2.71	3.02	2.79	1.9	3.3	3.87	3.35	2.75
	23	3.5	6.03	4.79	4.52	3.36	3.19	2.6	2.1	1.69	2.84	3.64	4.51	1.98

POWER BY HOUR                                                                   														
	Hour	ALL	JAN	FEB	MAR	APR	MAY	JUN	JUL	AUG	SEP	OCT	NOV	DEC
	0	119	369	183	203	108	52	19	12	9	202	152	157	42
	1	96	312	224	138	123	68	18	10	23	111	75	112	40
	2	113	514	205	131	97	119	15	9	31	86	93	182	31
	3	89	265	194	120	92	74	26	11	49	71	75	200	23
	4	101	210	228	147	83	101	34	15	21	71	110	252	29
	5	110	498	239	156	100	112	35	15	17	48	96	190	41
	6	116	410	269	177	80	90	27	11	20	72	98	235	76
	7	126	361	367	232	78	113	58	27	32	49	106	201	14
	8	157	530	293	208	89	118	90	45	20	83	75	193	121
	9	156	388	275	209	125	119	97	66	65	108	119	205	89
	10	147	323	235	208	97	104	111	88	60	116	122	169	78
	11	176	468	213	186	140	181	101	69	136	133	117	223	132
	12	166	486	154	164	101	169	115	97	95	161	121	219	93
	13	183	416	234	137	111	172	117	89	146	196	144	239	204
	14	197	503	192	184	118	194	124	107	115	231	152	260	160
	15	179	444	175	180	112	171	103	89	125	196	126	218	176
	16	215	561	242	191	116	392	102	101	97	179	119	215	202
	17	182	527	206	122	135	171	101	107	99	235	91	164	272
	18	185	597	249	145	107	115	125	108	99	116	115	181	193
	19	200	820	173	137	112	142	96	73	56	72	134	247	276
	20	156	562	204	152	100	99	87	68	42	82	136	109	204
	21	145	493	182	178	82	62	67	42	23	178	182	164	37
	22	135	453	224	245	70	50	28	27	20	116	139	115	44																									
	23	139	474	225	239	82	88	30	16	9	118	109	212	23																									

SPEED BY DIRECTION                                                              																																							
	Month	calm	0	10	20	30	40	50	60	70	80	90	100	110	120	130	140	150	160	170	180	190	200	210	220	230	240	250	260	270	280	290	300	310	320	330	340	350	360
	ALL	0	2.97	2.42	2.43	2.45	2.6	2.56	3.03	4.08	5.45	6.36	6.94	6.76	6.66	6.79	6.75	6.58	5.71	4.64	3.51	2.91	2.9	2.77	3.58	3.75	4.19	4.16	4.49	5.03	4.92	5.01	4.35	4.28	4.15	3.96	3.75	3.12	2.97
	1	0	2	3.5	2.2	2.2	3.4	2.6	2.2	3.2	6.3	9.5	9.4	8.9	9	9.2	8.1	8.6	8.1	5.1	5.9	4.9	3	2	3.5	3.7	5	3.7	5.8	3.4	5.5	4.1	4.3	4.2	4.2	4.4	1.5	2.5	2
	2	0	3.4	2.4	3	3.2	2.8	2.9	2.7	2.5	5	7.6	6.8	7	7.7	8.2	8.5	8.4	5.5	6	2	1.9	4.1	1.2	3.5	2.5	2.9	3	4.2	6.1	5.6	5.5	3.2	3.8	2.9	3.4	2.4	2.4	3.4
	3	0	2	2.1	2.7	2	2.6	2.2	3.5	4.6	5.6	5.9	8.4	7.3	8.6	7.7	6.2	6.5	5.9	5.3	1.4	2.1	1.5	1.4	2.4	2.7	3.7	3.6	2.8	5.1	5.2	4.3	4.3	4.2	4.2	3.9	4.6	4.2	2
	4	0	3.3	2.3	2.5	3	2.4	2.7	4	4.2	6	6.7	5.9	6.3	5.8	6.2	5.3	6.3	5.8	4	3.8	2.3	3.7	4.9	3.9	3.7	4.4	4.4	3.2	3.9	5.7	5.2	5.1	5.7	4.9	5	4.5	3.2	3.3
	5	0	3.4	3	2.7	4	3.3	4.4	5	5.9	6.8	7.3	6.8	6.8	5.9	5.3	5.9	5	5.1	3.5	3	3.8	3.3	2.7	4.1	4.8	5.5	4	4.5	5.1	5.3	6.3	5.6	4.8	4.4	4.2	4.1	3.4	3.4
	6	0	3.2	2.9	2.5	3.6	3.2	3.8	3.8	5.7	6.4	5.3	5	4.6	4.6	4.4	4.3	3.5	3.7	3.4	2.5	3.6	4.5	4.4	4.5	4.5	4.4	5	5.2	5.7	5.8	5.2	4.4	3.8	4.4	3.4	3.9	4.1	3.2
	7	0	3.3	2.9	3.5	2.5	1.9	2.2	2.5	3.1	4	3.9	5	4.5	4.8	5	4.7	3.7	3.5	3.2	3.6	2.6	2.7	2.7	4.1	4.4	4.4	4.7	4.2	4.8	4.7	4.5	4	4.3	3.8	4	3.8	3.2	3.3
	8	0	3.3	1.9	2.4	2.1	2.9	2.3	2.1	1.9	2.2	3.1	4.7	5.1	5.3	5.6	4.6	3.3	3.2	2.2	2.8	2.8	2	2.4	3.1	3.4	4.1	4.3	5.8	5.6	5.2	5.1	4.6	4.3	4.2	3.9	3.4	3.2	3.3
	9	0	3.3	2.4	1.7	2	2.1	1.5	2.5	2.4	5.6	6.8	7.5	7.1	5.3	5.4	4.9	4.2	4.9	2.9	3.9	2.2	3.7	3.2	3.3	3.5	4.3	3.6	3.6	3.7	4.2	3.7	3.6	3	3.6	4	3.3	2.8	3.3
	10	0	2.2	1.8	2.3	1.7	2.6	2	1.7	3.4	3.4	5.3	5.9	6.7	6.1	5.9	6.4	6.7	6	5.4	4	1.8	1.5	2.3	3.2	2.2	2.8	2.7	4.2	4.3	4.2	5.5	4.3	4.2	3.7	2.7	3.9	1.9	2.2
	11	0	2.9	3.4	1.5	2.1	2	2	2.8	3.8	4.2	7.2	8.7	7.2	8.3	7.5	7.9	7.9	7.1	6.1	3.6	3.8	1.5	2.4	2.1	3	4.1	4.2	3.5	4.5	3.2	6	3.8	4.4	3	3.6	2.5	2.5	2.9
	12	0	2.1	2.4	1.5	2	2	2.5	1.8	3.2	4.2	4.4	6.3	5.6	6.5	8.1	8.6	8	3.2	2.9	4.4	3	2.2	2.2	2.5	2.6	3.3	3.6	3.7	6.2	5.9	5.5	5.3	6.1	-1	2.4	2.5	2.9	2.1
FREQUENCY BY DIRECTION                                                          																																							
	Month	calm	0	10	20	30	40	50	60	70	80	90	100	110	120	130	140	150	160	170	180	190	200	210	220	230	240	250	260	270	280	290	300	310	320	330	340	350	360
	ALL	25.26	1.17	0.98	1.06	1.17	1.45	1.4	1.59	1.86	3.12	5.61	5.84	6.21	7.68	6.59	6.68	4.83	1.99	1.49	0.98	0.68	0.76	1.17	1.57	4.13	4.7	3.03	2.89	3.15	2.75	2.87	2.67	1.8	1.68	2.05	1.44	0.99	1.17
	1	24.7	0.4	0.3	0.3	0.4	1.2	0.7	1	1.3	2.1	6.8	7.7	9.8	8.2	10.8	14.7	7.6	2.8	0.6	1	0.4	0.4	0.3	0.6	2.7	3.6	1.6	2.8	1.3	0.7	1.8	2.4	1	1	0.9	0.1	0.1	0.4
	2	29.7	0.4	1.8	1.3	0.6	1.8	1.3	1.9	0.9	1.9	4.5	9.3	6.5	10.1	8.8	11.4	9.6	3.3	1	0.4	0.7	0.6	0.7	0.7	1	2.1	1.2	1.2	2.5	1.9	2.4	2.4	1.8	1	0.9	0.9	0.9	0.4
	3	29.2	0.7	0.7	1.5	1.1	1.7	1.2	2.2	3.3	3	3.6	4.6	6.5	11.3	8.4	9.1	8.4	3.2	1.1	0.7	0.8	0.3	0.6	0.8	2.6	3.3	2.1	1.5	2.2	1.9	3	2.9	1.1	1.7	1.5	0.8	0.4	0.7
	4	24	1.3	1.5	1.3	0.6	1	1.8	1.6	2.2	7.4	8.2	3.7	5.2	7.3	6.8	4.3	2.8	2.2	1.8	1	0.6	0.4	0.4	1	3.6	3.4	1.6	1.5	1.5	3	3.3	4	2.8	4	4.3	1.6	0.4	1.3
	5	21.9	1.2	1.1	0.7	1.2	1.4	1.4	1.9	3.5	5.7	8	8.4	6	5.4	6.8	3.4	2	1.8	0.8	1.4	1.2	0.9	0.4	2	3.8	3.7	2.8	1.9	2.8	1.2	2.4	2	1.9	2.7	2.7	2.7	2.8	1.2
	6	21.8	0.6	0.5	0.5	1.1	0.8	1.3	1.6	1.8	3.8	5.7	5.2	3.2	4.8	3.7	1.8	1.8	0.6	1.1	0.9	0.8	0.9	1.6	1.9	7.5	9.4	6.7	5.7	6.7	3.7	3.5	2.9	3	1.1	1.6	1	1	0.6
	7	23.1	1.9	0.5	1.1	1.5	0.8	0.4	1.2	0.7	1.5	3.9	2.5	4.1	5.1	3.6	4.1	4.1	1.7	1.2	1.1	0.7	1.6	2.9	3.1	7.4	5.7	4.7	5.3	4.1	4.8	3.2	2.7	1.6	3.2	3.6	3.2	1.1	1.9
	8	27.8	1.9	1.1	1.5	1	2.2	1.2	1.5	1.1	1.8	3.3	3.9	4.1	4.6	4.3	5.4	2.9	0.5	0.7	1	0.7	1.4	2.3	3	5.6	7.1	4.2	4.1	5	4.3	5.4	3.1	2	1.9	2.7	2	1.2	1.9
	9	19.1	1.3	1.3	1.1	1.3	1.3	1.2	1.3	1.5	2.7	7.5	8.5	8	9	5.4	4.6	2.9	1.3	1.1	0.9	0.8	0.7	0.9	2.2	5.8	5.3	3.2	2.8	3.2	1.9	2.2	2.2	1.8	0.7	1.4	1.4	1.3	1.3
	10	20.5	1.4	0.9	1	1.5	1.5	2.6	1	1.9	2	5.4	4.5	9	10.3	7.1	7	5.7	2.1	2.9	1	0.2	0.1	1	1.1	2.5	3.8	2	2.4	1.9	3.6	3.1	2.8	1.9	1.4	1.8	1.3	0.5	1.4
	11	32	1.4	0.5	1.4	1.8	2.1	1.8	2	1.6	2	4.1	6	5.3	7.3	9.1	9.1	6	3.2	4.4	1.1	0.7	1.1	1.6	0.9	3.2	3.9	3.2	2.7	2.5	3	0.9	2.1	0.9	0.4	1.4	0.4	0.9	1.4
	12	37.7	1.3	2.3	1.3	2.6	2.6	2.3	3	3	4.6	6.6	6.3	6	8.9	4.6	8.3	5.6	1.3	1.3	1.7	0.3	1	1	0.3	2	4	2	1.7	4	2	2	2	0.7	0	1	1.3	1	1.3
FREQUENCY OF SPEED                                                              																																							
	Month	0	1	2	3	4	5	6	7	8	9	10	11	12	13	14	15	16	17	18	19	20	21	22	23	24	25												
	ALL	25.3	7	12.9	9	8.3	9.5	7.9	8.5	3	2.7	2.2	1.1	1.3	0.3	0.2	0.3	0.1	0	0.1	0	0.1	0	0	0	0	0												
	1	24.7	6	7.5	6	5	7.3	5.9	9.1	4	4.9	4.6	1.9	4.5	1.7	1.5	1.9	0.8	0	1	0.6	0.8	0	0	0.2	0	0.1												
	2	29.7	5	10.3	7.1	6.1	5.3	5.5	7.2	5.1	6.8	5.5	2.8	2.4	0.3	0.2	0.4	0.1	0	0	0	0	0	0	0	0	0												
	3	29.2	6.4	11.3	6	6.3	9.1	6.8	10.9	2.4	3.2	3.6	1.5	1.6	0.3	0.4	0.9	0.2	0	0	0	0	0	0	0	0	0												
	4	24	3.4	10.6	9	10.4	14.6	8.4	11.9	4.4	1.6	1.1	0.3	0.2	0	0	0	0	0	0	0	0	0	0	0	0	0												
	5	21.9	3	11.1	10.9	9.4	10.9	10.3	11.9	4	2.6	2	1.3	0.3	0.1	0.1	0.1	0	0	0	0	0	0	0	0	0	0.1												
	6	21.8	2.1	13.7	13.2	12.4	13.2	10	10.3	2.2	1.2	0	0	0	0	0	0	0	0	0	0	0	0	0	0	0	0												
	7	23.1	5.9	18.4	13.1	11.7	11	9	6.5	1	0.3	0	0	0	0	0	0	0	0	0	0	0	0	0	0	0	0												
	8	27.8	9	17.3	9.9	8.9	10	8.3	6.5	0.7	0.5	0.3	0.5	0.2	0	0	0	0	0	0	0	0	0	0	0	0	0												
	9	19.1	10.4	14.6	11.5	11.4	8.7	8.3	6	2.9	2	1.8	1.7	1	0.1	0.3	0.1	0	0	0.2	0	0	0.1	0	0	0	0												
	10	20.5	11.6	13.5	8.8	7	10	8.6	9.3	3.5	3.3	2.3	1.1	0.5	0	0.1	0	0	0	0	0	0	0	0	0	0	0												
	11	32	12.2	11.2	4.4	3.9	5.7	6.2	5.4	3.4	4.4	3.7	1.8	4	1	0.2	0.5	0	0	0	0	0	0	0	0	0	0												
	12	37.7	9.9	15.1	5.2	3.3	5.2	6.4	5.6	3.5	2.5	2.1	0.8	1.2	1	0.4	0.2	0	0	0	0	0	0	0	0	0	0												
PERCENT OF POWER BY SPEED                                                       																											
	Month	0	1	2	3	4	5	6	7	8	9	10	11	12	13	14	15	16	17	18	19	20	21	22	23	24	25
	ALL	0	0.1	0.6	1.3	2.6	5.5	7.9	14.5	7.7	9.2	10.1	7.3	10.9	3.5	3.2	5.2	1.8	0	2.4	1.4	2.3	0.3	0	1	0	1.2
	1	0	0	0.1	0.3	0.5	1.5	2.1	5.5	3.5	5.6	7	4.1	12.9	6.1	6.2	9.7	5	0	8.2	5.7	9.4	0	0	4	0	2.7
	2	0	0	0.4	0.8	1.4	2.2	4.2	9.1	9.3	16.5	17.8	12.6	14.9	2.4	1.9	4.8	1.6	0	0	0	0	0	0	0	0	0
	3	0	0.1	0.5	0.8	1.7	4.7	6	17	5.4	9.1	14	7.9	11.3	2.8	4.1	11.6	3.1	0	0	0	0	0	0	0	0	0
	4	0	0.1	0.8	1.9	4.9	12.8	12.7	30.2	16.2	7.6	7.1	3	2.8	0	0	0	0	0	0	0	0	0	0	0	0	0
	5	0	0	0.6	1.8	3.3	6.9	11.1	22.4	11	9.5	9.8	8.5	2.9	1.1	1.4	1.9	0	0	0	0	0	0	0	0	0	7.7
	6	0	0.1	1.4	3.9	7.7	15.3	19.3	34.6	10.4	7.5	0	0	0	0	0	0	0	0	0	0	0	0	0	0	0	0
	7	0	0.2	2.7	5.6	10.5	18	24.4	29.1	6.7	2.7	0	0	0	0	0	0	0	0	0	0	0	0	0	0	0	0
	8	0	0.3	2.2	3.8	7.2	14.6	20.7	27.3	4.5	4.1	3.2	7.7	4.3	0	0	0	0	0	0	0	0	0	0	0	0	0
	9	0	0.1	0.9	2.1	4.2	6	9.9	12	8.2	7.6	9.6	12.9	9.8	1.1	4.2	1.8	0	0	5.3	0	0	4.4	0	0	0	0
	10	0	0.2	0.8	1.8	2.9	7.6	11.3	20.9	11.4	14.1	13.1	9	5.5	0	1.4	0	0	0	0	0	0	0	0	0	0	0
	11	0	0.1	0.4	0.5	1	2.6	5	7.5	7	11.3	13.1	8.9	26.4	8	2.4	5.8	0	0	0	0	0	0	0	0	0	0
	12	0	0.2	0.9	0.9	1.3	3.6	8.2	11.6	10.4	9.8	11	5.9	12.1	13.1	6.6	4.3	0	0	0	0	0	0	0	0	0	0
PREVAILING DIRECTION BY HOUR                                                    																											
	Month	0	1	2	3	4	5	6	7	8	9	10	11	12	13	14	15	16	17	18	19	20	21	22	23
	ALL	110	140	100	120	120	120	120	130	130	120	120	100	120	100	130	130	110	120	120	120	120	120	110	140
	1	140	140	90	110	140	130	90	90	90	140	100	140	160	100	150	130	130	140	140	140	100	90	120	110
	2	110	120	100	120	120	140	100	140	140	130	150	100	120	100	110	100	150	100	100	120	110	140	150	140
	3	120	110	140	140	110	120	120	120	150	150	140	150	110	130	120	100	110	120	120	140	90	120	120	120
	4	250	80	80	90	80	100	240	120	120	120	80	80	90	90	80	90	330	130	90	320	330	90	130	120
	5	40	130	100	120	90	130	90	100	130	140	110	230	100	90	100	80	90	70	330	90	80	80	100	70
	6	300	230	130	230	230	250	240	100	90	240	270	130	90	90	80	120	250	240	240	100	230	240	240	260
	7	280	210	240	230	240	20	90	120	110	120	130	120	320	140	230	220	240	230	230	240	360	330	90	280
	8	240	40	230	110	230	70	230	90	240	90	90	110	240	110	290	140	220	250	120	290	140	250	260	250
	9	110	90	130	40	110	120	30	10	120	100	90	240	110	100	90	90	100	100	120	230	110	100	110	100
	10	110	110	110	120	120	120	50	130	130	110	110	140	90	120	110	140	110	120	110	90	90	130	110	100
	11	110	60	100	120	120	80	110	130	140	130	150	140	140	150	100	130	130	90	110	120	130	120	270	150
	12	30	270	80	40	40	90	90	100	100	140	120	90	10	90	120	100	150	110	90	120	120	240	70	10
SPEED FOR PREVAILING DIRECTION BY HOUR                                          																									
	Month	0	1	2	3	4	5	6	7	8	9	10	11	12	13	14	15	16	17	18	19	20	21	22	23
	ALL	7.6	6.12	5.92	6.23	7.5	7.47	6.42	6.7	7.29	6.42	6.41	6.71	6.82	7.11	6.32	6.84	8.17	6.57	6.76	6.98	7.2	7.53	6.92	6.64
	1	5.3	8.17	9.77	7.33	7.33	8.33	5.43	12.85	8.38	8.2	6.84	7.4	8.1	7.33	7.83	8	9.57	7.53	7.73	7.88	11.7	9.1	8.28	8.98
	2	7.33	6.14	5.6	6.9	6.54	9.07	6.25	8.95	9.14	6.76	9.1	7.66	6.28	7	6.3	4.77	8.42	6.64	7.16	8.57	6.78	8.08	7.76	7.07
	3	8.28	7.47	6.3	7.02	5.35	9.73	7.48	8.6	7.08	7.36	5.3	8.05	8.8	8.91	9.72	7.68	9.4	6.54	8.2	5.52	4.57	9.64	9.74	9.32
	4	2.7	5.97	5.1	8.9	8.95	8.95	3.87	5.42	5.22	6.5	4.98	5.62	5.82	5.88	5.62	5.47	4.98	7.95	7.55	5.1	4.97	4.23	5.35	5.97
	5	1.25	3.4	7.37	7.4	11.25	7.43	7.7	6.83	6.79	5.77	6.56	6.12	6.38	7.55	8.5	7.68	8.28	6.02	3.42	6.92	7.2	5.27	6.6	7.83
	6	2.65	2.7	3.3	3.42	3.9	4.1	2.67	5.8	4.85	4.66	5.78	4.35	6	7.15	7.55	4.28	4.9	6.92	5.62	5.72	3.45	4.1	3.9	4.2
	7	3.7	1.75	3.15	2.9	2.5	2.5	2	5.1	4.33	4.58	6.16	5.1	3.92	5.62	7.05	6.17	5.32	5.7	5.62	5.1	3.96	3.86	2.92	5.1
	8	3.03	2.2	3.03	5.4	4.07	2	2.5	3.8	3.7	3.3	2.38	6.78	3.95	5.47	4.9	6.8	5.5	5.2	4.9	5.32	2.78	2.9	3.7	2.62
	9	10.5	9.6	4.23	1.83	6.12	6.3	1.67	2	5.85	6.12	5.38	3.65	5.03	9.3	9.45	8.95	10.24	12.18	4.6	3.98	6.1	6.06	7.55	5.92
	10	7.37	7.48	6.92	5.38	7.86	6.79	2.33	5.2	6	4.05	8.41	5.52	4.22	5.6	7.5	7.08	6.62	5.67	4.23	4.88	6.5	5.87	7.67	6.25
	11	5.27	3.05	6.47	5.8	9.2	4.27	6.8	6.75	6.64	4.82	6.03	6.3	7.36	9.45	8.87	8.55	9.7	7.17	9.87	10.77	7.53	8	3.3	6.77
	12	2	4.85	6.1	2	2	7.2	6.6	6.1	8.15	7.65	3.67	2.87	2.25	8.17	7	5.47	9.82	4.6	2	6.63	10.4	2	4.05	2
