OLIKTOK (DEW/AWOS)  AK - 700638                                                 														
 70 deg    30' N  149 deg    54' W - Elev    5m   LST=GMT+99 hours   *NT=-10    														
 11/90-09/95                                                                    							Adjusted to Alaska Timezone (GMT-9)							
SPEED BY YEAR                                                                   														
	Year	ALL	JAN	FEB	MAR	APR	MAY	JUN	JUL	AUG	SEP	OCT	NOV	DEC
	ALL	5.45	6.96	5.94	4.87	4.46	6.03	4.4	4.65	4.71	5.43	6.03	5.09	6.11
	1990	4	-1	-1	-1	-1	-1	-1	-1	-1	-1	-1	3.68	4.1
	1991	4.82	9.5	6.29	5.71	1.47	3.93	3.13	1.56	4.29	9.64	5.77	6.73	4.28
	1992	5.46	5.33	4.91	4.8	2.23	7.02	4.31	5.33	4.02	5.28	5.65	4.99	6.06
	1993	5.73	6.97	6.22	4.64	4.91	6.39	4.43	4.99	4.73	6.18	6.5	5.16	6.86
	1994	5.23	7.49	5.37	5.08	4.09	5.67	4.28	4.48	4.81	4.89	-1	-1	5.67
	1995	5.32	6.4	6.33	4.91	-1	-1	4.92	4.78	4.84	4.78	-1	-1	-1
POWER BY YEAR                                                                   														
	Year	ALL	JAN	FEB	MAR	APR	MAY	JUN	JUL	AUG	SEP	OCT	NOV	DEC
	ALL	233	433	294	160	164	276	109	106	135	221	319	179	315
	1990	87	-1	-1	-1	-1	-1	-1	-1	-1	-1	-1	60	96
	1991	230	844	267	288	10	107	129	3	112	688	164	445	66
	1992	203	418	95	97	21	302	69	114	70	183	218	156	261
	1993	283	376	348	141	207	342	118	128	143	313	444	190	500
	1994	197	565	227	156	114	155	65	90	144	133	-1	-1	222
	1995	207	345	321	185	-1	-1	119	117	113	180	-1	-1	-1
NUMBER OF SPEED OBSERVATIONS BY YEAR                                            														
	Year	ALL	JAN	FEB	MAR	APR	MAY	JUN	JUL	AUG	SEP	OCT	NOV	DEC
	ALL	16120	1576	1218	1514	1029	1049	1053	1534	1120	1965	1241	995	1826
	1990	80	0	0	0	0	0	0	0	0	0	0	20	60
	1991	427	22	37	57	33	81	83	11	27	27	6	22	21
	1992	2575	23	20	3	21	19	34	7	92	573	682	428	673
	1993	6151	507	452	685	618	688	540	182	252	595	553	525	554
	1994	4323	499	410	477	357	261	176	670	667	288	0	0	518
	1995	2564	525	299	292	0	0	220	664	82	482	0	0	0
NUMBER OF SPEED OBSERVATIONS BY HOUR                                            														
	Hour	ALL	JAN	FEB	MAR	APR	MAY	JUN	JUL	AUG	SEP	OCT	NOV	DEC
	0	675	66	50	61	43	44	47	66	46	85	52	38	77
	1	701	70	52	68	44	49	46	63	50	87	51	44	77
	2	684	64	54	62	45	48	44	65	45	86	53	42	76
	3	685	62	53	65	43	49	48	63	46	88	52	44	72
	4	688	66	46	61	43	48	52	66	56	82	47	43	78
	5	727	69	56	68	43	49	54	70	52	86	54	44	82
	6	715	71	53	66	46	49	51	67	52	85	53	42	80
	7	697	66	53	62	45	45	50	67	45	87	54	43	80
	8	706	74	54	62	48	42	48	71	48	80	54	47	78
	9	699	67	54	68	47	44	47	69	46	81	55	42	79
	10	638	64	52	62	40	41	48	56	41	71	43	42	78
	11	673	68	52	63	42	43	49	68	47	74	47	38	82
	12	667	63	53	63	40	45	47	64	48	80	50	39	75
	13	671	71	49	59	45	45	41	65	45	79	56	38	78
	14	665	68	51	64	42	40	38	64	44	80	58	42	74
	15	643	62	51	63	39	41	37	63	47	76	53	40	71
	16	625	64	51	53	42	40	40	50	43	81	48	39	74
	17	643	60	47	65	40	42	37	65	44	75	50	43	75
	18	620	60	45	61	41	39	36	61	45	81	44	39	68
	19	667	61	48	65	43	42	41	64	46	87	53	42	75
	20	668	66	52	66	42	42	37	63	47	87	52	41	73
	21	659	66	48	65	43	39	35	62	47	86	55	41	72
	22	645	66	45	61	41	41	36	60	43	81	54	41	76
	23	659	62	49	61	42	42	44	62	47	80	53	41	76

SPEED BY HOUR                                                                   														
	Hour	ALL	JAN	FEB	MAR	APR	MAY	JUN	JUL	AUG	SEP	OCT	NOV	DEC
	0	5.36	7.08	6.14	4.9	4.69	5.98	3.88	4.38	4.33	5.3	6.21	5.17	5.75
	1	5.4	7.07	6.05	4.67	4.4	5.73	3.77	4.15	4.65	5.64	6.01	5.47	6.24
	2	5.37	7.08	6.19	4.73	4.4	5.34	3.74	4.18	4.92	5.42	6.28	5.24	6.06
	3	5.36	7.06	5.94	4.72	4.34	5.42	3.74	4.31	4.62	5.51	6.09	5.36	6.41
	4	5.35	7.27	6	5.04	4.13	5.51	3.78	4.18	4.65	5.6	6.16	4.94	6.16
	5	5.33	7.08	6.01	4.97	4.14	5.2	3.71	4.19	4.69	5.6	5.98	5.32	6.11
	6	5.28	7	6.08	4.97	4.37	5.43	3.86	4.31	4.57	5.5	5.66	4.88	5.77
	7	5.3	6.7	5.99	4.84	4.1	5.72	4.02	4.21	4.06	5.67	6.01	4.99	6.17
	8	5.4	7.03	5.74	4.94	4.21	6.08	4.36	4.2	4.53	5.4	6.04	5.2	6.27
	9	5.31	6.81	5.77	5.12	4.27	5.82	4.24	4.38	4.58	5.21	5.97	4.92	5.96
	10	5.45	6.89	5.87	5.13	4.32	5.96	4.66	4.6	4.32	5.49	5.93	4.96	6.18
	11	5.48	7.14	5.57	5.02	4.61	6.16	4.69	4.85	4.73	5.63	5.54	4.73	6.07
	12	5.55	6.82	5.62	5.06	4.58	6.3	5.01	4.76	4.7	5.63	6.1	4.87	6.38
	13	5.67	6.67	5.62	5.14	4.92	6.28	5.22	5.07	5.25	5.79	6.29	4.83	6.09
	14	5.6	6.65	5.68	5.09	4.57	6.52	5.44	5.07	4.92	5.53	6.16	4.64	6.24
	15	5.63	6.75	5.6	5	4.57	6.91	5.2	5.24	4.93	5.56	5.97	5.11	6.18
	16	5.69	6.67	6.31	4.68	4.73	6.89	5.27	5.32	5.04	5.44	5.82	5.25	6.29
	17	5.67	7.14	6.27	4.57	4.46	6.64	5.37	5.4	5.12	5.39	6.11	5.03	6.21
	18	5.6	7	6.35	4.59	4.65	6.5	4.94	5.25	5.17	5.08	6.18	5.11	6.29
	19	5.6	7.11	6.12	4.87	4.41	6.35	4.84	5.22	4.97	5.37	6.32	5.09	6.06
	20	5.44	7.01	5.85	4.71	4.74	6.41	4.64	4.99	4.81	5.32	5.82	4.89	5.6
	21	5.46	6.96	6.32	4.66	4.49	6.34	4.42	4.69	4.78	5.15	5.89	5.42	5.99
	22	5.37	7.18	5.76	4.71	4.36	6.02	4.07	4.39	4.45	5.08	5.91	5.28	6.17
	23	5.35	6.8	5.84	4.72	4.67	6.04	3.82	4.6	4.39	5.13	6.27	5.44	6.01

POWER BY HOUR                                                                   														
	Hour	ALL	JAN	FEB	MAR	APR	MAY	JUN	JUL	AUG	SEP	OCT	NOV	DEC
	0	223	449	322	146	182	253	83	95	99	233	335	163	246
	1	235	441	284	146	161	232	86	88	112	270	300	224	346
	2	238	447	329	154	151	196	97	91	132	244	369	189	344
	3	233	436	303	138	147	211	86	86	116	246	338	228	376
	4	235	445	305	168	137	227	96	95	152	251	342	197	340
	5	228	436	287	178	132	205	78	84	158	236	302	228	323
	6	217	455	289	175	145	201	68	92	160	204	245	152	307
	7	213	354	272	153	130	261	78	86	76	236	301	151	342
	8	236	443	246	145	151	272	235	88	145	207	318	192	329
	9	222	447	273	193	156	249	92	90	137	205	282	173	291
	10	229	461	248	182	158	266	100	102	105	200	291	183	334
	11	233	486	210	171	181	302	105	106	144	212	275	170	327
	12	241	433	225	193	191	328	124	104	149	240	366	157	315
	13	249	410	226	215	211	311	136	117	171	249	383	170	285
	14	237	386	257	204	152	318	150	116	138	225	329	165	311
	15	242	395	264	189	164	381	134	129	137	225	326	200	303
	16	247	365	345	135	188	359	128	136	154	229	292	205	338
	17	248	468	369	136	162	343	134	138	154	224	360	166	290
	18	242	454	360	136	178	335	110	139	158	173	339	160	340
	19	236	435	322	147	179	293	118	134	139	189	346	168	323
	20	221	415	335	132	190	304	106	123	138	200	295	136	234
	21	234	439	423	124	155	300	100	107	133	209	294	162	295
	22	228	471	326	137	161	276	97	100	107	198	293	157	300
	23	220	414	264	131	185	282	95	106	110	191	322	175	310

SPEED BY DIRECTION                                                              														
	Month	calm	0	10	20	30	40	50	60	70	80	90	100	110	120	130	140	150	160	170	180	190	200	210	220	230	240	250	260	270	280	290	300	310	320	330	340	350	360
	ALL	0	4.02	4.65	5.57	6.38	5.96	5.9	6.68	6.67	6.89	5.82	5.04	4.74	3.59	3.35	3.22	3.43	3.72	4.06	5.74	5.08	5.76	6.13	6.19	6.26	5.95	6.19	6.49	4.94	4.75	4.74	4.54	4.36	4.11	3.71	3.54	3.46	4.02
	1	0	4.4	3.8	4.4	5.9	6.2	6.2	8.7	10.7	9.1	7.5	5.1	4.8	4.1	3.6	3.7	2.3	6.1	7.8	9	7.1	7.3	7.7	7.4	7.7	6.3	5.6	6.1	4.7	3.9	4.4	3.3	3.8	2.7	3.4	3.2	3.6	4.4
	2	0	3.7	4.5	6.9	7.6	8.9	7	6.1	6.3	6.7	5.2	5.3	5	3.6	3.6	2.7	2.5	3	4.1	5	5	6	6.9	6.6	6	6.2	6.4	8.1	7.2	5.5	5.2	6.1	5.3	3.6	3.3	4.5	4.4	3.7
	3	0	3.4	4.1	4.3	5.1	5.3	5	5.2	5.8	6.5	5.8	3.8	3.3	1.9	2	2.8	2.4	2.2	2.5	3	3.9	5.7	6.3	5.6	5.7	5.7	5.2	6.1	5.2	6	8.1	2.2	4.9	2.5	2.9	3.4	3.3	3.4
	4	0	3.3	3.5	4.3	7.6	6.4	6.2	5.2	4.8	7.1	5.4	5.1	3.3	1.7	2.2	2.5	2.3	1.5	-1	2.5	2.5	3.4	3.7	3.3	3.5	3.7	3.9	3.8	2.7	2.5	2.1	2.4	2.5	2.2	2	3.2	2.8	3.3
	5	0	2.5	3.9	7.3	7.9	6.8	6.1	7.4	6.6	5.3	4.7	2.8	2.5	3	2.8	-1	1.8	1.5	-1	-1	-1	-1	2.1	4.6	5.6	5.8	5	3.8	2.3	3.2	2.5	2.2	2.2	6.2	-1	1.8	1.5	2.5
	6	0	3.4	4.3	5	4.9	5.6	4.7	5.3	5.7	4.6	4.2	3.9	4	2.5	-1	2	2.3	5.8	2.2	3	4.6	2.9	4	3.6	3.2	3	2.8	3.7	3.8	4.1	4.9	4.4	3.7	3.5	3	3.1	2.8	3.4
	7	0	3.5	3.5	3.3	4.7	4.9	4.9	5.2	5.7	6.1	5.6	4.9	4.2	3.7	3.3	3.6	2.6	3.2	2.8	3.4	2.8	3.1	5.2	5.9	4.9	4.8	5.2	4.9	3.5	4.1	3.9	5	5	4.1	3.6	3.5	3.7	3.5
	8	0	6.8	6.2	6.2	5.5	5.1	5.2	5.5	5.2	5.5	5.7	5.2	4.9	3.7	3.5	2.9	2.8	3.1	3.6	3.7	3.7	3.4	4.4	4.9	5.4	6.9	5.2	4.7	3.9	4.3	5	4.7	4.8	5.5	5.3	5.2	4.9	6.8
	9	0	4.1	4	5.1	5.2	5.7	5.4	7.3	7.1	6.3	5.9	5.6	5.4	3.9	3.5	2.7	2.9	3.6	3.7	5.4	4.8	5	5.5	6.7	6.6	7.8	7.7	7.2	5.5	5.5	4.9	4.6	3.9	3.7	4.3	3.5	3.2	4.1
	10	0	4.2	4.6	5.4	6.9	6.9	7.3	10.3	5.8	7.1	6.1	5.4	4.7	3.7	3.5	4.6	6.1	3.9	3	5.6	5.2	6	6	5.6	7	6.4	8.7	8.5	7.5	6	4.7	4	3.3	4.5	4	3.8	3.1	4.2
	11	0	3.8	4.4	5.5	7.1	6.1	7.1	5	5.5	5.8	4.7	4.6	3.9	3.6	3.5	3.2	2.7	4.2	4.2	3.7	5.7	6.4	6.2	5.8	6.7	4.9	5.6	5.9	3.3	3.9	4.1	4	3.4	4.5	4.6	4.2	4.2	3.8
	12	0	5.2	7.4	7	5	4.7	6.6	7.5	7.4	8.6	5.9	5.2	4.7	3.6	2.5	2.9	3.2	3.3	3.6	3.9	5.1	5.6	5.9	6	6	5.5	6.8	7.4	4.4	6.3	5.3	4.6	4.9	-1	2	2.2	3.7	5.2
FREQUENCY BY DIRECTION                                                          																																							
	Month	calm	0	10	20	30	40	50	60	70	80	90	100	110	120	130	140	150	160	170	180	190	200	210	220	230	240	250	260	270	280	290	300	310	320	330	340	350	360
	ALL	4.63	1.62	3.34	5.27	5.22	5.86	6.96	7.55	6.64	5.13	3.14	2.04	1.88	0.86	0.75	0.57	0.76	0.62	0.78	1.09	1.73	2.78	3.63	3.97	4.74	4.86	3.79	2.72	1.74	1.35	1.53	1.57	1.08	0.86	0.84	1.33	1.4	1.62
	1	3	0.4	1.1	1.4	1.8	3.6	3.9	6.7	8.8	6.9	3.9	2.2	2.2	0.7	0.7	0.2	0.3	0.3	1.2	2.7	2.2	5.1	6.5	7.6	8.5	8.2	4.6	1.9	1.5	1	1	0.4	0.8	0.4	0.3	0.7	0.4	0.4
	2	4.8	0.8	1.6	6	4.8	4.4	3.4	4.5	4.4	5.9	3.1	1.9	2.5	1.3	0.5	0.9	0.8	0.3	0.8	1.1	1.9	3.1	4.7	5.5	4.7	6.6	6.6	4.7	3.7	1.5	1	1.5	0.9	0.9	1.1	1	1.4	0.8
	3	5.5	2.2	4.6	5.3	6.1	5.6	6.5	4.4	3.1	2.7	1.9	0.7	0.3	0.3	0.1	0.1	0.3	0.4	0.6	0.6	1.3	2.4	4.9	4.5	8.7	10.2	7.3	5.3	1.9	1.2	0.4	0.4	0.6	0.3	0.7	1.7	2.2	2.2
	4	9.7	2.5	5.8	11.4	12.7	11.1	9.6	8.1	3.8	2.4	2.2	1.3	1	0.3	0.5	0.3	0.2	0.3	0	0.1	0.2	0.9	2.9	1.6	4.2	4.1	2	1.7	1.2	1.3	0.8	0.5	0.3	0.3	0.6	1.4	2.4	2.5
	5	7.1	0.3	1.5	9.7	16.3	16.2	16.8	14.3	6.9	3.1	0.5	0.3	0.2	0.2	0.4	0	0.2	0.1	0	0	0	0	1.2	0.3	2.4	2.8	1.9	2.1	0.5	0.3	0.3	0.3	0.2	0.1	0	0.4	0.1	0.3
	6	4	3.1	5.1	9.4	6.4	9.5	8.7	9.5	8.4	3.8	1.4	1.2	0.5	0.4	0	0.1	0.5	0.6	0.8	0.1	0.4	0.4	0.5	0.1	0.3	0.6	1.6	0.9	2.7	2.7	4.1	3.7	2	1.9	2.2	3.7	2.8	3.1
	7	3.4	2.5	4.5	2.6	3.4	7.3	9.3	13.2	14.7	5.9	4.9	3.1	1.6	0.9	0.8	0.4	0.4	0.3	0.3	0.2	0.6	0.4	0.7	1.1	0.8	1.2	0.6	1.1	1.3	1.1	1.5	3.6	2.4	1.3	1.9	2.1	2	2.5
	8	5.4	1.8	2.3	2.4	2.2	3.2	3.9	3.9	8.1	6.7	5.2	4.6	3.6	1.5	1.5	1.4	1.7	1	1.7	1.7	1.8	2.6	1.8	3.2	3.5	2.9	2.2	1.6	2.7	2.3	3.3	3.8	3.2	2.5	1.8	1	1.4	1.8
	9	5.4	2.2	3	4.2	4.2	2.6	3.3	7	6.1	4.9	2.4	2.3	3.2	1.3	0.6	0.6	0.8	0.8	0.8	1.8	3.1	2.6	2	4.8	4	4.3	4.4	4.9	2.6	2.6	3.6	1.8	1.2	1.2	0.8	1.9	2.1	2.2
	10	3.8	1.3	3.5	4.4	4.4	3.9	3.9	6.2	4.8	5.5	5.3	2.4	3.4	0.8	1.3	1.2	2.1	1.9	1	2.5	3.1	3.5	4.8	5.1	5	4.2	4.7	2.6	0.9	0.7	1.3	1.3	0.6	0.8	0.6	0.3	0.7	1.3
	11	3.5	1.4	2	3.5	2.9	1.5	5.1	4.5	4	5.8	3.5	2.7	2.3	2.5	3.2	1.4	1.7	0.9	1.4	0.9	2.8	4.3	6.1	6.4	6.2	5.3	4.4	3.1	1.2	1	0.8	1.4	0.7	1.1	0.5	1.9	1.5	1.4
	12	2.3	1.1	4.7	6.5	3.2	5.9	11.1	8.4	5.2	6.3	2.9	1.6	1.3	0.4	0.2	0.5	0.6	0.6	0.7	0.6	2	5.6	6.1	4.8	6.2	5.5	3.6	1.6	0.7	0.5	0.2	0.6	0.3	0	0.1	0.2	0.2	1.1
FREQUENCY OF SPEED                                                              																																							
	Month	0	1	2	3	4	5	6	7	8	9	10	11	12	13	14	15	16	17	18	19	20	21	22	23	24	25												
	ALL	4.6	3.4	11.1	14.4	14.7	12.8	10.4	8	7	5	3.4	2	1.1	0.9	0.5	0.4	0.1	0.1	0.1	0	0	0	0	0	0	0												
	1	3	1.6	5.5	10.9	11.5	10.2	10	10	9.4	7	6.4	4.4	3.6	3	2.2	1.1	0.2	0	0	0	0	0	0	0	0	0
	2	4.8	2.6	7.5	10.5	13	15.3	12.6	8.8	8.5	6.3	4.4	2.3	0.9	0.3	0.7	0.8	0.2	0.3	0.2	0	0	0	0	0	0	0
	3	5.5	3.1	13.3	17.5	14.5	14.1	10.7	7.3	5.4	5.1	2.2	0.7	0.5	0.1	0.1	0.1	0	0	0	0	0	0	0	0	0	0
	4	9.7	7.7	17.7	14.2	15.2	8	6	5.7	4.3	4.5	3.2	2.6	1	0.3	0	0	0	0	0	0	0	0	0	0	0	0
	5	7.1	3.1	7.7	8.7	8	11.1	15.2	10.7	10.5	6.5	4.9	3.1	1.3	1.8	0.5	0	0	0	0	0	0	0	0	0	0	0
	6	4	3.9	15.4	22.2	16.2	17.2	9.2	4.2	3.3	2.2	1.2	0.9	0	0	0	0	0	0	0	0	0	0	0	0.1	0	0
	7	3.4	4.5	11.5	17.6	19.2	15.5	13.1	6.6	5.8	2.4	0.3	0	0	0	0	0	0	0	0	0	0	0	0	0	0	0
	8	5.4	3.4	14.1	17	18.1	12.9	9	7.5	6.8	2.9	2.1	0.1	0.1	0	0.3	0.1	0.2	0.1	0	0	0	0	0	0	0	0
	9	5.4	4.3	13.5	13.8	12	10.1	8.6	8	8.9	5.4	4.6	2.8	1.1	1	0.2	0.2	0	0	0	0	0	0	0	0	0	0
	10	3.8	2.3	10.4	11.8	14.6	11.9	11.1	9.8	7.5	4.8	3.2	1.8	1.5	1.5	1	1.4	0.9	0.4	0.2	0	0	0	0	0	0	0
	11	3.5	2.4	11.3	19.5	17.4	15.6	9.2	5.5	4.4	4.8	2.2	2.5	0.8	0.4	0.2	0.2	0	0	0	0	0	0	0	0	0	0
	12	2.3	2.5	8.2	11.5	16.9	13	10	9.6	7.4	6.6	4.2	2	2	1.7	0.8	0.5	0.2	0.1	0.2	0.1	0.1	0	0	0	0	0
PERCENT OF POWER BY SPEED                                                       																											
	Month	0	1	2	3	4	5	6	7	8	9	10	11	12	13	14	15	16	17	18	19	20	21	22	23	24	25
	ALL	0	0	0.4	1.5	3.5	5.7	7.7	9.6	12.3	12.3	11.4	8.8	6.6	6.6	4.9	4.1	1.7	1.1	1	0.3	0.1	0	0	0.2	0	0
	1	0	0	0.1	0.7	1.6	2.6	4.2	6.9	9.2	9.7	12	11.1	11.3	12	10.9	6.4	1.4	0	0	0	0	0	0	0	0	0
	2	0	0	0.2	1	2.7	5.9	7.8	8.8	12.5	12.6	12.2	8.2	4.2	1.9	5	7.5	1.7	4.2	3.5	0	0	0	0	0	0	0
	3	0	0	0.7	2.8	5.3	9.5	12.3	13.2	14.4	18.8	11.4	4.4	3.7	0.7	1.8	1	0	0	0	0	0	0	0	0	0	0
	4	0	0.1	0.9	2.2	5.3	5	6.3	10	10.5	16	15.9	17	7.8	3	0	0	0	0	0	0	0	0	0	0	0	0
	5	0	0	0.2	0.8	1.5	4.1	9.2	10.6	15	13.2	13.4	11.7	6.2	10.5	3.5	0	0	0	0	0	0	0	0	0	0	0
	6	0	0.1	1.1	4.8	7.9	15.7	13.8	10.4	12	11.1	8.7	7.7	0	0	0	0	0	0	0	0	0	0	0	6.7	0	0
	7	0	0.1	0.8	4	9.5	14.4	20	16.1	20.8	12	2.1	0	0	0	0	0	0	0	0	0	0	0	0	0	0	0
	8	0	0.1	0.8	2.9	6.8	9.1	10.9	14.7	19	11.7	11.1	0.7	0.8	0	4	1.6	3.8	2.1	0	0	0	0	0	0	0	0
	9	0	0	0.5	1.5	2.9	4.5	6.5	9.8	15.8	13.4	15.7	12.4	6.5	7.4	1.7	1.6	0	0	0	0	0	0	0	0	0	0
	10	0	0	0.3	0.9	2.6	3.9	6.1	8.5	9.3	8.5	7.8	5.5	5.7	8	6.7	10.5	8.6	4.3	2.9	0	0	0	0	0	0	0
	11	0	0	0.5	2.9	5.6	9	8.9	8.5	10.1	15.1	9.9	14.5	6	3.7	2.3	2.8	0	0	0	0	0	0	0	0	0	0
	12	0	0	0.2	1	3.2	4.5	5.9	9	10.1	12.5	11	6.9	8.8	9.3	5.7	4.2	1.6	1.3	2.2	1.6	1	0	0	0	0	0
PREVAILING DIRECTION BY HOUR                                                    																											
	Month	0	1	2	3	4	5	6	7	8	9	10	11	12	13	14	15	16	17	18	19	20	21	22	23		
	ALL	60	40	60	50	70	60	50	60	60	60	60	60	60	60	60	60	50	70	60	50	50	60	20	40		
	1	230	230	80	210	240	210	220	240	70	240	240	70	230	60	60	230	70	70	210	70	230	80	70	70		
	2	60	240	230	80	240	80	240	70	250	250	20	240	50	250	30	30	20	20	20	70	70	240	20	40		
	3	240	20	50	230	240	230	240	240	240	230	250	240	240	240	230	230	50	50	50	230	30	30	250	240
	4	40	40	30	30	30	30	30	60	60	30	30	60	50	20	50	40	50	30	20	30	40	50	50	20
	5	50	40	40	50	20	60	30	60	60	50	50	60	50	40	40	60	40	30	30	30	30	20	20	30
	6	60	60	50	340	60	50	50	60	20	70	40	10	300	20	10	60	70	20	40	20	70	40	50	60
	7	90	50	40	70	70	60	70	70	60	70	60	60	60	70	70	70	70	70	60	60	70	60	60	50
	8	130	70	80	220	220	90	110	110	240	100	70	70	250	60	300	70	70	70	70	80	50	90	90	100
	9	70	60	60	80	70	80	220	220	60	250	220	230	70	30	20	60	340	30	60	50	60	250	80	60
	10	80	90	200	20	60	40	80	250	250	110	10	250	60	50	60	60	230	20	230	30	60	70	240	30
	11	100	230	90	220	70	80	50	130	50	80	220	50	50	220	50	80	210	80	70	220	240	30	230	20
	12	60	40	50	50	50	50	50	50	40	50	50	50	60	50	50	20	50	210	60	50	60	60	60	210
SPEED FOR PREVAILING DIRECTION BY HOUR                                          																									
	Month	0	1	2	3	4	5	6	7	8	9	10	11	12	13	14	15	16	17	18	19	20	21	22	23
	ALL	6.36	6.14	6.49	6.49	6.35	6.94	5.8	6.46	6.72	6.42	6.38	6.72	6.95	7.12	7.42	6.7	5.58	6.74	6.69	6.05	5.67	6.9	5.63	5.9
	1	7.78	6.65	7.75	6.7	6.71	7.94	8.09	7.16	8.76	8.18	6.86	10.53	8.01	8.02	8.12	6.19	9.86	10.17	7.8	9.79	7	8.97	11.9	12.57
	2	3.58	6.9	6.24	6.22	7.36	6.14	6.73	7.26	6.34	6.7	7.48	4.58	6.5	4.07	4.92	8.05	4.85	6.22	5.92	5.42	6.63	5.54	6.65	8.18
	3	5.88	3.73	4.6	6.08	6.64	5.43	5.76	5.74	5.84	5.78	6.21	6.19	5.48	4.06	5.76	5.47	4.01	3.74	5.1	6.06	4.45	4.92	5.16	5.36
	4	7.56	6.78	7.76	7.27	4.71	6.64	6.86	5.71	5.49	8.2	7.58	5.47	6.13	3.9	6.54	5.95	5.95	8	3.75	8.35	6.11	3.9	7.14	4.21
	5	6.25	6.92	6.7	6.15	5.47	7.4	6.72	7.91	7.72	5.27	6.74	8.08	5.69	7.83	8.18	7.21	7.04	7.9	7.49	7.99	8.64	7.96	6.12	7.67
	6	5.2	3.78	3.12	3.14	5.3	5.78	5.01	4.07	4.93	5.37	5	4.45	5.47	5.62	4.45	5.4	6.63	6.32	6.12	4.15	5.1	5.27	3.97	5.2
	7	6.08	5.18	4.39	5.18	4.53	5.74	5.41	5.72	4.68	6.18	4.76	4.8	5.65	6.33	6.02	6.18	6.08	5.96	5.46	5.7	5.69	5.66	3.76	4.76
	8	3.95	4.68	6.53	4.28	4.85	5.38	5.5	5.8	7.78	4.47	3.73	5	5.68	5.62	5.42	6.96	6.09	5.86	5.88	5.97	4.7	4.98	4.82	5.87
	9	6.88	8.03	7.91	4.81	7.22	5.69	4.83	6.07	7.52	8.11	5.27	6.4	6.82	5.97	5.1	5.82	3.47	5.18	5.99	4.44	7.16	7.73	7.13	5.95
	10	6.24	6.56	6.12	5.47	7.36	7.9	6.84	8.27	8.7	4.4	5.38	8.35	12.3	5.2	10.5	9.13	6.71	5.72	6.5	6.9	10.9	3.93	5.62	7.27
	11	6.1	7.95	3.42	5.92	4.17	5.5	5.1	3.7	7.05	5.9	4.45	7.87	5.62	6.25	6.04	7.43	7.15	6.38	5.47	6.06	3.86	8.37	7.55	5.75
	12	6.26	4.48	7.58	6.76	5.47	6.54	6.28	6.09	4.82	8.11	5.26	5.31	6.59	5.39	6.18	7.07	5.89	5.04	6.53	8.08	6.06	7.4	6.01	6.2
