PALMER MUNICIPAL    AK - 702740                                                 														
 61 deg    36' N  149 deg    05' W - Elev   71m   LST=GMT+99 hours   *NT=-10    														
 01/73-09/02                                                                    							Adjusted to Alaska Timezone (GMT-9)							
SPEED BY YEAR                                                                   														
	Year	ALL	JAN	FEB	MAR	APR	MAY	JUN	JUL	AUG	SEP	OCT	NOV	DEC
	ALL	3.29	3.15	3.26	3.5	4.06	4.14	3.47	2.92	2.95	3.32	2.76	2.76	3.09
	1973	2.77	1.76	2.83	2.74	4.41	5.48	3.02	3.64	2.73	2.57	1.76	1.68	2.17
	1974	2.82	1.84	1.86	3.19	3.93	3.25	3.48	2.43	2.68	3.28	3.06	2.83	1.98
	1975	2.94	2.53	3.06	2.57	3.08	4.59	3.26	2.37	2.51	3.31	3.34	1.7	3.15
	1976	3.45	2.74	2.41	2.93	4.36	4.31	3.21	3.31	2.95	4.98	2.89	4.31	3.16
	1977	3.39	4.82	4.1	2.58	4.25	4.32	3.66	3.84	3.4	2.83	3.37	1.5	1.9
	1978	3.74	3.21	5.35	3.8	4.64	5.37	3.38	3.59	2.78	2.65	3.31	3.04	4
	1979	3.59	3.19	5.55	2.85	2.98	4.79	3.7	2.68	3.63	3.92	3.63	3.92	2.68
	1980	3.75	5.27	4.12	3.89	5.58	6.17	3.32	3.03	2.69	3.41	3.26	3.02	1.29
	1981	3.41	4.63	3.13	4.52	4.08	3.89	3.15	2.82	3.28	3.33	2.43	2.67	2.97
	1982	3.43	3.17	3.95	3.42	3.98	4.14	4.32	3.05	2.5	3.35	1.92	3.25	4.2
	1983	3.07	2.98	2.69	2.83	3.95	4.53	3.56	2.86	2.46	2.69	2.68	2.97	2.52
	1984	2.59	2.34	2.27	2.91	3.83	3.14	3.06	1.88	2.53	2.9	2.41	1.38	2.4
	1985	3.51	3.56	3.27	3.81	3.22	4.43	3.67	3.13	3.13	3.67	2.38	2.51	5.24
	1986	3.56	4.15	3.66	2.76	3.74	4.17	4.31	2.99	3.68	2.82	2.88	3.38	4.13
	1987	3.54	3.59	4.14	4.26	4.06	3.8	4.66	2.51	2.9	3.53	3.74	2.52	2.89
	1988	3.63	3.29	4.93	3.86	4.55	4.08	3.22	2.85	3.62	4.15	2.96	1.99	4.12
	1989	3.48	2.03	2.04	4.4	3.95	3.81	4.31	3.41	3.17	3.72	3.43	3.54	3.8
	1990	3.19	2.83	2.02	3.49	3.49	3.45	3.14	3.8	3.05	3.81	2.52	3.49	3.15
	1991	3.41	2.64	2.68	2.7	4.73	5.12	3.54	2.9	3.94	4.19	2.74	2.35	2.92
	1992	2.79	3.09	1.54	3.29	3.07	3.49	3.14	2.67	3.13	2.38	2.22	2.74	2.06
	1993	3.11	2.67	2.77	3.58	4.08	3.75	2.94	2.53	3.38	3.35	2.33	2.44	3.74
	1994	3.43	3.69	4.65	3.53	3.94	4.77	3.02	3.52	2.61	3.22	2.62	2.47	2.75
	1995	3.18	2.31	3.3	3	3.86	4.72	3.01	2.99	2.56	3.12	2.52	3.76	2.9
	1996	3	1.42	1.98	4.19	4.21	3.47	3.66	3.08	3.19	3.05	2.37	2.17	3.34
	1997	3.34	3.25	4.14	3.63	4.25	5.08	4.35	4	4.02	3.74	1.62	2.98	2.6
	1998	3.13	2.54	2.71	3.24	5.58	4.73	3.2	2.57	2.44	3.11	3.22	1.88	2.13
	1999	2.92	2.97	1.75	4.15	3.68	3.66	2.85	2.42	2.49	3.43	2.52	2.5	2.71
	2000	3.16	2.22	3.16	3.61	3.48	3.61	3.59	2.49	2.82	2.63	2.79	3.59	3.96
	2001	3.79	3.92	3.56	4.28	4.26	3.93	3.45	2.97	3.27	3.69	3.89	3.75	4.31
	2002	3.43	4.63	4.44	3.07	3.95	2.94	3.38	2.98	2.34	1.58	-1	-1	-1
POWER BY YEAR                                                                   														
	Year	ALL	JAN	FEB	MAR	APR	MAY	JUN	JUL	AUG	SEP	OCT	NOV	DEC
	ALL	88	116	137	119	119	106	67	41	48	69	61	71	101
	1973	56	60	80	36	112	167	43	75	36	31	16	22	46
	1974	51	84	22	78	79	44	67	18	37	58	64	45	20
	1975	69	70	109	37	54	132	78	20	26	112	95	24	77
	1976	77	51	48	45	115	100	44	52	47	158	44	150	72
	1977	69	167	82	26	118	107	50	64	55	38	57	16	37
	1978	104	78	202	93	145	178	70	82	37	54	67	162	98
	1979	135	90	767	58	36	138	81	29	67	98	103	126	86
	1980	129	422	173	86	200	256	62	58	40	59	70	62	69
	1981	78	120	82	146	124	98	49	38	56	64	28	60	75
	1982	105	208	242	91	112	125	115	58	25	63	26	80	130
	1983	68	91	51	50	93	109	63	35	33	59	36	73	119
	1984	55	56	39	43	98	52	65	16	33	49	123	22	69
	1985	108	89	312	107	52	147	73	57	89	102	28	92	171
	1986	94	133	219	34	104	90	99	35	60	89	84	66	123
	1987	79	74	198	158	82	64	99	17	36	59	82	33	55
	1988	85	62	214	82	135	80	37	26	57	99	63	45	119
	1989	112	100	47	405	94	100	98	55	39	65	85	108	142
	1990	70	69	38	114	70	58	46	68	40	71	31	142	103
	1991	76	84	66	41	134	146	65	46	92	91	42	49	51
	1992	47	53	35	62	41	57	40	28	42	24	80	65	36
	1993	68	64	115	113	93	67	37	31	68	65	43	47	88
	1994	105	188	451	104	79	125	35	55	35	54	38	48	67
	1995	65	38	134	73	72	111	34	31	21	32	50	147	46
	1996	74	43	27	179	112	50	53	42	36	34	36	34	250
	1997	83	171	81	178	81	89	85	43	64	71	46	82	75
	1998	99	78	39	72	248	194	76	41	44	65	84	32	179
	1999	96	150	63	268	91	109	59	31	38	96	64	69	113
	2000	87	151	108	73	80	94	87	31	88	80	54	95	101
	2001	115	136	134	259	168	83	57	33	44	56	109	71	143
	2002	108	144	111	143	257	50	90	54	20	6	-1	-1	-1
NUMBER OF SPEED OBSERVATIONS BY YEAR                                            														
	Year	ALL	JAN	FEB	MAR	APR	MAY	JUN	JUL	AUG	SEP	OCT	NOV	DEC
	ALL	129896	11229	10239	11111	11121	11270	10767	11108	11151	10491	10636	10234	10539
	1973	2500	225	214	191	179	143	164	231	210	225	236	245	237
	1974	2787	233	226	239	224	249	232	228	230	229	233	222	242
	1975	2871	240	214	244	233	228	234	236	249	250	254	251	238
	1976	2905	266	245	261	254	271	241	225	220	190	213	261	258
	1977	3207	286	256	265	257	274	258	285	275	259	251	256	285
	1978	3234	274	230	269	279	272	247	264	277	277	281	277	287
	1979	3528	292	270	298	294	289	287	290	291	289	291	272	365
	1980	4240	337	332	364	341	378	369	366	363	365	345	324	356
	1981	4341	361	328	369	349	373	371	375	383	368	354	359	351
	1982	4214	357	324	359	348	347	358	367	370	359	343	340	342
	1983	4305	382	327	358	356	373	360	376	379	347	363	334	350
	1984	4333	367	321	372	360	361	360	384	372	374	359	347	356
	1985	4299	348	318	364	362	367	343	378	377	368	347	357	370
	1986	4174	347	325	370	338	356	345	342	365	343	337	351	355
	1987	4184	348	315	363	336	367	340	346	358	339	362	358	352
	1988	4254	366	344	348	353	360	344	365	350	345	369	343	367
	1989	4227	356	327	351	353	360	352	368	350	350	366	327	367
	1990	3997	358	332	354	357	340	333	352	331	342	309	286	303
	1991	4062	286	282	358	353	350	360	361	360	362	353	292	345
	1992	3676	338	229	225	316	361	347	351	364	331	332	280	202
	1993	3920	354	290	311	333	352	320	358	368	317	340	346	231
	1994	3705	315	280	338	322	364	270	304	333	340	314	276	249
	1995	3571	279	285	320	329	308	329	315	240	254	326	261	325
	1996	3459	291	334	242	266	346	308	262	290	284	280	245	311
	1997	4839	313	286	277	307	285	282	275	296	473	698	688	659
	1998	7531	649	428	604	659	671	635	633	642	639	645	662	664
	1999	7918	679	638	674	642	620	640	654	689	637	642	701	702
	2000	8099	706	660	701	670	631	628	660	676	674	689	685	719
	2001	6427	724	680	680	672	610	484	512	484	538	404	288	351
	2002	5089	552	599	642	679	664	626	645	659	23	0	0	0
NUMBER OF SPEED OBSERVATIONS BY HOUR                                            														
	Hour	ALL	JAN	FEB	MAR	APR	MAY	JUN	JUL	AUG	SEP	OCT	NOV	DEC
	0	1577	137	127	138	143	134	130	136	132	115	129	126	130
	1	1592	138	122	140	142	147	131	129	134	120	130	130	129
	2	1565	136	125	133	135	143	127	136	134	121	123	126	126
	3	1562	141	122	134	141	131	131	130	125	119	125	133	130
	4	1645	137	120	135	145	142	134	149	153	140	129	136	125
	5	2621	145	122	145	252	303	290	279	289	272	261	131	132
	6	4038	301	274	284	317	404	369	410	410	373	353	262	281
	7	6177	390	366	381	568	644	627	649	642	611	584	347	368
	8	8674	654	624	705	728	827	783	805	805	774	772	566	631
	9	9704	852	772	852	828	802	783	825	835	787	820	771	777
	10	9690	839	776	836	817	821	786	826	839	767	797	784	802
	11	9728	845	776	843	815	822	806	813	840	780	810	780	798
	12	9722	849	767	838	826	830	809	821	813	804	798	765	802
	13	9786	853	772	850	833	837	797	845	814	789	819	782	795
	14	9814	853	790	846	837	850	805	836	825	803	808	765	796
	15	9632	838	777	832	816	816	773	809	825	773	781	780	812
	16	7516	774	707	765	601	552	524	540	535	530	514	736	738
	17	5419	505	450	479	478	449	435	422	429	420	429	470	453
	18	4734	437	386	388	399	398	387	399	399	365	376	392	408
	19	4284	385	346	380	381	369	361	351	363	315	325	346	362
	20	4010	351	316	341	348	361	342	342	344	309	317	317	322
	21	2972	340	307	335	246	204	183	187	196	166	185	304	319
	22	1870	196	175	190	185	148	128	140	136	115	123	161	173
	23	1564	133	120	141	140	136	126	129	134	123	128	124	130

SPEED BY HOUR                                                                   														
	Hour	ALL	JAN	FEB	MAR	APR	MAY	JUN	JUL	AUG	SEP	OCT	NOV	DEC
	0	2.9	3.57	3.77	3.75	3.27	2.65	2.29	1.64	2	2.89	2.78	2.92	3.3
	1	2.91	3.51	3.66	3.91	3.33	2.55	2.09	1.62	2.13	2.94	2.93	2.78	3.46
	2	2.85	3.16	3.45	3.68	3.51	2.31	2.03	1.69	2.16	2.96	2.75	3.04	3.6
	3	2.86	3.38	3.36	3.77	3.35	2.36	2.1	1.66	2.14	3.05	2.88	2.83	3.38
	4	2.86	2.95	3.43	3.79	3.44	2.45	2.15	1.91	2.48	2.87	2.82	2.98	3.21
	5	2.79	3.24	3.46	3.75	3.35	2.62	2.34	1.89	2.3	3.01	2.76	3.02	3.22
	6	2.78	3	3.13	3.54	3.19	2.68	2.16	1.96	2.44	3.13	2.63	2.8	3.29
	7	2.74	3.37	3.27	3.48	3.01	2.7	2.18	1.82	2.37	3.11	2.65	2.78	3.08
	8	2.77	3.17	3.06	3.39	3	2.77	2.3	2.02	2.25	2.96	2.62	2.89	3.18
	9	2.91	3.07	3.3	3.33	3.05	3.34	2.84	2.27	2.27	2.8	2.66	2.91	3.16
	10	3.06	3.1	3.29	3.25	3.4	3.86	3.12	2.75	2.56	2.81	2.56	2.92	3.13
	11	3.24	3.09	3.36	3.19	3.82	4.36	3.37	3.01	2.92	3.06	2.68	2.9	3.08
	12	3.41	3.08	3.39	3.34	4.26	4.68	3.76	3.16	3.21	3.41	2.77	2.68	3.11
	13	3.56	3.24	3.24	3.53	4.62	4.91	3.92	3.4	3.43	3.66	2.88	2.81	3.05
	14	3.7	3.07	3.29	3.73	4.87	5.25	4.17	3.63	3.7	3.81	3.06	2.68	3.02
	15	3.75	3.06	3.31	3.62	5.06	5.37	4.42	3.81	3.78	3.94	3.09	2.58	2.97
	16	3.71	3.09	3.14	3.77	5.25	5.52	4.63	3.94	3.61	3.94	2.9	2.62	2.97
	17	3.76	3.26	3.14	3.75	5.18	5.41	4.77	3.96	3.68	3.91	2.74	2.44	2.9
	18	3.7	3.11	2.99	3.46	5.21	5.33	4.91	3.97	3.67	3.71	2.49	2.5	2.99
	19	3.6	3.33	2.9	3.34	4.74	5.11	4.79	3.7	3.35	3.36	2.49	2.76	3.07
	20	3.45	3.1	3.11	3.39	4.33	4.69	4.31	3.36	3.14	3.23	2.64	2.74	3.04
	21	3.21	3.22	3.23	3.43	3.72	3.98	3.83	2.78	2.57	3.01	2.84	2.84	3.08
	22	3.03	3.42	3.53	3.63	3.37	2.91	2.86	2.23	2.11	2.98	2.83	2.89	2.92
	23	2.94	3.31	3.41	3.83	3.51	2.62	2.61	2.09	2.25	2.87	2.57	2.88	3.21

POWER BY HOUR                                                                   														
	Hour	ALL	JAN	FEB	MAR	APR	MAY	JUN	JUL	AUG	SEP	OCT	NOV	DEC
	0	86	150	161	184	121	56	29	10	22	34	48	64	142
	1	84	152	118	170	124	47	27	11	24	42	76	53	160
	2	76	102	97	166	124	40	21	11	20	43	57	63	164
	3	79	150	108	153	126	38	27	9	29	51	58	55	126
	4	71	102	116	131	119	33	26	16	33	43	62	56	135
	5	61	152	111	148	97	38	26	18	20	40	55	52	117
	6	63	99	107	125	82	43	24	17	26	48	62	70	118
	7	62	113	133	119	67	44	26	15	41	52	57	65	107
	8	65	110	122	108	68	50	31	20	24	48	54	73	114
	9	73	90	156	114	69	82	41	22	27	45	56	74	97
	10	79	106	155	118	81	89	48	32	44	50	52	80	95
	11	83	107	157	99	100	108	56	38	44	60	53	76	99
	12	93	108	181	113	117	119	72	44	52	81	59	69	104
	13	97	122	150	112	135	134	75	53	58	91	65	75	89
	14	102	117	141	123	149	149	87	57	68	87	80	74	93
	15	105	110	146	104	160	168	102	69	72	96	71	67	90
	16	107	111	125	117	178	173	118	73	66	98	66	70	88
	17	109	137	120	120	172	161	116	75	68	99	67	66	92
	18	103	128	101	108	169	155	122	75	69	97	56	57	98																									
	19	97	130	98	98	144	138	122	64	57	81	58	69	92																									
	20	97	132	103	151	131	127	101	53	55	75	56	69	99																									
	21	98	128	115	123	131	114	92	40	47	67	70	84	99																									
	22	89	148	106	149	112	69	54	26	34	54	77	71	102																									
	23	88	116	114	212	145	66	42	23	32	43	52	73	122																									

SPEED BY DIRECTION                                                              																																							
	Month	calm	0	10	20	30	40	50	60	70	80	90	100	110	120	130	140	150	160	170	180	190	200	210	220	230	240	250	260	270	280	290	300	310	320	330	340	350	360
	ALL	0	4.02	3.66	4.39	5.73	6.06	4.88	3.35	2.88	2.83	3.06	3.43	3.84	4.61	5.46	5.61	5.14	4.29	3.33	2.9	2.8	2.76	2.79	2.87	3	2.98	3.07	3.02	3.03	2.9	2.89	2.69	2.57	2.72	2.96	3.61	4.1	4.02
	1	0	4.7	4.4	4.7	6.7	7.2	5.4	4	2.8	2.8	3	4	5.1	6.5	6.6	5.4	4.7	3.1	2.4	2.2	2.5	2.6	3	2.3	2.8	2.6	2.8	2.7	3.4	2.1	3.3	2.7	2.8	2.7	3.7	4.3	4.8	4.7
	2	0	4.5	4.2	5.2	7.5	8.6	7.6	3.8	3.1	2.9	3.2	4.3	4.4	5.4	6.3	5.2	3.5	2.5	2.3	2.3	2.2	2.6	2.7	2.4	2.5	2.6	2.6	3.4	3	3.2	2.5	2.6	2.7	2.3	3.2	4.2	4.6	4.5
	3	0	4	3.9	6	7.1	7.6	5.7	4.1	3.1	2.9	3.3	3.5	4.2	5	5.7	5.2	4.1	3.1	2.7	2.6	2.5	2.8	2.5	2.7	2.7	2.8	2.8	3.1	3.1	2.7	2.9	2.4	2.7	2.7	3	3.6	4	4
	4	0	3.4	3.2	4.7	5.6	5.6	5.8	3.7	3	2.8	2.9	3.5	4	5.4	6.4	6.3	5.8	4.3	3.3	3.1	3.1	3	2.9	3.2	3.3	3.2	3.3	3.1	2.9	3.1	2.6	2.8	2.6	2.8	2.7	3.1	3.3	3.4
	5	0	3	3	3.6	4.4	4.1	3.8	2.9	2.8	2.7	2.9	3.3	3.7	4.9	6.2	6.5	6.2	5.6	4.5	3.5	3.3	3.2	3.2	3.2	3.5	3.4	3.5	3.4	3.3	3.1	3.1	3.3	2.9	3.2	2.8	3	2.9	3
	6	0	2.8	2.7	3	3.1	3.2	2.7	2.5	2.4	2.5	2.7	3	3.4	3.6	4.8	5.7	5.6	5	4	3.3	3.1	3	3	3	3.2	3.2	3.2	3	3.1	3	2.8	2.5	2.8	2.7	2.3	2.6	2.8	2.8
	7	0	2.5	2.6	2.5	2.4	2.6	2.6	2.5	2.6	2.7	2.8	2.9	3	3.1	3.8	4.6	4.7	4.5	3.7	3.1	2.9	2.7	2.8	2.8	2.9	2.9	3	3	2.8	2.5	2.6	2.4	2.3	2.2	2.2	2.4	2.6	2.5
	8	0	3	3	3.4	3.9	3.6	3.4	3.1	2.9	3	3.1	3.1	3.3	3.5	4	4.8	4.9	4.2	3.3	3	2.8	2.6	2.7	2.8	2.8	2.9	2.8	3	3	3.3	3.2	2.7	2.6	2.6	2.4	2.6	3.1	3
	9	0	3.4	3.2	3.3	4.2	4.8	3.3	3.1	3.2	3.5	3.7	3.7	3.7	4.6	5.4	5.6	5.1	4.4	3.4	2.8	2.6	2.5	2.4	2.7	2.8	2.9	3	2.8	2.9	2.8	3.2	2.6	2.3	2.5	2.9	3.1	3.5	3.4
	10	0	3.8	3.6	4.1	5.4	5.2	4.2	3.3	2.9	2.9	2.9	3.4	3.7	4.5	5.5	5.3	4.1	3	2.5	2.4	2.3	2.3	2.2	2.4	2.5	2.6	2.4	2.7	2.9	3.3	2.8	3	2.5	2.9	3	3.1	3.6	3.8
	11	0	4.4	4	3.8	5.2	5.8	4.9	3.4	2.8	2.3	2.6	3	4	5.5	5.1	4.5	3.5	2.7	2.2	2.2	2	2.1	2.3	2.1	2.6	2.4	2.7	2.4	2.9	2.4	2.3	2.3	2.3	3	3.1	3.9	4.4	4.4
	12	0	4.6	4	4.8	6.9	6.6	4.9	3.2	2.9	2.8	3.4	4.2	5	5.7	6	5.9	3.5	3.2	2.3	2.5	2.2	2.5	2.4	2.6	2.5	2.6	3.1	2.9	2.8	2.8	2.9	2.8	2.3	2.7	3.1	4.3	4.7	4.6
FREQUENCY BY DIRECTION                                                          																																							
	Month	calm	0	10	20	30	40	50	60	70	80	90	100	110	120	130	140	150	160	170	180	190	200	210	220	230	240	250	260	270	280	290	300	310	320	330	340	350	360
	ALL	19.88	9.42	4.17	2.76	2.69	2.43	1.85	1.62	1.32	1.36	1.74	1.82	2.51	4.53	6.24	7.57	6.66	4.41	3.83	4.12	2.01	1.55	1.42	1.7	2.01	2.08	1.32	0.97	0.84	0.55	0.48	0.51	0.43	0.51	1.01	2.73	8.82	9.42
	1	33.4	18.4	6.9	4.2	4.5	3.9	2.5	2.3	1.7	1.7	2	1.8	2.6	4.1	4.4	3.5	2.4	1.3	1.2	0.9	0.5	0.3	0.2	0.3	0.4	0.7	0.4	0.3	0.3	0.4	0.3	0.5	0.4	0.8	1.6	4.5	17.6	18.4
	2	27.8	14.4	4.9	3.3	3.7	4	3.4	2	1.2	1.2	1.4	1.3	2.1	3.5	4.7	4.4	3.6	2.8	3.7	3.8	1.2	1.1	0.6	0.7	0.9	1.3	0.6	0.5	0.5	0.4	0.4	0.4	0.4	0.5	1.2	4.9	15.2	14.4
	3	16	10.2	5	4.4	4.1	3.8	2.2	1.5	1.2	1.2	1.3	1.6	2	3.8	5.7	5.5	4.3	3.8	5	6	2.1	1.1	1.3	1.4	1.9	1.7	1.1	0.8	0.6	0.5	0.4	0.3	0.4	0.4	0.9	3.2	9.2	10.2
	4	10	5.4	3	2.1	2.5	1.8	1.7	1.3	1.2	1.1	1.4	1.6	2.4	5.3	10	12.6	9.1	4.9	4.4	4	2.1	1.7	1.4	2.1	2.3	2.5	1.5	1.1	0.8	0.5	0.3	0.3	0.2	0.3	0.6	1.8	4.8	5.4
	5	9.7	3.9	1.9	1.1	1.5	1.1	0.9	0.9	0.8	0.7	1.2	1.2	2	4.1	8.6	12.9	11.6	6.9	4.9	4.1	2.2	2.2	2.1	2.6	3.4	3.1	2.1	1.6	1.5	0.8	0.7	0.7	0.6	0.5	0.8	1.4	3.5	3.9
	6	11.9	3.1	1.5	1.2	1	1.1	0.8	1	1	1	1.3	1.6	2.5	4.9	7.1	11.2	10.7	7.2	5.4	5.8	3.2	2.3	2.5	2.9	3.5	3.7	2.4	1.5	1.7	0.8	0.7	0.6	0.3	0.3	0.5	0.9	2.7	3.1
	7	14.3	2.6	1.9	1.1	1	0.8	1.1	1.2	1	1.4	2.3	2.5	3.5	6.2	6.8	9.3	9.7	7.1	4.9	6.3	3.5	2.6	2.6	2.8	3.2	3.4	2	2	1.2	0.7	0.5	0.6	0.4	0.3	0.5	1	2	2.6
	8	14.9	5.1	2.8	2	1.6	1.4	1.6	1.6	1.7	2	2.5	2.8	3.4	5.5	6.3	7.7	8	5.9	4.9	5.3	2.9	2.2	2.2	2.4	2.3	2.8	1.7	1.1	0.8	0.5	0.6	0.5	0.4	0.2	0.8	1.8	4.5	5.1
	9	14.3	9	4.8	2.6	2.3	2	1.7	1.9	1.5	1.5	2.1	2.4	3.2	5.1	7.2	8.2	7.2	4.3	3.5	3.5	2	1.6	1.2	1.4	1.7	1.5	1.2	0.6	0.6	0.5	0.5	0.4	0.4	0.6	1.2	2.3	8.1	9
	10	25.3	11.6	6	3.9	4	3.5	2.5	1.9	1.5	1.6	2	1.8	2.4	4.1	4.7	5	4.3	2.7	3.1	4.4	1.9	1.6	1.2	1.4	1.5	1.6	0.8	0.7	0.6	0.5	0.5	0.5	0.6	0.7	1.2	3.3	10.1	11.6
	11	31.7	18.6	6.7	4.4	3.7	3.9	2.6	2.2	1.6	1.5	1.7	1.4	2	3.1	3.3	3.1	2.4	1.7	2	1.9	1	0.5	0.4	0.4	0.8	0.7	0.4	0.4	0.4	0.4	0.3	0.5	0.5	0.9	1.8	4.7	17.9	18.6
	12	31.1	19.7	7.4	4.5	3.9	3.1	2.2	2.4	1.7	1.6	1.8	1.7	1.9	3.7	3.3	2.3	1.8	1	1	1.4	0.5	0.3	0.5	0.5	0.7	0.6	0.8	0.5	0.6	0.4	0.4	0.6	0.7	0.8	1.3	5	19.3	19.7
FREQUENCY OF SPEED                                                              																																							
	Month	0	1	2	3	4	5	6	7	8	9	10	11	12	13	14	15	16	17	18	19	20	21	22	23	24	25												
	ALL	19.9	8.5	22.5	16	9.7	7.5	5.5	4.2	2	1.6	1	0.5	0.4	0.2	0.2	0.2	0.1	0.1	0.1	0	0	0	0	0	0	0												
	1	33.4	7.6	13.9	9.5	8.2	8.7	6.3	4.6	1.8	1.8	1.2	0.7	1	0.4	0.3	0.3	0.1	0.1	0.1	0	0	0	0	0	0	0												
	2	27.8	9.7	18.2	9.9	8.7	8.6	6	3.5	1.4	1.3	1.3	0.7	0.8	0.4	0.4	0.6	0.2	0.1	0.2	0	0.1	0	0	0.1	0	0												
	3	16	8.6	25.3	15.7	10.9	8	4.8	3.3	1.7	1.5	1.2	0.7	0.5	0.3	0.3	0.3	0.2	0.3	0.2	0.1	0	0	0	0	0	0												
	4	10	6.5	22.8	18.4	10.9	7.8	6.6	6.5	3.6	3	1.9	0.7	0.5	0.2	0.2	0.2	0	0.1	0	0	0	0	0	0	0	0												
	5	9.7	6.1	19.8	19.3	11.4	8.7	7.8	7.5	3.9	3.1	1.8	0.5	0.2	0.1	0.1	0	0	0	0	0	0	0	0	0	0	0												
	6	11.9	7.6	25.2	21.4	10.4	7.3	5.7	5.1	2.7	1.8	0.7	0.3	0	0	0	0	0	0	0	0	0	0	0	0	0	0												
	7	14.3	9.9	31.1	21	9.1	5.3	3.8	2.8	1.4	0.9	0.3	0	0	0	0	0	0	0	0	0	0	0	0	0	0	0												
	8	14.9	9.9	29.8	20.2	10.2	5.3	3.7	2.9	1.2	0.9	0.5	0.1	0	0	0	0	0	0	0	0	0	0	0	0	0	0												
	9	14.3	7.9	25.9	19.8	11.4	7.1	4.6	3.7	2.2	1.3	0.9	0.4	0.2	0.1	0.1	0	0	0	0	0	0	0	0	0	0	0
	10	25.3	10.6	24	15	8.1	6	4	2.4	1.4	1.2	0.9	0.4	0.3	0.1	0.1	0	0.1	0	0	0	0	0	0	0	0	0
	11	31.7	9.8	17.7	10.9	8.4	8.1	5.9	3.2	1.1	1	0.7	0.5	0.5	0.2	0.1	0	0	0	0	0	0	0	0	0	0	0
	12	31.1	8.7	15.3	10	8.8	9	6.7	4.2	1.6	1.3	1	0.5	0.7	0.3	0.2	0.3	0.1	0.1	0.1	0	0	0	0	0	0	0
PERCENT OF POWER BY SPEED                                                       																											
	Month	0	1	2	3	4	5	6	7	8	9	10	11	12	13	14	15	16	17	18	19	20	21	22	23	24	25
	ALL	0	0.2	2	4.2	5.4	7.9	10	12.3	8.7	9.5	8.3	5.1	5.9	3.3	3.4	4.2	1.9	2.2	2.3	1	0.6	0.3	0.2	0.7	0.1	0.4
	1	0	0.1	1	2	3.7	7.2	9	10.5	6	8.2	7.4	5.5	11	5.1	5.3	7.3	3	2.4	2.7	0.7	1.3	0	0.6	0	0	0
	2	0	0.1	1.1	1.7	3.3	6	7.2	6.8	4.1	4.8	6.8	5.4	7.9	4.2	5.8	11	3.9	3.3	5	1.4	2.5	1.4	1.1	4.8	0.6	0
	3	0	0.1	1.8	3.1	4.6	6.3	6.5	7.3	5.5	6.6	7.4	5.7	5.9	3.9	4.9	5.6	4	7.6	6.9	4.3	0.8	0.5	0	0	0	0.8
	4	0	0.1	1.6	3.6	4.4	6.1	8.9	14.3	11.6	13.3	11.3	5.6	4.9	3.1	3.9	3.2	0.9	2.5	0	0.3	0.4	0	0	0	0	0
	5	0	0.1	1.5	4.1	5.1	7.4	11.7	18.1	13.8	15.1	11.3	4.5	2.7	1.2	1.3	0.6	0	0	0	0	0	0	0	0.7	0	0.8
	6	0	0.2	2.9	7.1	7.3	9.8	13.5	19	14.7	13.3	6.7	3.6	0.7	0.4	0	0	0	0	0	0	0	0.8	0	0	0	0
	7	0	0.5	5.9	11	10.2	11.5	14	16.9	12	11.2	4.4	1	0.3	0	0	0.5	0	0	0.8	0	0	0	0	0	0	0
	8	0	0.4	4.9	9.4	10.1	10	12.1	15.4	9.4	10	7.7	2.5	0.9	1.4	1.1	0.9	0	0	0	0	0	0	0	0	0	3.8
	9	0	0.2	3	6.4	7.9	9.2	10.3	13.6	11.6	9.9	8.9	5.5	4.3	2.8	3.1	0.6	1.5	0.4	0	0	0	0.8	0	0	0	0
	10	0	0.3	3.1	5.6	6.6	9.1	10.3	10.2	8.5	10.3	11.1	6.2	6	3.1	3.3	0.7	2.5	0.5	0.6	0.7	0	0	0	1.3	0	0
	11	0	0.3	2	3.7	6	11.1	13.7	12	6.1	7.3	6.8	6.7	9.9	4.4	2.5	1.7	2	1.8	2.1	0	0	0	0	0	0	0
	12	0	0.2	1.2	2.4	4.6	8.6	10.8	11	6.3	7	7	5.1	8.6	5.4	3.9	7.1	1.6	2.5	4.3	1.7	0.5	0	0	0	0	0
PREVAILING DIRECTION BY HOUR                                                    																											
	Month	0	1	2	3	4	5	6	7	8	9	10	11	12	13	14	15	16	17	18	19	20	21	22	23		
	ALL	350	350	350	350	350	350	360	360	360	360	360	360	150	150	150	140	140	140	140	140	140	350	350	350		
	1	350	350	350	350	350	350	350	350	360	350	360	360	360	360	360	360	360	360	350	350	350	350	350	350		
	2	350	350	350	350	350	350	350	350	350	350	360	360	360	360	360	180	360	360	360	360	350	350	350	350		
	3	350	350	350	350	350	350	360	350	360	360	360	360	170	180	180	180	180	140	140	130	360	360	350	350		
	4	350	350	350	350	350	350	350	360	360	360	130	130	140	140	140	140	140	140	140	140	140	130	140	350		
	5	340	350	350	350	350	360	360	360	360	130	140	150	140	150	150	140	140	140	140	140	140	140	130	140		
	6	360	350	350	350	350	360	360	360	120	140	140	150	150	150	150	150	150	150	150	140	140	140	130	120		
	7	100	350	360	350	350	360	360	120	140	140	140	150	150	150	180	150	140	140	140	140	140	140	100	140		
	8	350	350	350	350	350	360	350	360	360	360	140	150	150	140	150	150	150	150	140	140	140	140	150	350		
	9	350	350	350	350	350	350	350	360	360	360	360	140	130	140	140	150	140	150	140	140	140	350	350	350		
	10	350	350	360	350	350	350	350	360	360	360	360	360	180	360	180	180	150	130	130	350	360	350	350	350		
	11	350	350	350	350	350	350	350	350	360	360	360	360	360	350	360	360	360	350	360	360	360	360	350	360
	12	350	350	350	350	350	350	350	350	360	360	360	360	360	360	350	360	360	360	350	350	350	360	350	350
SPEED FOR PREVAILING DIRECTION BY HOUR                                          																									
	Month	0	1	2	3	4	5	6	7	8	9	10	11	12	13	14	15	16	17	18	19	20	21	22	23
	ALL	3.81	3.7	3.87	3.74	3.77	3.75	3.59	3.65	3.89	4.05	4.15	4.24	5	5.21	5.45	6.11	6.17	6.08	6.07	5.82	5.8	4.17	3.84	3.88
	1	4.62	4.52	4.66	4.84	4.71	5.3	5.26	4.89	4.61	4.89	4.72	4.66	4.78	4.9	4.81	4.95	4.6	4.72	4.58	4.9	4.15	4.55	4.62	5.18
	2	4.59	4.52	5.08	5.02	4.71	5.25	4.65	4.65	4.46	4.63	4.52	4.44	4.8	4.63	4.83	2.28	4.79	4.55	3.95	4.3	4.28	4.63	4.6	4.83
	3	3.52	3.76	4.19	3.85	4.08	3.95	3.95	4.26	4.35	4.26	4.04	4.01	2.54	2.61	2.73	2.6	2.4	5.26	4.92	4.44	3.49	3.36	3.21	4.04
	4	2.95	3.16	3.39	3.23	3.36	3.43	3.42	3.56	3.53	3.42	5.99	5.85	5.82	6.81	6.64	7.1	6.84	6.89	6.53	5.81	6.03	5.63	6.35	2.88
	5	2.49	2.85	2.91	2.93	3.12	3.09	3.1	3.17	3.02	5.17	5.42	5.65	6.6	6.27	7.11	7.17	7.29	7.23	7.08	6.68	6.34	6.85	5.98	6.34
	6	2.5	2.81	2.76	2.96	3.06	2.99	2.83	2.73	3.09	4.09	5.07	4.82	5.28	5.98	6.12	6.47	6.6	6.26	6.52	6.84	6.37	6.78	4.9	3.19
	7	2.8	2.26	2.58	2.81	2.82	2.9	2.69	2.42	2.69	3.51	4.21	4.16	4.78	5.16	3.5	5.63	5.81	5.59	5.41	5.48	5.08	5.5	3.2	3.34
	8	2.72	2.99	2.99	3.23	3.21	3.12	3.31	3.01	3.02	2.87	3.18	3.73	5.05	5.38	5.42	5.54	6.29	5.36	5.79	4.68	4.76	5.01	5.42	2.77
	9	3.36	3.35	3.48	3.65	3.6	3.6	3.64	3.77	3.55	3.32	3.3	4.9	5.38	5.64	5.69	5.67	6.43	5.69	5.71	5.59	5.71	2.69	2.95	3.34
	10	3.6	3.26	2.94	3.63	3.49	3.8	3.68	3.88	3.91	3.76	3.81	4.07	2.44	4.27	2.41	2.39	4.01	4.69	4.46	2.77	3.19	2.91	3.2	2.97
	11	4.48	4.21	4.27	4.15	4.25	4.38	4.92	4.79	4.82	4.61	4.32	4.44	4.29	4.56	4.52	4.57	4.5	4.5	4.83	4.54	4.5	4.53	4.02	3.69
	12	4.37	4.33	4.43	4.16	4.61	4.6	4.62	4.74	4.3	4.58	4.61	4.6	4.67	4.9	4.82	4.95	4.66	4.54	4.76	4.37	4.53	4.56	4.47	4.32
