PETERSBURG          AK - 703860                                                 														
 56 deg    49' N  132 deg    58' W - Elev    0m   LST=GMT+99 hours   *NT= -9    														
 01/73-08/02                                                                    														
SPEED BY YEAR                                                                   														
	Year	ALL	JAN	FEB	MAR	APR	MAY	JUN	JUL	AUG	SEP	OCT	NOV	DEC
	ALL	2.09	1.87	2.07	2.2	2.4	2.48	2.26	1.93	1.82	1.91	2.16	1.94	2.04
	1973	1.72	1.66	1.36	1.61	2.08	2.57	2.43	1.99	1.81	1.73	1.49	1.04	1.25
	1974	1.83	0.83	1.36	1.71	1.47	2.11	2.16	2.03	2.08	1.87	2.43	1.8	2.37
	1975	2.18	2.48	2.58	2.13	2.35	2.39	2.25	2.23	2.01	2.01	2.12	1.52	1.84
	1976	2.11	2.13	2.24	2.55	2.38	2.76	1.99	1.6	1.46	1.74	1.77	2.11	2.12
	1977	2.15	1.79	2.92	2.36	2.44	2.55	2.24	2.06	1.78	1.7	2.99	2.01	1.61
	1978	2.07	1.12	2.21	2.18	2.37	2.48	2.25	2.24	1.95	1.8	2.87	1.66	2.13
	1979	2.4	0.8	1.9	2.54	2.56	2.65	2.65	2.84	2.65	2.65	2.48	2.8	2.6
	1980	3.15	3.07	2.16	3.23	3.62	3.37	3.3	3.01	2.81	3.06	3.28	3.34	3.27
	1981	2.91	3.27	2.69	3.22	3.17	2.66	3.08	2.93	2.6	2.82	2.35	3.14	2.97
	1982	2.91	3.61	2.87	2.17	3.39	3.34	3.15	3.01	2.5	2.29	3.37	2.41	2.75
	1983	2.83	3.58	2.49	3.17	2.94	3.16	3	3	2.79	2.98	2.81	2.31	2.15
	1984	2.93	2.67	3.33	3.33	3.65	3.28	2.83	2.58	2.5	2.52	3.07	2.72	2.62
	1985	2.9	2.92	2.85	3.03	3.48	3.25	3.32	2.78	2.67	2.38	2.63	2.81	2.62
	1986	2.84	3.15	3.11	3.3	3.8	3.16	3.44	2.58	2.61	2.56	2.21	1.35	1.88
	1987	1.57	1.7	1.47	0.44	2.28	1.1	1.15	0.8	1.45	1.88	1.52	1.83	2.49
	1988	3.04	2.51	3.01	3.44	3.57	3.59	3.32	2.72	2.67	2.79	2.77	3.18	2.83
	1989	2.84	3.52	2.54	3.16	2.85	3.1	3.26	2.52	2.26	2.61	3.28	2.97	2.24
	1990	2.86	2.12	2.98	2.84	3.16	3.12	3.05	2.87	2.7	2.84	3.33	2.59	2.74
	1991	2.95	2.13	3.04	2.72	3.23	3.57	3.21	2.6	2.96	2.48	2.89	3.27	3.33
	1992	2.75	3.2	2.94	2.79	3.39	3.72	3.08	2.55	2.47	3.02	2.86	2.42	1.69
	1993	1.2	1.06	1.3	1.62	1.41	1.62	1.27	1.35	1.11	0.82	0.84	0.63	1.36
	1994	1.93	0.79	1.89	2.8	2.8	2.8	2.2	1.72	1.66	1.77	2.26	1.88	1.9
	1995	1.9	1.6	2.07	2.13	2.71	2.56	2.51	2	1.74	1.47	1.7	1.23	0.99
	1996	1.61	0.85	1.61	1.68	2.45	2.21	1.82	1.5	1.13	1.45	1.74	1.34	1.92
	1997	1.55	1.49	0.97	2.1	1.69	1.83	1.57	1.27	1.44	1.15	1.6	1.31	2.2
	1998	1.76	1.52	2.5	1.4	1.99	2.03	2.13	1.56	1.25	1.37	1.8	1.37	2.15
	1999	1.73	1.34	2.34	1.69	1.89	2.06	1.72	1.59	1.38	1.47	1.72	2.12	1.35
	2000	1.63	1.4	1.28	1.88	2.04	1.99	1.71	1.43	1.38	1.58	1.68	1.54	1.6
	2001	2.22	2	1.31	1.85	1.91	2.83	2.42	2.4	2.47	2.69	2.77	2.6	2.45
	2002	1.71	2.6	1.72	1.74	1.8	1.87	1.8	1.18	1.29	-1	-1	-1	-1
POWER BY YEAR                                                                   														
	Year	ALL	JAN	FEB	MAR	APR	MAY	JUN	JUL	AUG	SEP	OCT	NOV	DEC
	ALL	22	22	23	24	26	25	21	13	13	17	27	24	24
	1973	13	11	5	8	13	70	16	10	8	6	5	3	13
	1974	13	2	5	7	5	14	41	8	8	7	17	8	35
	1975	15	29	23	33	13	14	10	11	7	7	12	8	11
	1976	16	15	14	19	14	56	10	8	7	8	10	12	11
	1977	15	5	33	15	19	19	11	10	8	7	40	16	9
	1978	20	4	18	15	17	17	10	16	13	16	39	33	34
	1979	30	12	19	45	29	32	24	31	28	28	29	59	31
	1980	43	56	23	39	63	40	38	58	26	29	48	56	36
	1981	40	58	33	50	62	31	37	33	27	32	24	60	40
	1982	35	79	42	18	42	44	32	31	17	17	50	21	32
	1983	30	61	27	39	32	33	28	56	23	31	27	16	10
	1984	31	31	40	52	55	31	20	15	16	16	34	35	20
	1985	28	27	31	31	44	33	34	19	18	13	20	28	38
	1986	39	58	43	54	73	32	37	14	43	14	21	13	42
	1987	24	27	46	6	50	15	14	4	11	22	18	46	29
	1988	42	35	42	58	56	46	40	25	19	33	55	53	43
	1989	34	69	33	55	22	31	33	16	12	32	63	35	19
	1990	42	17	48	39	42	33	31	24	26	60	84	33	68
	1991	42	22	49	30	36	47	73	19	39	23	38	78	53
	1992	38	56	35	28	43	65	29	18	18	42	57	48	23
	1993	12	9	13	30	11	13	9	10	7	5	10	6	17
	1994	18	6	12	36	37	33	23	8	14	12	22	12	15
	1995	16	13	13	15	24	18	16	10	35	6	18	10	10
	1996	13	5	15	10	24	16	17	7	6	15	17	7	19
	1997	12	16	6	20	11	12	8	6	7	6	13	11	26
	1998	15	14	32	8	19	15	16	9	8	9	17	13	29
	1999	16	15	34	17	14	17	11	8	8	14	18	29	11
	2000	13	13	8	17	20	13	9	7	7	10	18	15	18
	2001	19	25	9	18	14	27	14	13	15	22	28	24	17
	2002	11	19	15	11	9	14	12	4	6	-1	-1	-1	-1
NUMBER OF SPEED OBSERVATIONS BY YEAR                                            														
	Year	ALL	JAN	FEB	MAR	APR	MAY	JUN	JUL	AUG	SEP	OCT	NOV	DEC
	ALL	124783	10488	9635	10768	10641	10683	10476	10819	10965	9745	10304	10090	10169
	1973	2689	201	211	213	197	187	196	247	249	242	235	252	259
	1974	2745	255	227	258	234	198	219	226	228	232	215	238	215
	1975	2609	230	192	240	232	209	222	232	227	252	260	118	195
	1976	2531	252	216	244	238	209	168	167	191	127	220	223	276
	1977	2637	227	176	188	178	154	162	258	290	247	239	279	239
	1978	2161	236	231	269	174	123	33	203	181	134	181	195	201
	1979	1660	169	107	187	173	144	140	121	140	140	140	103	96
	1980	1721	121	122	118	136	173	182	158	111	117	151	174	158
	1981	2291	170	181	223	210	196	205	224	181	195	197	151	158
	1982	2285	150	170	231	236	201	234	207	194	196	189	146	131
	1983	2303	180	151	219	187	144	158	129	219	189	244	241	242
	1984	2779	241	215	246	240	229	237	230	227	221	229	228	236
	1985	3063	257	239	270	263	270	251	254	264	257	254	246	238
	1986	2174	223	207	213	209	221	154	171	174	161	150	145	146
	1987	3172	151	126	153	260	282	273	279	315	318	348	324	343
	1988	3936	346	321	342	337	335	329	349	327	335	352	336	227
	1989	3649	229	211	229	219	344	339	361	355	336	353	333	340
	1990	4123	355	327	334	334	349	343	352	348	349	351	337	344
	1991	4231	359	321	363	350	359	352	359	357	349	360	348	354
	1992	4612	362	338	364	350	366	354	343	340	325	319	455	696
	1993	8393	707	654	696	696	701	710	694	735	689	701	705	705
	1994	3738	671	252	297	290	306	285	222	299	290	316	290	220
	1995	3680	301	290	308	315	325	302	324	310	298	309	294	304
	1996	6482	315	291	306	297	375	712	650	753	631	730	715	707
	1997	8271	566	686	707	725	560	703	755	734	711	723	712	689
	1998	8198	670	660	709	700	709	685	702	657	691	705	671	639
	1999	8405	679	677	728	711	820	681	749	693	595	681	704	687
	2000	8551	707	665	706	695	726	717	727	738	719	707	709	735
	2001	6292	737	688	694	714	552	441	409	406	399	445	418	389
	2002	5402	421	483	713	741	916	689	717	722	0	0	0	0
NUMBER OF SPEED OBSERVATIONS BY HOUR                                            														
	Hour	ALL	JAN	FEB	MAR	APR	MAY	JUN	JUL	AUG	SEP	OCT	NOV	DEC
	0	2387	197	157	181	210	229	233	228	234	169	186	178	185
	1	2542	236	206	229	206	224	209	207	217	164	193	222	229
	2	2396	221	192	215	204	208	197	190	193	165	178	210	223
	3	2649	190	171	179	210	279	262	268	281	216	229	171	193
	4	3498	287	251	306	252	318	296	295	318	301	324	284	266
	5	6275	372	342	372	638	676	610	654	713	620	592	311	375
	6	7816	631	596	692	714	737	642	676	669	646	664	582	567
	7	8130	647	634	697	713	689	668	720	730	666	697	664	605
	8	8243	680	603	693	697	709	733	763	737	666	705	614	643
	9	8552	705	680	739	719	743	701	733	753	708	738	667	666
	10	8364	725	696	763	722	678	669	708	687	639	676	675	726
	11	8012	719	641	725	698	637	638	659	649	622	661	679	684
	12	7645	637	571	671	598	666	634	682	652	611	682	632	609
	13	8001	646	616	659	703	687	686	699	719	659	676	640	611
	14	8174	712	628	712	694	677	678	682	713	637	721	658	662
	15	7576	688	675	697	663	587	558	605	594	563	589	688	669
	16	5847	526	506	584	484	430	457	464	432	401	410	605	548
	17	3613	368	338	394	290	227	265	257	289	208	238	383	356
	18	2596	210	182	204	221	235	242	258	241	199	196	187	221
	19	2569	223	186	212	209	202	221	231	249	192	200	209	235
	20	2412	212	187	202	192	198	226	215	220	159	185	210	206
	21	2612	211	195	218	197	223	233	232	247	211	195	212	238
	22	2432	215	181	207	207	214	226	200	223	168	185	185	221
	23	2442	230	201	217	200	210	192	193	205	155	184	224	231
	24	2387	197	157	181	210	229	233	228	234	169	186	178	185
SPEED BY HOUR                                                                   														
	Hour	ALL	JAN	FEB	MAR	APR	MAY	JUN	JUL	AUG	SEP	OCT	NOV	DEC
	0	1.2	1.29	1.46	1.4	1.22	1.15	1.02	0.71	0.77	1.03	1.44	1.64	1.55
	1	1.24	1.18	1.65	1.34	1.12	1.26	0.93	0.75	0.86	0.97	1.51	1.57	1.61
	2	1.23	1.43	1.43	1.43	1.21	1.28	0.95	0.57	0.82	1	1.53	1.42	1.6
	3	1.22	1.29	1.39	1.44	1.11	1.25	1.03	0.76	0.89	1.22	1.54	1.6	1.6
	4	1.52	1.44	1.74	1.68	1.58	1.62	1.26	1.02	1.18	1.5	1.94	1.66	1.66
	5	1.63	1.78	1.95	1.81	1.72	1.73	1.4	1.17	1.26	1.52	2.12	1.89	1.79
	6	1.76	1.97	2.27	1.95	1.73	1.75	1.54	1.2	1.07	1.46	2.05	2.06	2.21
	7	1.89	1.97	2.14	2.02	1.84	2	2.02	1.62	1.36	1.53	2.1	1.95	2.21
	8	2.12	2.14	2.12	1.92	2.16	2.51	2.41	2	1.91	1.75	2.17	2.17	2.18
	9	2.3	2.17	2.16	2.08	2.61	2.87	2.77	2.35	2.05	2.01	2.22	2.05	2.24
	10	2.43	2.1	2.1	2.33	2.93	3.17	2.86	2.52	2.41	2.31	2.25	2.09	2.11
	11	2.56	2.12	2.26	2.58	3.15	3.37	3.08	2.56	2.43	2.49	2.55	2.04	2.16
	12	2.61	1.99	2.27	2.65	3.21	3.4	3.12	2.69	2.61	2.66	2.55	2.1	2
	13	2.75	2.22	2.46	3.03	3.45	3.4	3.14	2.72	2.69	2.63	2.71	2.13	2.27
	14	2.7	2.1	2.51	2.89	3.42	3.37	3.02	2.7	2.57	2.72	2.7	2.11	2.25
	15	2.6	2.13	2.28	2.77	3.33	3.26	3.03	2.75	2.56	2.46	2.47	2.11	2.25
	16	2.47	2.07	2.29	2.65	3.13	3.11	3	2.59	2.35	2.28	2.16	1.98	2.17
	17	2.01	1.62	2.11	2.17	2.33	2.34	2.21	1.99	1.78	1.52	1.8	2.01	2.16
	18	1.59	1.25	1.48	1.42	1.66	2.19	1.83	1.59	1.49	1.33	1.74	1.4	1.61
	19	1.45	1.15	1.48	1.51	1.55	1.88	1.49	1.34	1.13	1.27	1.42	1.48	1.77
	20	1.38	1.26	1.48	1.57	1.38	1.56	1.29	1.22	0.96	1.12	1.58	1.58	1.64
	21	1.29	1.2	1.23	1.54	1.23	1.37	1.32	1.05	0.98	0.99	1.46	1.47	1.68
	22	1.31	1.25	1.52	1.63	1.2	1.33	1.15	0.88	1.03	1.04	1.36	1.48	1.8
	23	1.21	1.14	1.31	1.41	1.1	1.25	1.04	0.78	0.86	0.93	1.47	1.53	1.53
	24	1.2	1.29	1.46	1.4	1.22	1.15	1.02	0.71	0.77	1.03	1.44	1.64	1.55
POWER BY HOUR                                                                   														
	Hour	ALL	JAN	FEB	MAR	APR	MAY	JUN	JUL	AUG	SEP	OCT	NOV	DEC
	0	9	11	16	11	7	7	8	3	4	6	13	16	16
	1	11	10	18	11	7	6	5	3	4	10	15	17	19
	2	11	17	14	14	10	8	6	2	6	7	16	13	15
	3	10	15	12	10	9	8	4	3	4	9	15	18	18
	4	12	13	17	14	15	10	7	4	7	8	19	16	18
	5	15	18	26	18	16	14	8	8	14	13	24	20	14
	6	18	20	27	20	14	13	9	13	5	13	38	23	26
	7	18	23	23	20	18	17	14	8	7	14	26	22	28
	8	22	24	23	20	20	21	16	10	21	13	27	46	27
	9	22	26	26	23	25	25	22	15	12	17	27	23	28
	10	25	26	22	34	32	32	25	16	16	17	26	24	24
	11	29	28	26	29	36	53	42	18	17	21	29	24	27
	12	30	26	23	26	38	40	52	24	21	29	26	33	21
	13	32	31	27	45	45	39	31	20	23	25	45	24	34
	14	29	26	29	32	44	49	28	20	19	26	32	22	26
	15	31	28	27	36	42	37	29	23	18	26	35	35	31
	16	27	24	27	31	43	36	30	19	19	26	27	23	23
	17	19	17	23	23	20	18	16	13	11	12	16	25	29
	18	12	12	14	11	13	17	12	7	9	11	15	12	17																									
	19	11	11	12	13	10	14	8	5	5	10	15	13	21																									
	20	11	13	14	12	7	10	8	8	5	7	14	16	16																									
	21	11	12	11	14	8	9	8	5	6	8	15	13	21																									
	22	13	14	21	14	8	10	7	4	13	7	13	18	23																									
	23	10	11	17	12	6	7	6	3	4	4	16	16	13																									
	24	9	11	16	11	7	7	8	3	4	6	13	16	16																									
SPEED BY DIRECTION                                                              																																							
	Month	calm	0	10	20	30	40	50	60	70	80	90	100	110	120	130	140	150	160	170	180	190	200	210	220	230	240	250	260	270	280	290	300	310	320	330	340	350	360
	ALL	0	2.79	3.06	2.97	2.89	2.73	2.78	2.67	2.74	2.81	3.05	3.3	3.69	3.9	3.8	3.51	3.33	3.14	3.18	3.1	3.13	2.98	2.9	2.67	2.49	2.39	2.39	2.36	2.42	2.44	2.65	2.5	2.31	2.32	2.31	2.29	2.56	2.79
	1	0	3.1	3.4	2.9	2.7	2.8	2.7	2.6	2.6	2.7	3.4	3.6	4.1	4.1	4.3	3.9	3.4	3.5	3.3	3.1	3	2.6	2.7	2.6	2.4	2.3	2.3	2.3	2.4	2.5	2.7	2.8	2.4	2.8	2.3	2.4	2.5	3.1
	2	0	3.4	3.3	2.8	2.7	2.8	2.6	2.6	2.5	2.6	3.1	3.7	4	4	3.9	3.8	3.5	3.3	3.3	3.1	2.9	2.8	2.8	2.6	2.5	2.4	2.4	2.4	2.5	2.4	2.8	2.5	2.2	2.7	2.6	2.4	2.9	3.4
	3	0	3.2	3.2	3.1	2.9	2.7	2.9	2.6	2.9	2.9	3.3	3.6	3.7	4.1	3.9	3.6	3.2	3.1	3.3	3.1	3	2.7	2.7	2.6	2.4	2.3	2.4	2.4	2.4	2.6	2.5	2.8	2.5	2.3	2.1	2.3	2.6	3.2
	4	0	3	3.6	3.4	3	2.9	3	2.9	2.9	3.2	3.4	3.5	3.9	4	3.8	3.4	3.6	3.3	3.5	3.2	3	2.9	3.1	2.7	2.6	2.4	2.5	2.3	2.4	2.6	2.8	2.3	2.5	2.5	2.3	2.8	2.9	3
	5	0	2.8	3.2	3.3	3.4	3	3.1	3	3	3.1	3.4	3.3	3.7	3.7	3.6	3.6	3.3	3	3.4	3.2	3.3	3.4	3.3	2.9	2.8	2.6	2.6	2.5	2.4	2.6	2.5	2.6	2.6	2.3	2.4	2.3	2.6	2.8
	6	0	2.6	3.1	3.2	3.2	3	2.8	2.8	2.8	2.9	3	3.2	3.3	3.3	3.4	3.4	3	3.2	2.7	3.4	3.3	3.1	2.9	3.2	2.6	2.5	2.4	2.6	2.7	2.5	2.8	2.2	2.4	2.4	2.4	2.3	2.4	2.6
	7	0	2.3	2.9	3	2.8	2.8	2.8	2.6	2.6	2.6	2.6	2.6	2.6	2.6	2.6	2.5	3.2	2.4	2.7	3	3.3	3.4	3.1	2.9	2.4	2.6	2.3	2.3	2.3	2	2.8	2.1	2.1	2.1	2	2	2.2	2.3
	8	0	2.4	2.7	2.8	2.7	2.6	2.6	2.6	2.5	2.5	2.6	2.6	2.9	3.2	3.2	2.6	2.9	3.1	2.9	2.3	3.3	3.6	2.9	2.8	2.5	2.4	2.3	2.3	2.2	2.2	2.3	2.3	2	2	2.2	2	2.1	2.4
	9	0	2.6	2.7	2.6	2.6	2.5	2.6	2.4	2.5	2.6	2.7	2.9	3.3	3.6	3.3	3.3	3.2	3.1	4.1	3.6	4	3.3	3.1	2.7	2.5	2.4	2.2	2.2	2.4	2.3	2.8	2	2.1	2	2.1	2.1	2.2	2.6
	10	0	2.8	2.9	2.6	2.6	2.3	2.5	2.3	2.8	2.7	3	3.4	3.9	4.1	4	3.5	3.3	3.3	3.3	3.5	3.5	3.4	3.3	2.8	2.5	2.4	2.4	2.2	2.5	2.6	2.4	2.4	2.4	2.2	2.1	2	2.7	2.8
	11	0	2.7	2.9	2.6	2.7	2.4	2.5	2.6	2.7	2.8	3.4	3.6	4	4.1	3.8	3.4	3.1	2.8	2.6	2.7	2.7	2.7	2.6	2.5	2.5	2.3	2.3	2.3	2.3	2.3	2.4	2.4	2.2	2.1	2.5	2.2	2.5	2.7
	12	0	3.3	3.3	2.9	2.8	2.6	2.9	2.6	2.8	3	3.2	3.8	4.1	4.3	4.1	3.7	3.5	3.1	2.9	2.8	2.7	2.6	2.7	2.4	2.4	2.3	2.4	2.4	2.5	2.6	3	3.1	2.5	2.4	2.6	2.9	3.1	3.3
FREQUENCY BY DIRECTION                                                          																																							
	Month	calm	0	10	20	30	40	50	60	70	80	90	100	110	120	130	140	150	160	170	180	190	200	210	220	230	240	250	260	270	280	290	300	310	320	330	340	350	360
	ALL	27.33	2.36	2.18	3.23	3.07	4.11	5.1	6.3	5.88	5.45	4.12	3.85	3.42	4.21	2.92	2.22	1.37	1.42	1.16	1.8	1.53	2.4	2.23	3.51	3.85	5.03	3.9	2.75	1.91	1.48	1.09	1.08	0.72	1.05	0.86	1.25	1.18	2.36
	1	35.3	1.8	1.9	2	1.4	2	2	2.3	2.3	2.4	2.3	2.8	3.2	4.6	3.8	2.7	2	1.8	1.6	2.8	2.2	3.9	3.4	5.3	6.3	7.8	6.6	4.4	3.3	2.6	1.5	1.7	0.8	1.5	0.8	1.1	1.1	1.8
	2	29.8	2.2	2.1	2.2	2.1	2.6	2.9	3.5	3.1	2.8	2.9	3.5	4	5.2	4.3	3.3	2.3	2.1	1.4	2.8	1.8	2.9	2.9	4.2	5.3	7.1	5.1	3.4	2.1	1.8	1.4	1.2	0.7	1	1.1	1.3	1.3	2.2
	3	25.2	2.2	2.1	2.7	2.3	3.4	4.4	5.2	4.7	4.7	4	4.7	3.6	5.1	3.4	2.6	1.3	1.4	1.2	2	1.5	3	2.4	4.1	5	5.4	4.4	2.9	1.9	1.4	1.2	1.2	0.6	0.9	0.6	1.1	1.3	2.2
	4	22	2	2.1	3.4	3	3.9	6	6.5	6.1	6.2	4.7	4.9	3.6	4.7	2.9	2.4	1.3	1.4	1	1.7	1.4	2.5	2.1	3.9	3.6	4.7	3.5	2.3	1.4	1.1	0.9	0.9	0.4	0.8	0.7	1.1	1	2
	5	19.5	1.5	2.1	3.9	4.2	4.6	6.4	7.5	7.7	7.1	5.4	3.7	3.1	3.4	2.2	1.7	1.2	1.4	1	1.3	1.3	1.9	2	3.2	3.1	4.2	3.6	2.5	1.9	1.2	0.8	0.7	0.4	0.8	0.6	1.2	1.2	1.5
	6	22.2	2	2.5	4.2	4.9	6.2	8	10.5	9.4	8.6	4.9	4.1	3	3	1.9	1.1	0.6	0.8	0.7	0.8	1	1.2	1.1	2.3	2	2.9	2.4	1.9	1.3	0.9	0.7	0.7	0.7	0.9	0.7	1.1	1	2
	7	26.8	3.3	2.7	4.9	4.6	7.1	9	11.1	11.4	9.2	4.9	3.2	1.9	1.9	1	0.6	0.4	0.3	0.5	0.9	0.7	1.2	1.3	1.6	1.8	2.4	2.1	1.9	1.1	1.2	0.8	0.7	0.5	1	0.7	1.3	1.1	3.3
	8	29.7	3.2	2.7	4.2	3.6	6.2	8.3	11.3	10.1	8.8	5.4	3.7	2.6	2.6	1.4	0.9	0.6	0.8	0.4	0.7	1	1.3	1.4	1.6	2	2.3	2.2	1.8	1.2	1.1	0.8	0.9	0.8	0.9	0.9	1.5	1	3.2
	9	28.9	3	2.3	4.4	4.2	5.8	6.3	7.6	6.2	6.2	4.6	3.9	3.2	3.3	2.3	1.7	0.9	0.9	1.1	1.7	1.4	2.2	1.9	2.4	2.4	3.4	2.7	2.3	1.6	1.6	1.1	1.1	0.8	1.3	1.2	1.6	1.5	3
	10	26.9	3.2	2.2	2.7	2.8	2.9	2.9	3.7	3.5	3.6	3.9	4.6	5	5.6	3.8	2.9	1.8	2	1.8	2.7	2	3	2.5	4	3.8	4.8	3.4	2.5	1.7	1.4	1.3	1.4	1	1.5	1.2	1.7	1.4	3.2
	11	31.6	2.1	1.9	1.8	1.8	2.2	2	2.7	2.3	2.2	3.2	3.6	3.8	6.6	4.4	4	2.3	2.1	1.9	2.3	2.2	3.1	3	4.6	5.2	7.3	5.1	3.2	2.5	2	1.2	1.4	1.3	1.2	1	1	1.3	2.1
	12	30.7	2	1.4	2	1.3	1.4	1.4	1.8	1.7	1.9	2.4	3.2	4.2	5.3	4.3	3.1	2.1	2.2	1.7	2.5	2.1	3.1	3.2	5.7	6.5	9.5	6.7	4.3	3.2	1.8	1.5	1.3	0.9	1.1	1	1	1.1	2
FREQUENCY OF SPEED                                                              																																							
	Month	0	1	2	3	4	5	6	7	8	9	10	11	12	13	14	15	16	17	18	19	20	21	22	23	24	25												
	ALL	27.3	15.2	28.3	15.1	7.3	3.9	1.5	0.9	0.2	0.2	0.1	0	0	0	0	0	0	0	0	0	0	0	0	0	0	0												
	1	35.3	16	24.7	10.6	5.7	3.9	1.7	1	0.4	0.3	0.2	0	0	0	0	0	0	0	0	0	0	0	0	0	0	0												
	2	29.8	14.6	28.1	12.3	6.7	4.5	2.1	1.2	0.3	0.2	0.1	0.1	0	0	0	0	0	0	0	0	0	0	0	0	0	0												
	3	25.2	15	29.4	14.7	7.6	4.4	1.8	1.3	0.2	0.1	0.1	0.1	0	0	0	0	0	0	0	0	0	0	0	0	0	0												
	4	22	13.4	27.5	18.2	10.1	5.4	1.8	1.1	0.2	0.3	0.1	0	0	0	0	0	0	0	0	0	0	0	0	0	0	0												
	5	19.5	11.9	28	21.5	11.5	4.7	1.8	0.7	0.2	0.1	0.1	0	0	0	0	0	0	0	0	0	0	0	0	0	0	0												
	6	22.2	12.6	29.7	21	9.2	3.5	1.2	0.4	0.1	0	0	0	0	0	0	0	0	0	0	0	0	0	0	0	0	0												
	7	26.8	14.6	32.3	17.9	5.8	1.9	0.5	0.2	0	0	0	0	0	0	0	0	0	0	0	0	0	0	0	0	0	0												
	8	29.7	15.6	31.9	15.6	4.7	1.5	0.5	0.2	0.1	0	0	0	0	0	0	0	0	0	0	0	0	0	0	0	0	0												
	9	28.9	17.1	30.5	13	5.6	2.7	1.1	0.6	0.2	0.1	0.1	0	0	0	0	0	0	0	0	0	0	0	0	0	0	0
	10	26.9	16.9	26.7	12.7	7.5	5.3	1.9	1.3	0.3	0.3	0.1	0.1	0	0	0	0	0	0	0	0	0	0	0	0	0	0
	11	31.6	19.4	24.7	10.3	5.8	4.3	1.9	1.2	0.3	0.2	0.2	0	0	0	0	0	0	0	0	0	0	0	0	0	0	0
	12	30.7	16.1	25.8	12.1	7	4.4	1.9	1.2	0.3	0.2	0.1	0	0	0	0	0	0	0	0	0	0	0	0	0	0	0
PERCENT OF POWER BY SPEED                                                       																											
	Month	0	1	2	3	4	5	6	7	8	9	10	11	12	13	14	15	16	17	18	19	20	21	22	23	24	25
	ALL	0	1.4	10.3	15.6	16.4	16	11.1	10.6	3.5	3.8	3.2	1.4	0.9	0.4	0.3	0.3	0.3	0.1	0	0.2	0.4	0.2	0	2.3	0.7	0.8
	1	0	1.5	8.8	11	12.9	16.1	12.4	12.8	6.9	7	6.9	1.6	1.2	0	0.9	0	0	0	0	0	0	0	0	0	0	0
	2	0	1.3	9.6	12.4	14.3	17.8	14.4	13.2	5	4.9	3.8	2.2	1.1	0	0	0	0	0	0	0	0	0	0	0	0	0
	3	0	1.3	9.6	13.5	15.5	16.2	12	14.2	2.6	2.6	3.2	2.4	1	0	0	0.9	0	0	0	0	0	2.3	0	2.8	0	0
	4	0	1.1	8.6	16.1	19.1	19	11.3	11.4	2.6	5.4	3.6	1.5	0.5	0	0	0	0	0	0	0	0	0	0	0	0	0
	5	0	0.9	8.9	19.3	21.8	16.7	11.3	6.9	2.3	2.6	2.1	0.4	0	0	0	0	0	0	0	0	0	0	0	2.9	0	3.7
	6	0	1.2	11.4	22.5	21.2	14.7	9.3	5.5	1.7	0.5	0.3	0	1.1	0	0	0	0	0	0	0	0	0	0	10.5	0	0
	7	0	2.1	19.1	29.2	20.5	12	5.4	3.9	0.6	0	0	0	0.9	0	0	0	0	0	0	2.9	3.4	0	0	0	0	0
	8	0	2.3	18.5	25.3	16.7	10	6.5	4.1	1.8	1.3	1.8	0.6	0	0	1.4	0	0	0	0	0	3.6	0	0	0	6.1	0
	9	0	2	13.8	16.3	15.7	13.8	9.9	9.7	3.7	3.9	2.4	1.1	2.3	2.7	1.1	0	1.7	0	0	0	0	0	0	0	0	0
	10	0	1.2	7.7	10.6	13.6	17.3	11.1	12.6	4	4.9	3.5	2	1.8	0.5	0	1.6	0.9	0	0	0	0	0	0	2.7	0	3.7
	11	0	1.6	8	9.6	11.9	16.2	12.6	13.1	4.3	5.1	4.9	1.5	1	0	0	0	0	0	0	0	0	0	0	6.5	3.7	0
	12	0	1.3	8.4	11.6	14.4	16.7	12.4	13.5	4.7	4.9	3.6	2	0.5	1.9	0.8	0.9	1.1	1.3	0	0	0	0	0	0	0	0
PREVAILING DIRECTION BY HOUR                                                    																											
	Month	0	1	2	3	4	5	6	7	8	9	10	11	12	13	14	15	16	17	18	19	20	21	22	23	24	
	ALL	230	240	240	240	240	240	240	240	60	60	60	60	60	60	60	60	70	70	100	100	120	240	230	240	230	
	1	250	250	230	250	250	240	240	240	240	240	250	240	230	240	240	220	240	240	240	250	240	230	230	240	250	
	2	230	120	130	240	240	240	240	240	240	240	240	120	60	50	60	60	120	230	110	220	110	240	250	130	230	
	3	230	240	240	240	240	240	240	240	240	230	70	60	50	60	70	60	80	100	120	230	230	230	250	230	230	
	4	230	240	240	240	240	240	250	240	60	60	70	60	60	60	50	80	80	90	120	130	230	230	220	230	230	
	5	240	250	240	230	240	250	250	50	60	70	70	70	70	60	60	80	70	70	70	100	130	220	230	240	240	
	6	240	120	230	250	240	240	60	60	60	70	60	60	60	60	60	50	60	60	90	90	100	120	230	230	240	
	7	230	250	250	260	240	250	60	70	60	60	60	60	70	60	70	60	60	70	80	80	100	130	110	240	230	
	8	230	110	240	240	250	240	240	60	60	60	60	60	60	60	60	60	60	70	80	90	100	120	60	230	230	
	9	240	110	220	250	250	240	240	240	60	60	60	60	60	60	80	60	70	100	100	240	210	230	200	240	240	
	10	100	120	100	230	240	240	240	250	240	240	120	110	100	60	360	70	110	110	120	110	120	210	110	240	100	
	11	130	120	240	260	230	240	240	240	240	240	250	120	120	120	60	120	240	120	120	230	240	240	240	230	130
	12	120	240	120	240	220	240	240	240	240	240	250	240	240	240	240	230	240	120	230	130	240	240	240	230	120
SPEED FOR PREVAILING DIRECTION BY HOUR                                          																										
	Month	0	1	2	3	4	5	6	7	8	9	10	11	12	13	14	15	16	17	18	19	20	21	22	23	24
	ALL	2.01	2.03	2.01	2	2.2	2.35	2.41	2.48	2.45	2.55	2.73	2.82	2.88	2.89	2.81	2.77	2.82	2.42	3.14	2.85	3.28	2.07	2.12	2.05	2.01
	1	2.07	1.65	2.25	2.05	2.37	2.1	2.39	2.6	2.48	2.39	2.63	2.28	2.66	2.43	2.46	2.59	2.6	2.53	1.75	1.82	2.15	2.05	2.17	1.85	2.07
	2	2	4.56	3.42	1.89	2	2.12	2.52	2.56	2.57	2.34	2.43	3.83	2.58	2.49	2.56	2.66	3.88	2.37	4.22	2.05	3.96	2.01	2.08	3.71	2
	3	2.18	1.91	1.96	1.86	2.01	2.04	2.33	2.52	2.33	2.35	2.55	2.53	3	2.76	2.95	2.98	2.45	3.08	4.03	2.23	2.35	2.03	2.09	1.82	2.18
	4	1.76	1.95	1.72	2.06	2.09	2.28	2.35	2.27	2.31	2.69	2.92	3.07	3.33	3.23	3.31	3.38	3.21	2.84	2.85	2.71	2.19	1.87	2.09	1.76	1.76
	5	2.11	1.89	2.19	2.06	2.46	2.55	2.33	2.51	2.67	2.91	3.07	3.42	3.35	3.37	3.29	3.26	3.2	2.51	2.4	2.59	2.94	1.93	2.35	1.99	2.11
	6	1.78	2.8	1.73	1.99	1.98	2.3	2.18	2.4	2.58	3.18	3.06	2.99	3.12	3.1	2.74	3.09	2.88	2.49	2.8	2.43	2.65	2.97	2.18	1.74	1.78
	7	1.73	1.93	2.01	2.28	1.87	2.23	1.92	2.21	2.41	2.53	2.69	2.77	2.71	2.92	2.86	2.69	2.97	2.34	2.27	2	2.37	2.53	2.17	1.88	1.73
	8	1.95	2.53	2.42	2.05	2.06	2.34	2.24	2.13	2.27	2.43	2.63	2.69	2.75	2.75	2.89	2.7	2.84	2.2	2.23	2.24	2.4	2.72	1.73	1.62	1.95
	9	1.97	4.12	2.34	1.98	2.49	2.45	2.34	2.16	2.23	2.07	2.44	2.55	2.52	2.5	2.63	2.46	2.71	3.11	2.45	2.05	2.63	2.16	2.92	1.83	1.97
	10	3.88	3.59	3.55	2.35	2.37	2.58	2.46	2.44	2.58	2.27	4.12	4.07	3.06	2.25	2.73	2.62	4.51	3.92	3.85	4.39	3.7	2.47	3.47	2.32	3.88
	11	4.01	4.79	2.24	1.93	2.17	2.29	2.63	2.63	2.32	2.11	2.34	4.11	3.83	4.04	2.3	3.93	2.43	4.81	3.68	2.12	2.09	2.08	1.69	2.08	4.01
	12	4.37	1.84	3.85	2.14	2.34	2.18	2.49	2.36	2.53	2.33	2.45	2.36	2.27	2.69	2.34	2.37	2.44	4.65	2.01	4.18	2.57	1.76	2.12	2.29	4.37
