POINT LAY(DEW/AWOS) AK - 701213                                                 														
 69 deg    44' N  163 deg    01' W - Elev    6m   LST=GMT+99 hours   *NT=-11    														
 11/90-06/96                                                                    							Adjusted to Alaska Time Zone (GMT-9)							
SPEED BY YEAR                                                                   														
	Year	ALL	JAN	FEB	MAR	APR	MAY	JUN	JUL	AUG	SEP	OCT	NOV	DEC
	ALL	5.69	6	5.81	4.84	6.15	7.06	4.56	4.57	4.83	6.3	5.68	5.46	6.81
	1990	3.28	-1	-1	-1	-1	-1	-1	-1	-1	-1	-1	6.31	0.25
	1991	5.7	6.75	6.15	0.75	6.06	5.36	9.46	-1	8.5	-1	-1	-1	-1
	1992	5.58	-1	-1	3.6	-1	-1	-1	-1	-1	5.68	4.22	5.99	5.73
	1993	6.15	6.81	6.61	5.09	7.82	7.03	4.1	4.78	4.23	6.91	6.16	6.02	8.21
	1994	5.72	7.38	5.43	4.85	4.89	8.2	4.08	3.97	5.78	6.74	5.97	5.11	5.95
	1995	5.72	5.3	6.48	5.31	6.72	7.14	4.39	5.25	4.45	5.54	5.57	4.76	7.68
	1996	4.58	4.04	5.04	4.46	4.41	4.12	4.95	-1	-1	-1	-1	-1	-1
POWER BY YEAR                                                                   														
	Year	ALL	JAN	FEB	MAR	APR	MAY	JUN	JUL	AUG	SEP	OCT	NOV	DEC
	ALL	283	345	326	165	312	420	123	134	155	289	272	316	491
	1990	132	-1	-1	-1	-1	-1	-1	-1	-1	-1	-1	264	0
	1991	424	342	682	2	173	336	905	-1	399	-1	-1	-1	-1
	1992	314	-1	-1	33	-1	-1	-1	-1	-1	258	107	470	275
	1993	350	423	390	202	473	437	93	178	102	329	403	357	833
	1994	263	571	208	148	147	540	77	72	253	342	241	223	282
	1995	285	222	542	185	431	412	87	175	104	211	253	219	634
	1996	140	107	208	134	114	88	140	-1	-1	-1	-1	-1	-1
NUMBER OF SPEED OBSERVATIONS BY YEAR                                            														
	Year	ALL	JAN	FEB	MAR	APR	MAY	JUN	JUL	AUG	SEP	OCT	NOV	DEC
	ALL	24396	2317	1648	2416	1937	1958	2123	1657	1729	2122	1795	2356	2338
	1990	16	0	0	0	0	0	0	0	0	0	0	8	8
	1991	308	40	56	58	39	55	58	0	2	0	0	0	0
	1992	1743	0	0	1	0	0	0	0	0	281	261	601	599
	1993	6257	575	461	648	482	417	297	568	609	616	530	540	514
	1994	7160	629	341	562	578	688	633	676	589	606	589	652	617
	1995	6212	590	249	584	601	554	503	413	529	619	415	555	600
	1996	2700	483	541	563	237	244	632	0	0	0	0	0	0
NUMBER OF SPEED OBSERVATIONS BY HOUR                                            														
	Hour	ALL	JAN	FEB	MAR	APR	MAY	JUN	JUL	AUG	SEP	OCT	NOV	DEC
	0	1055	99	67	108	89	89	88	69	76	90	77	106	97
	1	1057	94	71	105	90	86	89	74	77	94	79	100	98
	2	1052	103	74	102	79	87	87	71	76	93	80	102	98
	3	1038	101	71	104	85	84	90	68	74	93	71	98	99
	4	977	90	56	97	79	83	84	72	72	86	71	97	90
	5	1062	99	75	104	84	87	100	72	78	93	77	96	97
	6	1062	100	69	111	89	89	96	72	77	92	72	98	97
	7	1080	102	74	104	90	89	97	68	75	97	81	101	102
	8	1061	102	77	101	90	83	95	70	74	88	80	102	99
	9	1082	106	76	106	86	87	95	71	79	96	80	99	101
	10	881	93	67	89	71	68	86	59	52	70	58	88	80
	11	1023	96	75	103	78	84	95	68	68	84	72	99	101
	12	1058	100	77	111	86	86	95	70	71	88	70	100	104
	13	1036	102	73	105	80	79	90	72	70	90	77	97	101
	14	1023	99	72	101	80	83	91	70	69	84	75	100	99
	15	1021	96	68	104	82	77	89	69	69	87	77	102	101
	16	935	86	64	96	68	77	78	63	66	85	73	84	95
	17	997	91	64	101	74	79	90	73	70	86	72	98	99
	18	875	84	54	87	71	66	76	59	64	74	72	80	88
	19	1018	97	70	102	79	81	86	70	75	89	70	101	98
	20	1030	97	71	99	77	82	86	68	78	95	79	101	97
	21	1017	96	62	95	78	80	87	71	76	93	79	101	99
	22	975	88	63	94	76	75	85	67	67	85	74	103	98
	23	981	96	58	87	76	77	68	71	76	90	79	103	100

SPEED BY HOUR                                                                   														
	Hour	ALL	JAN	FEB	MAR	APR	MAY	JUN	JUL	AUG	SEP	OCT	NOV	DEC
	0	5.63	6.18	6.26	4.81	5.73	6.87	4.05	4.32	4.88	6.54	5.79	5.36	6.61
	1	5.69	6.16	6.38	4.86	5.82	6.98	4.25	4.33	4.97	6.16	5.68	5.74	6.79
	2	5.64	6.07	6.19	4.82	5.92	6.82	4.17	4.1	4.9	6.46	5.83	5.61	6.4
	3	5.51	5.89	6.3	4.82	5.49	6.73	3.94	4.21	4.67	6.23	5.76	5.59	6.29
	4	5.52	6.23	6.08	4.77	5.47	6.66	4.27	4.07	4.67	6.23	5.74	5.83	6.07
	5	5.46	5.97	5.71	4.74	5.68	6.66	4.14	4.27	4.45	6.11	5.56	5.68	6.4
	6	5.54	6.07	5.62	4.83	5.66	6.59	4.24	4.4	4.78	6.23	5.57	5.64	6.69
	7	5.56	5.75	5.73	4.86	5.8	6.62	4.23	4.14	4.49	6.14	5.53	5.78	7.04
	8	5.61	6.06	5.83	4.75	5.9	6.62	4.33	4.42	4.5	6.14	5.63	5.81	6.98
	9	5.58	5.76	5.74	4.78	5.95	6.67	4.33	4.37	4.81	6.22	5.19	5.8	6.94
	10	5.53	6.02	5.65	4.52	6.48	7.05	4.37	4.54	4.52	5.64	5.27	5.01	7.12
	11	5.65	5.85	5.84	4.6	6.2	7.02	4.79	4.8	5.03	6.35	5.28	5.23	6.75
	12	5.64	5.65	5.51	4.66	6.38	7.21	4.86	5.06	4.69	6.2	5.3	5.13	6.82
	13	5.76	5.69	5.81	4.82	6.59	7.51	4.89	4.72	4.68	6.42	5.68	5.39	6.82
	14	5.92	6.1	5.84	4.97	7	7.34	5.06	4.66	4.88	7.02	5.76	5.42	6.84
	15	5.88	6.15	5.33	4.97	6.9	7.59	5.23	5.04	4.88	6.47	5.76	5.25	6.89
	16	5.93	6.22	5.37	4.98	7.24	7.46	5.06	4.83	4.97	6.2	5.86	5.39	7.21
	17	5.91	5.74	5.44	4.95	7.06	7.59	5.05	5.14	5.12	6.42	5.98	5.37	7.15
	18	5.91	5.82	5.79	4.86	6.76	7.83	5.08	4.87	5.26	6.4	6.06	5.39	6.78
	19	5.81	6.09	5.44	4.76	6.32	7.41	4.85	4.9	5.35	6.35	5.94	5.3	6.99
	20	5.81	6.19	5.81	4.98	6.28	7.23	4.83	4.72	5.08	6.15	5.9	5.19	7.12
	21	5.82	6.48	5.96	4.98	5.97	7.25	4.71	4.75	4.99	6.53	5.85	5.17	6.94
	22	5.68	5.95	6.04	4.9	5.7	6.95	4.54	4.5	4.81	6.1	5.64	5.59	7.1
	23	5.7	6.01	5.94	5.15	5.91	7.22	4.34	4.5	4.55	6.42	5.67	5.42	6.72

POWER BY HOUR                                                                   														
	Hour	ALL	JAN	FEB	MAR	APR	MAY	JUN	JUL	AUG	SEP	OCT	NOV	DEC
	0	278	360	449	146	247	380	92	119	185	306	319	290	440
	1	279	352	456	142	253	383	104	116	190	257	292	339	457
	2	280	349	431	147	266	391	91	106	178	297	314	329	425
	3	258	327	400	146	217	359	94	111	157	264	296	304	403
	4	264	365	320	148	227	384	134	106	155	267	290	354	390
	5	248	323	278	136	232	357	112	135	138	256	257	323	404
	6	257	337	296	146	240	363	121	116	152	293	226	307	453
	7	264	296	282	164	259	363	117	110	133	266	233	341	521
	8	268	333	314	151	264	357	115	135	131	298	222	327	503
	9	264	294	296	156	263	371	110	118	142	273	196	338	544
	10	264	328	272	138	338	423	115	151	131	212	211	258	547
	11	272	315	285	164	303	418	161	140	157	321	184	279	476
	12	277	307	276	181	331	462	161	170	135	279	213	276	475
	13	300	333	350	188	369	503	143	165	143	284	256	314	518
	14	319	374	336	199	405	487	141	143	155	382	263	354	522
	15	305	369	290	181	441	480	152	159	138	292	265	326	504
	16	320	361	279	191	517	502	143	131	144	289	312	329	571
	17	312	332	286	186	471	495	139	162	149	295	324	328	551
	18	310	384	320	178	398	529	145	142	173	309	347	308	460
	19	300	363	302	161	360	465	115	145	180	300	312	306	549
	20	293	394	300	177	343	435	119	144	158	278	312	271	537
	21	301	433	339	171	296	433	118	149	164	327	325	293	511
	22	282	336	319	168	269	384	106	125	152	286	301	332	532
	23	286	332	343	197	288	411	94	118	159	302	252	357	477																									

SPEED BY DIRECTION                                                              																																							
	Month	calm	0	10	20	30	40	50	60	70	80	90	100	110	120	130	140	150	160	170	180	190	200	210	220	230	240	250	260	270	280	290	300	310	320	330	340	350	360
	ALL	0	4.34	4.88	5.22	5.98	6.5	7.19	7.87	8.23	5.82	4.94	4	3.74	4.13	3.75	3.8	3.6	3.59	4.22	4.47	5.15	5.75	6.12	6.61	6.12	5.3	5.32	5.59	5.54	5.44	5.46	5.11	4.58	4.54	4.59	4.79	4.59	4.34
	1	0	3.8	3.9	3.6	4.3	4.8	6.2	7.8	8.7	6.6	5.2	3.5	3.2	2.6	3.5	3.6	3.7	3.8	8.5	6.1	6.4	6.8	6.9	5.9	7.6	7.1	5.7	7	7	7.3	5.7	4.7	5.1	5.7	5.1	3.9	3.6	3.8
	2	0	4.7	6.6	6.8	7.6	6.3	7	7	7.5	6.4	5.8	4.5	3.4	4.1	4	3.3	3.5	4.7	3.7	3.5	5	5.3	7.4	6.5	7.1	4.6	6	5.1	4.1	5.5	3.5	5.3	5.6	8.3	6.7	8.4	7.5	4.7
	3	0	4.8	5.2	5	6	6.4	6.1	6.4	6.1	3.9	4	4.3	4.4	4.3	3.6	3.9	3.6	2.7	2.9	3.6	3.7	4	5.2	6	5.5	5.5	5	4.3	4.8	3.8	4.5	4.1	4.4	4.4	3.6	4.6	3.8	4.8
	4	0	2.9	4.5	5.6	6.6	7.4	7.3	7.3	8.5	6.8	4	4.7	4.2	5.2	4.3	4.1	3.2	2.4	2.5	3.1	5.5	4.4	5.9	9.8	4.6	3.2	2.5	3	2.9	3.7	3.9	4.1	3.5	4.2	3.1	3	2.8	2.9
	5	0	3.4	4.8	5.5	6.7	7.2	8.5	8.8	9.5	6.9	5.1	3.4	2.6	2.3	3	2.7	2.6	5.1	3	2.8	3.4	6.2	5.3	6.5	6.3	3.8	3.9	2.8	3.3	2.9	2.7	3.5	2.8	3.8	2.3	2.9	3.4	3.4
	6	0	4.9	5.3	5.5	5.8	6	5.4	5.4	4.4	7	9.1	3.2	3.4	3.3	3.1	2.9	3.3	3.3	2.8	3.3	3.1	4.1	4.7	5	4.2	4.2	4.1	4	3.9	3.7	3.2	3.2	3.7	3.8	3.8	4.1	4.7	4.9
	7	0	4	4.4	4.8	4.9	6	4.9	5.9	6.1	4.4	4.4	3.1	3.3	4.2	3.1	4.3	4.6	3.1	3.4	4.9	7.4	7.4	5.7	5.2	5.3	4.5	4.8	5.3	3.4	4	3.3	2.9	3.6	3.4	3.5	4	4.3	4
	8	0	5.6	4.4	4.4	4.8	4.4	4.8	5.3	5.4	4.2	3.6	4.8	4.1	4.3	4.1	4	3.8	4.6	3.9	5.2	5.4	6.8	7.9	8.1	6.1	4.8	5.4	4.6	4.7	4.4	4.6	3.8	4.4	2.9	4.5	4.9	5.3	5.6
	9	0	4.2	4.3	5.3	5.3	6.4	8	8.7	8	5.2	4.8	4	4.2	4.5	4.4	3.8	3.8	3.8	4.6	4.3	4.4	6.4	4.7	7.7	8.4	6.2	7.6	7.3	8.1	7.8	7.3	7.6	6.6	5.9	6	6.4	5	4.2
	10	0	5	6.1	6.7	6.4	6.8	7.5	7.9	6.3	4.8	4.1	3.7	3.5	4.2	3.7	4.1	4.1	4	4.1	4.5	3.9	5.9	6.8	6	4.3	7.5	9	10	9.3	8.4	8.4	5.5	4.6	2.9	6.2	6.3	6.4	5
	11	0	3.6	4.3	4.2	5.4	6.4	8.1	7.7	7.3	5.5	4.6	3.7	3.4	4.1	3.8	3.8	3.2	3.4	4.3	5.8	5.7	5.8	7.4	7.8	6.2	5.5	5.3	6	5	5	9.4	8.4	6.5	4.9	4.9	4.5	4.3	3.6
	12	0	3.6	5	4.7	5.1	6.3	7.6	9.4	11.4	7.6	5.5	4	4.5	4.6	3.2	3.7	4.1	3.6	3.4	3.6	5.2	5.9	5.8	7.8	7.5	5.3	5.4	5	5	4.9	5.1	5.5	6.1	6.1	6.6	5.6	4.4	3.6
FREQUENCY BY DIRECTION                                                          																																							
	Month	calm	0	10	20	30	40	50	60	70	80	90	100	110	120	130	140	150	160	170	180	190	200	210	220	230	240	250	260	270	280	290	300	310	320	330	340	350	360
	ALL	4.57	1.39	3.59	3.69	5.58	8.12	9.48	9.13	8.2	4.36	2.5	1.73	1.59	1.43	1.44	1.34	1.18	1.07	1.47	1.92	1.8	2.31	2.59	3.38	2.65	2.28	1.67	1.93	2.1	1.79	1.3	1.22	1.15	1	1.16	1.06	1.43	1.39
	1	4.7	1.2	2.1	2.7	3	5.4	8.4	11	11	7.7	2.8	1.6	1	1.3	1.4	0.9	0.7	1	1.9	1.8	2.3	2.9	3.7	4.3	3.8	3.2	1.6	2.1	2.4	1.5	0.5	0.8	1	1	0.8	0.4	0.9	1.2
	2	5.4	0.8	2.8	4.4	9.2	8.5	9.8	7.2	7.8	4.8	2.8	2.2	1.7	2.2	2.1	1.5	0.6	0.6	1.7	2.1	2	3.5	2.6	3.2	1.5	1.5	1.6	1.2	1.6	2.8	0.9	1.6	0.5	0.3	0.9	0.7	0.5	0.8
	3	5.8	1.5	2.2	3.6	5.9	9.1	9.6	5.8	4.4	2	1.3	1.7	1.5	1.5	1.4	2.3	1.8	1.4	2.7	2.5	2.4	3.2	3.4	5.8	5.4	3.9	2.5	2.7	2.5	1.5	0.8	0.9	0.6	0.3	0.4	0.7	0.7	1.5
	4	3.9	1	3.5	6.3	12.2	18.4	14.8	12	6.8	2.1	0.7	0.8	0.9	1.4	0.9	0.8	0.5	0.4	0.5	1.1	1.3	1.2	1.7	1.4	1.4	0.5	0.6	0.2	0.3	0.6	0.8	1.3	1.1	0.8	0.5	0.5	0.8	1
	5	3.6	1	3.3	3.9	6.3	12.3	17	19.3	14.9	4.2	1.2	0.5	0.4	0.3	0.6	0.3	0.5	0.2	0.5	0.8	0.5	0.7	1.4	2.2	1.2	1	0.6	0.6	0.6	0.6	0.2	0.3	0.7	0.6	0.5	0.2	0.6	1
	6	4.2	3.4	11	6.6	6	6.2	4.1	2.2	1.3	1.6	2	0.7	0.7	0.3	0.8	0.7	0.3	0.6	0.9	1.2	1.4	2.5	4.4	5.1	4	4.5	2.8	2.4	2.2	2.3	1.8	1.6	2.5	2.3	3.1	3.1	3.3	3.4
	7	6	2.7	5.3	4.2	4.7	4.2	4.4	5.6	5.4	2.1	1.5	1	0.6	0.7	0.6	0.8	0.6	0.3	0.5	1.9	2.6	4.6	3.7	4	4	2.4	2.9	3.1	3	2.2	2.9	1.9	3.1	2.5	2.6	2.7	4.6	2.7
	8	5.2	1.7	4.3	2.8	3.4	4	4.8	4.6	5	4.8	3.3	3.5	3	2.4	2	1	1.6	1.3	1.5	2.3	1.7	2.9	4	6.8	2.9	2.6	2.6	3.1	2.6	2.2	2	1.6	1.3	0.8	1.5	1.6	2.6	1.7
	9	3.3	1	3.9	2.5	3.9	4.3	8.7	8.4	8.7	4.9	3.9	2	2.2	1.4	1.6	1.7	1.5	1	1.1	1.1	0.9	0.8	1.1	2.8	2.6	2.4	1.8	4.2	3.7	4.3	2.9	1.9	1.7	1.3	1.5	1.2	1.3	1
	10	4	0.9	1.5	2.1	4.1	7	8.9	11.8	13.6	8.6	5.9	3.8	3.1	2.4	2.9	3.1	1.7	1.6	1.6	2.3	1.6	1.2	1	0.9	0.5	0.6	0.7	0.7	1.6	0.6	0.6	0.4	0.2	0.3	0.6	0.8	0.9	0.9
	11	5.8	1.2	1.5	2.4	4.6	6.7	9.5	8.1	6.6	5.3	3.4	2.4	3.4	2.7	2.6	2.3	3.2	2.6	2.3	3.4	2.2	1.5	1.8	2.1	1.6	1.5	1.3	1.6	2.6	2.1	1.7	1.6	0.8	1	1.1	0.7	0.8	1.2
	12	3	0.5	2.3	3.2	4.6	10.6	12.4	12.6	12.7	4.2	1.6	1.1	0.7	0.6	0.7	0.6	0.7	1.3	1.9	2.4	2.6	3.2	2.3	2.1	2.1	2.4	1.3	1.2	1.8	0.8	0.7	0.9	0.7	0.9	0.8	0.7	1	0.5
FREQUENCY OF SPEED                                                              																											
	Month	0	1	2	3	4	5	6	7	8	9	10	11	12	13	14	15	16	17	18	19	20	21	22	23	24	25
	ALL	4.6	3.6	11.9	14.4	13.4	11.2	9.2	7.6	6.3	5.3	4.5	2.9	2	1.3	0.9	0.5	0.2	0	0.1	0.1	0	0	0	0	0	0
	1	4.7	4	11.1	12.2	12.7	10.1	10	7.9	5.3	5.7	6.4	3.9	2.2	1.3	0.9	0.8	0.2	0.2	0.2	0.2	0.1	0	0	0	0	0
	2	5.4	2.7	12.4	13.5	12.9	9.8	9.5	7.9	7.4	5.5	3.1	3.2	2.9	1.4	0.8	0.5	0.2	0.1	0.4	0.1	0.2	0	0.1	0	0	0
	3	5.8	4.9	13	16.3	15	14.6	8.9	6.6	5.7	4.2	2.6	1.4	0.7	0.2	0	0	0	0	0	0	0	0	0	0	0	0
	4	3.9	2.4	10.4	12.3	11.2	9.9	10.3	9.8	9.3	6.5	5.7	3.4	1.7	1.3	1.4	0.4	0.1	0	0.1	0	0	0	0	0	0	0
	5	3.6	3.6	6.9	8.5	8.8	8.2	7.6	8.8	9.1	10.8	9.8	6	3.2	2.5	1.8	0.5	0.1	0	0	0	0	0	0	0	0	0
	6	4.2	3	14.8	21.4	17.3	14.2	9.8	5.9	3.5	3	1	0.3	0.6	0.2	0.3	0.2	0	0	0	0	0	0	0	0	0	0
	7	6	4	15.6	19.6	15.5	12.1	10.1	6.3	4.1	2.3	2	1	0.5	0.5	0.2	0.1	0.2	0	0	0	0	0	0	0	0	0
	8	5.2	4.7	15.3	16	15.4	11	11.9	7.3	5.4	2	2.1	1.7	1.2	0.4	0.3	0.2	0	0	0	0	0	0	0	0	0	0
	9	3.3	2.8	7.3	10.7	12.3	11.6	10.3	10.7	8.2	8	7.7	3.3	2.1	1	0.3	0.1	0.1	0	0	0	0	0	0	0	0	0
	10	4	3.1	13.8	15	12.6	11	7.4	7.6	7.2	6.1	4.7	2.6	2.6	1.1	0.3	0.2	0	0	0.3	0.3	0	0.1	0	0	0	0
	11	5.8	4.5	15.1	14.9	14.3	10.6	6.5	5.6	5.5	3.8	3.1	2.4	3.1	1.8	1.2	0.3	0.4	0.1	0.3	0.3	0.1	0	0.1	0.1	0	0
	12	3	2.8	8.1	13.3	12.1	10.7	8.7	6.5	5.8	5.6	5.5	4.7	3.4	3.6	2.6	1.8	1.4	0.1	0.3	0	0	0	0	0	0	0
PERCENT OF POWER BY SPEED                                                       																											
	Month	0	1	2	3	4	5	6	7	8	9	10	11	12	13	14	15	16	17	18	19	20	21	22	23	24	25
	ALL	0	0	0.3	1.3	2.6	4.1	5.6	7.4	9.1	10.6	12.4	10.4	9.5	7.9	6.5	4.1	2.7	0.6	1.7	1.4	0.7	0.2	0.3	0.4	0	0
	1	0	0	0.3	0.9	2.2	3.2	5.3	6.7	6.5	9.8	15.2	12.1	8.8	6.6	5.4	6	1.5	2.3	2.6	2.5	1.4	0.7	0	0	0	0
	2	0	0	0.4	1.1	2.3	3.2	5.2	7.1	9.4	9.8	7.4	10.5	12.5	7.4	5.2	4	2.4	0.7	4.8	0.9	4.1	0	1.5	0	0	0
	3	0	0.1	0.7	2.7	5.5	9.7	9.9	11.6	14.6	14.8	12.4	8.7	5.9	2.2	0.5	0.7	0	0	0	0	0	0	0	0	0	0
	4	0	0	0.3	1	2	3.4	5.9	8.9	12.3	11.7	14.5	11.4	7.2	7.4	9.6	3	1	0	0.7	0	0	0	0	0	0	0
	5	0	0	0.1	0.5	1.1	2	3.1	5.7	8.7	14.5	17.6	14.4	9.8	9.7	9.2	3.1	0.7	0	0	0	0	0	0	0	0	0
	6	0	0.1	0.9	4	7.4	11.4	12.9	12.7	10.8	12.6	6.1	2.6	6.6	3	4.4	4.6	0	0	0	0	0	0	0	0	0	0
	7	0	0.1	0.9	3.3	5.9	8.5	12.3	12.1	11.6	9	10.8	7.2	4.3	5.4	3.4	1.1	4	0	0	0	0	0	0	0	0	0
	8	0	0.1	0.7	2.4	5.2	6.8	12.3	12.3	13	6.8	9.8	10.2	9.3	4	3.7	3.4	0	0	0	0	0	0	0	0	0	0
	9	0	0	0.2	0.9	2.3	4	6	9.9	10.9	15.1	20.1	11.2	9	5.4	1.9	1.2	1.5	0.6	0	0	0	0	0	0	0	0
	10	0	0	0.4	1.4	2.6	4.1	4.5	7.8	10.6	12.5	13.2	9.4	12.7	6.6	2.1	1.5	0	0	3.9	5.5	0	1.2	0	0	0	0
	11	0	0	0.4	1.2	2.6	3.5	3.6	5	7.3	6.8	7.5	8	12.7	9.8	7.7	2.8	3.7	1	3.2	5.1	2.4	0	2.1	3.5	0	0
	12	0	0	0.1	0.7	1.4	2.3	3.2	3.9	5	6.9	9.1	10.4	9.5	13	11.6	9.6	9.3	1	2.2	0.5	0	0	0	0	0	0
PREVAILING DIRECTION BY HOUR                                                    																											
	Month	0	1	2	3	4	5	6	7	8	9	10	11	12	13	14	15	16	17	18	19	20	21	22	23		
	ALL	60	60	60	40	50	50	50	50	50	60	50	60	60	50	60	50	60	50	50	60	50	50	50	40
	1	70	50	70	60	60	70	50	80	50	60	60	60	60	70	60	60	70	70	70	70	60	70	50	60
	2	30	40	70	50	50	40	50	50	50	30	50	30	80	30	30	30	40	30	40	30	40	30	30	40
	3	40	40	40	40	30	50	50	50	50	40	50	50	50	60	40	60	40	50	50	50	50	60	40	40
	4	50	40	40	40	40	40	40	60	40	30	40	40	50	40	40	40	40	30	40	40	40	60	40	50
	5	60	60	60	60	60	60	60	60	50	60	60	60	70	70	60	50	50	50	50	60	50	50	60	60
	6	10	40	10	20	30	10	30	30	40	40	10	10	10	10	10	10	270	10	340	10	10	10	10	10
	7	50	50	60	50	50	180	70	60	70	60	240	350	200	350	10	340	10	340	350	20	40	30	40	210
	8	80	80	40	220	100	50	220	90	70	100	110	70	220	70	70	80	70	10	10	10	10	220	40	40
	9	60	70	50	50	70	50	40	70	50	70	60	60	60	40	60	60	60	70	60	60	50	40	60	50
	10	60	60	60	40	70	70	70	80	60	70	50	80	60	70	80	70	70	70	70	70	40	70	70	60
	11	60	60	60	40	40	40	50	50	60	50	50	50	70	50	50	50	50	50	50	60	60	60	60	40
	12	70	60	50	50	70	50	60	60	50	60	60	60	40	70	70	50	40	60	40	70	70	70	50	50
SPEED FOR PREVAILING DIRECTION BY HOUR                                          																									
	Month	0	1	2	3	4	5	6	7	8	9	10	11	12	13	14	15	16	17	18	19	20	21	22	23
	ALL	7.61	7.57	8.02	5.85	6.86	6.34	6.73	6.75	7	7.96	7.11	7.6	7.4	7.39	7.91	7.72	8.76	8.44	8.08	8.66	7.26	7.25	6.74	6.34
	1	9.42	5.47	7.96	7.42	6.98	8.12	6.53	8.05	6.4	7.02	9.01	7.47	6.99	10.01	6.43	7.83	8.13	8.65	8.29	7.67	9	10.44	6.04	7.98
	2	7.84	4.82	5.09	6.84	4.85	5.29	6.6	6.51	7.04	6.63	6.47	6.57	8.64	7.53	7.09	5.33	5	7.04	6.47	7.67	5.7	8.12	8.7	6.91
	3	5.49	6.4	5.83	5.7	5.21	6.16	6.63	6.85	6.18	5.66	7.69	6.38	5.6	7.63	6.54	7.16	7.14	7.09	6.2	5.46	6.41	5.57	6.12	6.38
	4	7.13	6.83	6.88	6.36	7.05	7.49	6.58	6.36	7.67	6.99	8.11	7.59	7.41	9.59	7.64	7.9	9.42	7.54	7.2	6.73	5.74	6.75	7.06	7.16
	5	8.99	7.89	7.62	8.62	8.57	8.88	8.3	7.99	6.46	8.59	8.31	8.59	9.99	10.34	9.13	8.67	9.54	8.57	8.83	9.52	9.13	8.62	9.08	9.68
	6	4.65	5.56	3.86	4.16	6.03	3.41	5.31	5.35	5.37	5.54	5.17	5.29	6.3	6.32	6.35	6.64	4.29	6.11	4.71	5.37	5.79	5.51	5.67	5
	7	6.48	5.16	4.97	5.16	4.42	4.39	5.46	5.9	5.49	6.55	3.81	3.47	5.27	4.23	5.4	4.33	4.85	4.01	5.1	5.3	7.43	5.59	7.57	5.78
	8	4.13	4.51	3.4	9.66	3.4	3.72	8.49	3.82	4.77	3.81	4.1	5.82	8.87	6.22	6.42	4.78	5.62	4.73	3.63	5.16	4.34	8.7	4.93	3.94
	9	7.25	6.83	8.69	7.37	8.88	7.21	6.24	8	8.41	8.64	8.26	8.52	7.92	7.16	9.17	9.47	9.21	8.66	7.32	9.14	7.31	4.9	9.21	7.42
	10	8.49	7.63	8.83	7	6.7	5.5	5.81	7.23	6.35	4.96	6.76	4.11	4.96	5.92	4.45	7.02	5.92	8.22	5.98	6.53	6.6	6.31	5.97	6.51
	11	8.26	8.65	7.16	5.41	6.64	6	7.11	7.42	6.89	7.41	9.59	7.86	5.75	10.24	9.96	8.36	7.94	10.53	8.8	8.86	7.45	8.39	8.84	4.98
	12	10.44	8.51	7.37	6.82	11.89	6.86	8.63	10.25	8.32	10.13	9.28	8.94	6.15	13.16	10.79	7.73	6.08	10.68	5.48	10.51	10.44	11.32	7.51	7.58
