POINT LAY (DEW)     AK - 701210                                                 														
 69 deg    49' N  162 deg    55' W - Elev    6m   LST=GMT+99 hours   *NT=-11    														
 01/73-12/81 01/87-08/02                                                        							Adjusted to Alaska Time Zone (GMT-9)							
SPEED BY YEAR                                                                   														
	Year	ALL	JAN	FEB	MAR	APR	MAY	JUN	JUL	AUG	SEP	OCT	NOV	DEC
	ALL	5.72	6.18	6.74	6.8	5.42	6.17	4.68	5	5.17	5.3	5.17	5.35	5.64
	1973	5.52	3.24	4.43	7.58	5.78	6.38	5.46	5.17	6.26	3.95	4.1	6.53	7.28
	1974	5.19	5.33	4.19	5.57	7.34	5.51	5.18	4.8	3.71	4.81	6.09	5.03	4.72
	1975	5.21	5.47	6.08	4.3	4.1	6.53	4.63	5.04	4.66	5.77	5.23	5.11	5.64
	1976	5.48	5.28	5.95	5.23	5.29	7.8	4.72	4.63	3.63	4.16	5.04	5.16	8.41
	1977	6.08	10.83	9.19	6.31	3.98	6.24	3.25	4.67	3.96	6.51	7.9	5.12	4.8
	1978	6.17	6.54	5.82	5.73	6.85	8.5	6.07	4.65	5.37	5.66	6.9	5.72	6.25
	1979	5.87	5.51	3.89	8.37	8.59	7.06	5.55	4.34	4.4	4.48	7.91	5.55	5.16
	1980	6.05	3.94	6.2	7.04	10.8	8.84	4.56	4.73	5.8	5.72	3.99	7.69	3.52
	1981	5.15	6.83	6.38	7.17	5.09	5.64	4.1	4.89	4.35	4.3	3.01	5.45	4.61
	1987	5.57	5.04	6.24	5.74	6.42	5.93	5.54	5.35	5.23	4.72	4.02	6.62	6.37
	1988	5.54	5.85	6.19	5.56	5.84	9.36	4.26	4.08	4.45	4.01	7.2	6.36	3.6
	1989	5.17	4.57	7.18	3.99	5.07	4.16	3.91	4.83	4.54	6.19	5.69	5.34	6.66
	1990	4.67	7.56	5.61	3.55	4.28	3.01	3.35	4.28	5.47	6.34	3.57	0.07	-1
	1991	6.34	7.51	-1	-1	-1	-1	14.15	6.19	7.22	6.38	4.26	4.09	8.51
	1992	6.38	11.18	4.97	5.47	4.86	5.21	2.66	6.86	3.38	4.39	4.1	-1	9.2
	1993	8.27	-1	3.6	-1	-1	10.2	3.05	9.14	3.57	7.22	8.75	8.59	11.28
	1994	7.18	8.85	3.57	3.57	2.8	-1	-1	-1	-1	-1	-1	-1	3.6
	1995	5.1	5.1	-1	-1	-1	-1	-1	-1	-1	-1	-1	-1	-1
	1996	4.78	-1	-1	-1	-1	-1	-1	-1	5.41	4.72	4.54	5.21	4.16
	1997	5.38	5.76	6.06	5.44	4.31	5.04	4.43	5.28	5.91	6.31	5.32	4.91	6.28
	1998	6.32	7.66	8.53	5.43	4.28	7.28	3.78	4.91	5.36	4.9	5.97	6.92	6.27
	1999	5.34	5.96	4.93	6.8	5.91	4.89	4.77	6.16	4.76	3.95	4.66	3.62	6.2
	2000	6.95	6.19	7.22	11.06	5.82	5.37	4.85	-1	5.78	5.12	-1	-1	-1
	2001	5.64	-1	-1	4.23	6.59	3.58	4.34	6.08	6.46	6.09	5.12	5.33	5.77
	2002	5.93	4.94	8.04	7.55	5.64	5.81	5.77	5.04	4.97	-1	-1	-1	-1
POWER BY YEAR                                                                   														
	Year	ALL	JAN	FEB	MAR	APR	MAY	JUN	JUL	AUG	SEP	OCT	NOV	DEC
	ALL	337	468	519	568	320	352	165	172	210	199	233	272	331
	1973	331	254	303	613	356	422	247	212	435	60	69	424	543
	1974	284	354	148	374	714	279	169	142	97	244	396	343	171
	1975	268	287	413	172	190	611	161	167	153	260	217	236	360
	1976	297	236	372	369	267	568	153	112	78	97	129	304	716
	1977	458	1533	1132	655	125	367	58	168	74	307	661	164	187
	1978	391	720	321	285	467	686	380	151	228	243	505	296	412
	1979	384	410	138	887	942	451	233	127	134	154	666	254	288
	1980	382	214	430	533	1234	707	120	163	186	262	133	539	101
	1981	297	411	550	518	301	268	189	185	169	151	119	485	223
	1987	279	279	445	323	460	224	198	183	188	156	110	469	397
	1988	315	425	445	281	403	742	140	116	147	128	340	257	38
	1989	277	183	806	188	320	117	124	144	155	280	292	243	494
	1990	199	535	355	78	131	57	46	121	237	303	124	0	-1
	1991	331	307	-1	-1	-1	-1	1858	270	451	318	65	62	693
	1992	400	1228	131	146	93	202	42	253	32	68	45	-1	523
	1993	941	-1	33	-1	-1	704	25	1434	64	372	1439	923	1548
	1994	657	937	33	39	26	-1	-1	-1	-1	-1	-1	-1	34
	1995	98	98	-1	-1	-1	-1	-1	-1	-1	-1	-1	-1	-1
	1996	143	-1	-1	-1	-1	-1	-1	-1	170	116	106	211	100
	1997	253	449	341	329	135	198	99	191	307	267	176	166	339
	1998	401	629	731	285	111	508	54	172	222	110	258	345	324
	1999	267	238	181	564	285	141	146	243	124	61	148	116	418
	2000	574	437	625	1363	384	195	232	-1	165	123	-1	-1	-1
	2001	225	-1	-1	109	468	64	101	236	298	189	145	249	192
	2002	312	152	616	667	273	314	165	126	239	-1	-1	-1	-1
NUMBER OF SPEED OBSERVATIONS BY YEAR                                            														
	Year	ALL	JAN	FEB	MAR	APR	MAY	JUN	JUL	AUG	SEP	OCT	NOV	DEC
	ALL	32989	3602	3352	3480	2752	2863	2704	2129	2745	2360	2270	2373	2359
	1973	1262	116	99	118	105	104	102	104	96	104	105	99	110
	1974	1297	111	89	104	103	103	111	117	112	107	113	111	116
	1975	1356	116	108	118	108	112	108	113	119	107	120	114	113
	1976	1223	117	113	109	113	117	113	105	112	111	7	98	108
	1977	1236	107	97	112	101	102	99	94	106	98	108	105	107
	1978	1310	112	102	111	101	108	105	112	105	113	114	114	113
	1979	1303	120	100	102	96	114	111	112	105	113	111	108	111
	1980	1336	108	108	116	106	115	111	101	109	117	114	110	121
	1981	1374	120	105	121	112	110	118	117	118	106	117	115	115
	1987	1476	105	93	105	108	105	127	136	139	137	140	141	140
	1988	1241	142	131	139	123	145	134	150	143	120	3	8	3
	1989	1005	52	79	88	88	94	89	93	86	86	83	77	90
	1990	753	83	71	79	78	80	77	66	74	80	50	15	0
	1991	241	10	0	0	0	0	2	38	67	35	39	25	25
	1992	226	54	22	14	11	45	18	23	16	21	1	0	1
	1993	124	0	1	0	0	1	2	7	23	19	12	18	41
	1994	45	31	4	7	2	0	0	0	0	0	0	0	1
	1995	1	1	0	0	0	0	0	0	0	0	0	0	0
	1996	1974	0	0	0	0	0	0	0	293	237	432	526	486
	1997	5152	553	474	566	530	403	461	349	563	446	411	320	76
	1998	2544	264	565	608	488	302	91	39	39	30	50	46	22
	1999	1372	86	77	90	79	86	52	38	91	60	98	188	427
	2000	3913	1156	836	677	197	490	506	0	20	31	0	0	0
	2001	570	0	0	19	62	33	71	105	88	82	42	35	33
	2002	655	38	78	77	41	94	96	110	121	0	0	0	0
NUMBER OF SPEED OBSERVATIONS BY HOUR                                            														
	Hour	ALL	JAN	FEB	MAR	APR	MAY	JUN	JUL	AUG	SEP	OCT	NOV	DEC
	0	725	98	80	77	69	65	53	39	61	48	48	46	41
	1	663	92	87	88	62	52	42	18	48	39	45	45	45
	2	739	83	93	83	65	60	49	42	82	53	45	46	38
	3	4347	414	383	407	364	384	366	349	377	329	305	330	339
	4	672	90	89	91	45	52	38	28	53	36	52	48	50
	5	786	102	88	92	61	55	55	50	73	46	55	62	47
	6	1042	106	95	99	81	94	99	75	109	96	72	62	54
	7	887	118	118	119	64	60	54	27	56	50	72	77	72
	8	846	88	108	103	65	80	61	47	70	46	54	54	70
	9	4816	445	412	460	402	427	426	388	418	390	337	346	365
	10	747	91	85	88	71	69	59	29	50	36	52	58	59
	11	752	85	90	84	57	78	59	37	58	37	62	55	50
	12	881	102	91	99	79	83	89	50	71	46	55	60	56
	13	727	101	87	92	58	66	56	31	53	35	49	53	46
	14	724	90	88	94	59	59	50	34	50	38	53	57	52
	15	4713	452	411	435	406	408	401	370	405	394	328	349	354
	16	605	95	73	65	42	52	56	15	40	38	42	50	37
	17	689	93	90	83	52	57	57	21	46	40	43	59	48
	18	452	73	60	64	35	39	51	16	31	20	18	18	27
	19	619	84	87	83	50	50	47	18	42	37	35	43	43
	20	700	88	78	81	58	54	65	32	51	47	44	53	49
	21	4844	447	423	459	410	439	415	384	425	404	338	341	359
	22	594	94	80	76	55	48	38	16	44	33	41	38	31
	23	419	71	56	58	42	32	18	13	32	22	25	23	27

SPEED BY HOUR                                                                   														
	Hour	ALL	JAN	FEB	MAR	APR	MAY	JUN	JUL	AUG	SEP	OCT	NOV	DEC
	0	5.7	5.61	7.22	6.88	5.11	5.43	4.82	5.33	5.32	5.34	5.36	5.33	5.42
	1	5.8	6.25	7.18	6.86	5.17	5.19	4.41	5.31	5.3	5.46	4.5	5.3	5.79
	2	5.68	6.18	7.28	6.81	5.06	4.71	4.12	5.31	5.79	5.18	4.96	5.03	5.34
	3	5.41	5.9	5.99	6.32	5.62	6.31	4.32	4.43	4.63	4.73	5.21	5.57	5.55
	4	5.67	5.82	6.82	7.31	4.68	5.7	3.89	5.12	5.48	5.31	5.28	4.49	4.92
	5	5.61	6.02	7.35	7.08	4.08	5.84	4.06	4.9	5.64	5.37	4.48	5.28	4.78
	6	5.55	6.28	7.43	7.09	4.9	5.96	4.03	4.76	4.82	5.23	4.7	5.27	5.68
	7	5.76	6.38	6.92	6.94	4.11	5.24	4.41	4.96	5.39	5.25	4.72	5.69	5.87
	8	5.68	6.72	7.18	7.04	4.34	4.99	4.16	5.11	5.21	5.35	4.75	4.72	6.01
	9	5.47	6.26	6.08	5.96	5.54	6.1	4.59	4.51	4.62	5.19	5.34	5.61	5.7
	10	5.73	7.01	6.82	7.18	4.61	5.38	4.16	5.98	5.83	5.36	4.73	4.33	5.65
	11	5.73	6.49	7.36	7.03	4.68	5.81	4.37	5.04	5.72	5.96	4.4	4.47	5.43
	12	5.88	6.19	7.38	7.29	4.84	5.92	5.08	5.9	5.68	5.42	4.66	5.29	5.56
	13	6.08	6.77	7.05	7.68	4.44	6.24	5.74	5.62	5.85	6.1	4.65	4.51	5.6
	14	5.95	6.65	7.29	7.34	4.84	5.91	5.64	5.26	5.72	6.24	4.79	4.49	4.78
	15	5.89	6.22	6.25	6.47	6.36	7.02	5.08	5.26	5.32	5.48	5.61	5.65	5.66
	16	6.29	6.9	7.62	8.26	5.39	6.68	4.77	4.63	6.37	5.97	4.9	5.03	5.67
	17	6.33	6.59	7.67	7.88	4.78	5.99	4.92	6.66	6.04	6.55	5.83	5.2	6.17
	18	6.29	6.62	7	7.85	5.18	6.19	5.59	5.89	6.14	4.88	5.93	4.73	5.75
	19	6.17	6.36	7.4	7.84	4.54	5.65	4.81	6.35	6.34	5.95	5.43	5.1	5.66
	20	6.13	5.83	7.89	8.19	5.13	6.96	4.48	6.27	5.61	5.71	5.4	5.05	5.54
	21	5.66	5.69	6.41	6.3	5.95	6.53	4.85	5.06	4.91	5.09	5.39	5.65	5.91
	22	5.98	6.32	7.16	7.44	5.17	5.85	4.44	5.94	5.59	6.05	4.86	4.98	5.05
	23	6.03	5.63	7.07	8.23	5.47	5.38	4.1	6.55	5.62	6.06	3.86	5.27	6.05

POWER BY HOUR                                                                   														
	Hour	ALL	JAN	FEB	MAR	APR	MAY	JUN	JUL	AUG	SEP	OCT	NOV	DEC
	0	315	332	590	630	215	184	225	184	218	208	205	230	255
	1	335	411	577	609	249	217	99	219	188	195	110	224	316
	2	313	396	577	611	206	158	152	176	231	158	187	216	276
	3	303	464	412	475	356	356	149	132	167	163	270	308	310
	4	315	342	514	661	155	250	94	177	205	172	173	154	260
	5	317	408	584	646	134	253	132	158	252	188	104	276	203
	6	323	480	647	657	218	276	155	162	202	222	124	283	336
	7	356	458	573	554	128	217	304	126	257	152	248	275	361
	8	316	490	554	548	127	234	90	157	228	162	130	196	388
	9	316	500	456	410	370	377	174	136	177	215	273	319	350
	10	349	699	517	618	226	265	80	213	293	156	124	149	312
	11	329	564	565	592	210	317	100	164	251	199	107	147	269
	12	344	470	561	627	230	344	183	224	262	174	109	277	328
	13	385	630	513	693	152	384	238	203	276	230	132	136	390
	14	367	577	556	664	228	322	300	170	274	244	134	160	190
	15	355	489	488	517	484	484	187	188	199	215	294	313	326
	16	410	592	639	885	313	331	107	99	350	211	130	214	319
	17	401	470	655	735	194	284	122	545	306	275	291	217	367																									
	18	394	505	493	712	235	291	297	205	244	145	229	174	380																									
	19	366	454	547	720	138	219	109	274	390	244	209	185	295																									
	20	351	346	614	829	210	297	102	310	234	212	219	187	290																									
	21	337	403	507	481	410	433	171	180	183	194	319	334	394																									
	22	361	443	540	718	217	261	121	231	291	233	147	194	269																									
	23	375	319	543	871	308	245	78	285	193	234	62	210	366																									

SPEED BY DIRECTION                                                              																																							
	Month	calm	0	10	20	30	40	50	60	70	80	90	100	110	120	130	140	150	160	170	180	190	200	210	220	230	240	250	260	270	280	290	300	310	320	330	340	350	360
	ALL	0	5.01	4.6	5.01	6.47	7.22	8.02	8.22	7.82	5.91	5.86	4.21	3.81	3.6	3.52	3.38	3.49	3.67	3.86	4.77	5.72	5.76	5.7	6.91	6.11	5.8	5.26	4.94	4.97	4.64	3.97	4.2	4.07	4.11	4.01	4.09	4.1	5.01
	1	0	4.3	4.3	5.2	6.5	7.6	9.5	10	9.5	6.8	4.2	3.1	3.8	2.9	3.4	3.3	3.8	4.6	3.2	4.6	6.2	6.1	5.3	4.4	5.7	7	6.2	5.3	5.6	5.5	4.3	4.5	4.5	3.7	4.2	4.3	4.2	4.3
	2	0	4.3	4.6	5	6.6	7.2	8.9	10.4	9.1	5.2	7.2	3.9	3.9	3.4	2.8	3.4	2.8	4.1	4.5	4.5	4.7	4.5	6.3	7.3	6.9	6.3	5	6.4	4.3	4	3.8	4.8	2.6	3.6	3.9	2.8	4.6	4.3
	3	0	5.8	4.5	5.5	7	7.8	8.3	10	10.1	6.7	5.4	3.5	3.6	2.9	3.1	2.3	2.3	2.7	2.9	2.7	3.9	3.9	4.8	10.4	6.5	5.3	5	4.4	4.7	3.9	3.7	4	3.7	3.2	3.1	5	3.2	5.8
	4	0	3	3.8	4.4	7.1	7	7.5	6.7	6.6	6.6	6.7	4.3	3.9	4.3	3.6	3.2	2.7	2.8	4	3.8	4.1	4.7	4.4	5.7	7.2	6.2	5.1	4	5.1	4.4	4.8	4.2	5	6.4	4.2	3.7	3.1	3
	5	0	5.3	4.3	5.6	7.1	8.1	8.1	7.4	7.5	6.6	7.9	6.8	4.2	2.7	5.2	2.8	2.5	3.1	2.5	3.9	3.8	5.9	5.2	6.9	5.7	4.7	4.5	3.5	4.3	3.4	3.7	3.5	3.4	5	3.5	3.2	4.6	5.3
	6	0	5.9	5	5.6	5.9	6.8	6.8	6.2	5.7	4.7	6.6	4.5	3.2	4.1	4.3	3.2	3.2	3.6	3.4	5.3	5.5	5	4.8	5.5	4.9	4.7	4.4	4	3.8	3.4	3	3.7	3.1	3.7	3.5	4	4.1	5.9
	7	0	4.9	4.8	5	4.8	6.3	6.4	6.2	6.4	5.4	5.6	5	3.7	4.6	3.2	2.8	3.1	3.8	5	5.8	6.9	6.5	5.8	6.2	5.6	6.2	5.6	4.5	4.9	4.1	3.8	3.7	3.8	3.8	3.5	4.6	4.2	4.9
	8	0	4.5	4.3	4.8	5.3	5.4	6.9	6.9	6.3	5.6	5.7	4	3.7	3.3	3.2	3.1	3.4	3.8	4.8	5	6.9	6.9	7.9	8.1	6.7	5.4	5.5	6.3	5.5	4.9	4.2	5.3	4.8	4.1	4.2	4	4	4.5
	9	0	4.1	5.2	5	5.3	5.8	7.1	6.4	6.9	6.1	5.6	4.8	3.7	3.9	3.3	3.9	3.8	4.2	4.4	5.4	6.1	6.6	5.2	5.3	6.2	5.6	5	5.6	5.8	6.6	4.6	5.1	4.3	4.2	5	3.9	4.1	4.1
	10	0	4.3	4.3	4.8	6.8	6.9	6.8	6.2	6.6	5.2	4.9	3.3	3.7	3.9	3.4	3.8	4.5	4.2	3.9	4.9	6.1	6	5.1	6.5	6.1	5.5	5.3	6.1	6.7	6.8	5.3	4.1	5.7	6	4	4.9	5.4	4.3
	11	0	5.8	5	3.9	6.4	7	7	6.9	5.7	4.8	4.6	4	3.6	3.6	4.1	4.5	4.7	4.8	4.3	6.3	7.9	5.9	6.7	6.7	7.1	7.9	6.1	5.7	5.1	4.9	4.6	4.7	4.9	4.2	5.4	4.7	3.5	5.8
	12	0	5.9	4.7	4.7	6.5	7.3	7.8	8	8.1	5.8	5.1	4.2	4.7	3.5	3.1	2.9	3.2	2.6	3.5	4.8	4.4	5.6	4.6	7.8	5.5	5.1	4.9	4.3	5.5	5.1	4.1	4.6	3.8	3.2	3.5	4	4.1	5.9
FREQUENCY BY DIRECTION                                                          																																							
	Month	calm	0	10	20	30	40	50	60	70	80	90	100	110	120	130	140	150	160	170	180	190	200	210	220	230	240	250	260	270	280	290	300	310	320	330	340	350	360
	ALL	6.89	1.72	2.96	4.38	8.03	8.68	10.81	9.76	7.17	4.53	3.69	1.76	1.11	1.26	1.13	1.32	1.28	1.04	1.27	2.12	1.7	1.86	2.44	2.23	2.24	2.22	1.67	1.36	1.7	1.25	0.86	1.1	0.81	0.86	1.22	1.15	1.32	1.72
	1	7.6	1.3	3.6	4.4	8.1	11.4	13.1	8.8	5.7	2.5	1.7	1.1	0.8	0.9	1.5	1.6	1.2	1.2	1.4	2.9	2.6	2.8	2.3	1.1	2.1	2.7	2.3	1	1.1	1.2	1	0.7	1	0.7	1.5	1.8	1.1	1.3
	2	6.2	1	2.2	4.6	10.2	12.6	20	14.5	5.7	2.2	1.2	1.1	0.8	1	0.7	0.9	0.7	0.8	1.2	1.7	1.3	0.9	2	0.9	1.8	1.7	1.3	1	1.4	1	0.5	0.3	0.5	0.8	0.7	0.4	0.6	1
	3	5.6	0.6	1.9	4.1	8.6	9.4	12.4	15.6	13.1	4.8	2.8	1.5	1.2	1.2	0.8	1	1.3	1	1.3	1.6	1.1	1.3	1.3	2	1.6	1.2	0.9	0.9	1.1	0.9	0.3	0.7	0.5	0.3	0.5	0.2	0.8	0.6
	4	8	0.8	2.8	6	11.3	9.4	10.3	9.1	7.9	6.5	4.5	2.1	0.9	1.8	1.3	1.1	1.4	1.1	1.3	2.1	1.1	1.3	2	1.6	1.5	1.7	1.3	0.8	1.2	0.9	0.4	0.6	0.8	0.8	0.9	0.8	0.4	0.8
	5	5.8	2	2.3	4	8.6	11.8	12	11.3	8.5	6	5.7	1.5	1	0.6	0.6	1	0.5	0.6	0.4	0.9	1.4	1.3	1.4	2.1	1.7	1.5	0.9	1.3	1.3	1.1	1.3	1.1	0.8	0.8	0.7	0.8	1	2
	6	7.6	5.2	7.2	5.8	6.8	5	5.4	4.1	2.8	1.5	2.7	1.1	0.3	0.5	0.4	0.6	0.6	0.4	0.6	1.9	1.6	2.6	3.6	4.3	3.3	3.5	2.8	2.5	3.2	2.1	1.8	2.4	1.8	2.1	2.4	3.3	3.9	5.2
	7	7.1	3.1	3.6	4	4.6	4.6	6.2	6.4	4.6	3.6	5	1.6	0.6	1	0.5	0.7	0.7	0.8	0.9	2.5	1.9	3.5	5.1	4.1	3.6	3.9	3.4	2.3	2.9	1.5	1.1	3.2	0.7	1.3	2.2	2	2.4	3.1
	8	8	2.7	3.3	3.4	3.6	3	4.7	6.4	6.2	5.2	4.6	2.2	1.4	1.2	0.9	1.3	1.7	0.8	1.4	2.7	1.8	2.4	4.4	4.9	4.2	4.2	2.3	2.4	2.7	2	1.5	1.5	1.2	1.3	2.5	1.8	2.1	2.7
	9	6.5	1.8	2.8	3.8	7.5	6.3	10	8.4	8	6.3	4.5	2.3	1.2	0.8	1	1.1	1.7	1	1.1	2.3	2.8	2.1	2.1	1.9	2.5	2.2	1.5	1.6	1.7	1.4	0.9	1.2	0.9	1.1	1.4	1	1.9	1.8
	10	7.4	1	1.9	4.2	8.4	8.7	9.1	10.6	9.1	7.3	6	3.6	2	2.2	2.7	2.9	2.7	1.4	1.9	2.4	1	1.2	1.5	0.6	0.9	0.7	0.2	0.5	1.1	0.8	0.6	0.5	0.6	0.1	0.5	0.7	0.6	1
	11	6.8	1	1.6	3.3	9.2	8.7	9.6	8.6	6.7	6	4.9	2.7	2.3	2.9	2.4	2.5	1.9	1.6	1.7	2.4	2.3	1.6	2	1.8	1.7	1.6	1	0.8	0.9	1.3	0.6	0.8	0.6	0.9	0.8	0.6	0.7	1
	12	6.4	0.8	2.5	4.7	8.2	10	11.9	9.7	6.5	3.8	2.8	1.4	0.9	1.6	1.1	1.5	1.6	2.1	2.2	2.5	1.8	1.9	2.4	2.5	2.4	1.9	2.2	1.7	2.3	1	0.5	0.9	0.3	0.5	0.7	0.6	0.7	0.8
FREQUENCY OF SPEED                                                              																																							
	Month	0	1	2	3	4	5	6	7	8	9	10	11	12	13	14	15	16	17	18	19	20	21	22	23	24	25												
	ALL	6.9	4.4	13.2	12.3	11.2	11.9	7.6	7.4	4.9	4.4	5.2	2.8	2.6	1.4	1	1.4	0.4	0.2	0.4	0.1	0.1	0	0	0	0	0												
	1	7.6	3.6	13.4	11.4	10.4	11.3	6.2	6	5.2	4.6	5.2	2.7	2.9	2.7	1.8	2.4	0.8	0.5	0.8	0.2	0.1	0.1	0	0.1	0	0												
	2	6.2	3.1	9.6	10.8	9.7	9.5	6.8	8.1	6.4	5.8	6.7	5.4	4.1	1.6	1.6	2.1	0.8	0.4	0.8	0.3	0.1	0	0	0.1	0	0												
	3	5.6	4.9	11.1	11.2	8.2	8.3	7.7	7.1	5.9	3.9	5.4	4.8	3.7	3.5	2.5	3	1.1	0.9	0.7	0.1	0.3	0	0	0	0	0												
	4	8	6	15.1	12.4	10.8	10.4	8.1	6.4	4.1	3.5	4.8	2.5	2.5	1.2	1.4	2	0.3	0.2	0.3	0	0	0	0	0	0	0												
	5	5.8	4.5	11	11.6	10.6	10.7	6.7	7.6	5.9	6.5	7.3	3.4	3.3	1.9	1.1	1.4	0.4	0.1	0.1	0	0	0	0	0	0	0												
	6	7.6	4.8	16.1	14.7	14.8	14.7	8.4	6.5	2.6	3.4	3.1	1.4	0.9	0.2	0	0.3	0.1	0	0.2	0.1	0.1	0	0.1	0	0	0												
	7	7.1	3.2	15.4	12.7	11.6	15.3	8.9	9.8	4.9	3.9	4.7	0.8	1.1	0.1	0.1	0.3	0	0.1	0	0	0	0	0	0	0	0												
	8	8	4.3	14.1	12.1	11.6	14.9	8.6	7.7	4.3	3.6	4.7	1.9	2.4	0.6	0.5	0.4	0.1	0	0.1	0	0	0	0	0	0	0
	9	6.5	4.7	12.2	11.1	12.2	15	7.6	10	6.3	5.1	5.6	1.7	1	0.4	0.2	0.2	0	0	0	0	0	0	0	0	0	0
	10	7.4	3.9	13.1	14.7	13.7	13.2	9.3	7	3.6	3.9	4.1	1.5	2.1	0.6	0.5	0.9	0.1	0.1	0.3	0	0	0	0	0	0	0
	11	6.8	5	15	13	12.7	11.9	6.8	7.5	4.5	3.5	5	2.6	2.6	0.9	0.4	1.1	0.2	0	0.3	0	0.1	0	0	0	0	0
	12	6.4	5.5	14.6	12.9	10.6	11.3	7.6	6.8	3.7	4.1	5	3.3	3.3	2.1	1	0.9	0.5	0	0.3	0.1	0	0	0	0	0	0
PERCENT OF POWER BY SPEED                                                       																											
	Month	0	1	2	3	4	5	6	7	8	9	10	11	12	13	14	15	16	17	18	19	20	21	22	23	24	25
	ALL	0	0	0.3	0.9	1.8	3.4	3.9	6.2	5.8	7.3	11.8	8.7	10.6	7.4	6.6	10.7	3.9	2.7	4.3	1.4	1.3	0.2	0.1	0.4	0	0.3
	1	0	0	0.3	0.6	1.3	2.5	2.4	3.7	4.7	5.9	8.9	6.1	8.9	10.1	8.6	13.7	5.6	3.9	7	2.7	1.1	1.2	0	1	0	0
	2	0	0	0.2	0.5	1.1	1.9	2.4	4.7	5.3	6.7	10.7	11.4	11.1	5.6	7	11	4.8	3.1	6.4	3	1.4	0	0	1	0	0.6
	3	0	0	0.2	0.5	0.8	1.5	2.4	3.7	4.5	4.2	7.7	9.2	9.3	10.8	9.6	14.2	6.1	6	5.2	1.3	2.8	0	0	0	0	0
	4	0	0	0.4	0.9	1.8	3.2	4.3	5.7	5.3	6.1	11.6	7.8	10.9	6.4	9.2	16.2	2.5	2.5	3.8	0.6	0.7	0	0	0	0	0
	5	0	0	0.3	0.8	1.6	2.9	3.1	6.1	6.5	10	15.3	9.5	12.6	8.7	6.1	9.7	3.5	1	1.5	0	0	0.7	0	0	0	0
	6	0	0.1	0.8	2.1	4.4	8.3	8.1	10.3	5.8	10.5	12.9	7.6	6.7	1.6	0	4.2	1.2	0	5	2.9	2.3	0	3	0	0	2.3
	7	0	0	0.8	1.7	3.2	7.8	8	14.9	10.4	11.6	18.6	4.5	7.9	0.9	1.5	4.3	0	1.7	0	0	0	0	0	2	0	0
	8	0	0	0.5	1.3	2.7	6.3	6.4	9.6	7.5	9	15.7	8.5	14.2	4.4	4.2	4.8	1.9	0.5	1.3	0	0.9	0	0	0	0	0
	9	0	0	0.5	1.3	3	6.8	6.2	13.4	11.9	13.6	20	8.3	6.4	3	1.7	2.5	0.6	0.7	0	0	0	0	0	0	0	0
	10	0	0	0.5	1.6	3.1	5.5	6.7	8.2	5.9	9.2	13	6.3	12.4	4	4.2	9.6	1.1	1.3	4.4	0	1.1	0	0	0	0	1.9
	11	0	0	0.5	1.2	2.6	4.3	4.2	7.8	6.7	7.3	14	9.6	13.1	5.5	3.2	9.9	2.3	0.5	3.8	0.7	2.7	0	0	0	0	0
	12	0	0	0.4	1	1.8	3.6	4.2	6	4.7	7.2	11.9	10.6	13.9	11.2	6.7	6.8	4.5	0.4	3.1	1.9	0	0	0	0	0	0
PREVAILING DIRECTION BY HOUR                                                    																											
	Month	0	1	2	3	4	5	6	7	8	9	10	11	12	13	14	15	16	17	18	19	20	21	22	23		
	ALL	60	60	50	30	50	70	60	50	50	50	60	70	60	60	60	50	60	50	-1	50	50	30	50	-1		
	1	40	40	50	50	40	40	40	40	50	50	50	50	40	40	60	50	40	40	40	50	50	50	50	50		
	2	60	60	60	30	50	50	50	60	50	30	50	50	50	50	50	50	50	50	50	50	40	50	50	50		
	3	60	60	70	30	70	60	60	70	60	30	60	70	60	60	60	30	60	60	60	60	70	30	70	60		
	4	40	30	50	30	50	30	90	80	60	30	60	40	70	50	60	30	60	60	-1	20	20	30	50	70		
	5	60	40	60	30	30	40	90	70	50	40	60	60	60	60	50	50	60	70	-1	50	70	50	60	-1		
	6	30	-1	30	30	-1	10	90	220	20	50	30	350	60	10	10	340	10	10	10	10	20	30	-1	-1		
	7	40	-1	50	30	-1	70	90	-1	70	50	-1	-1	250	-1	-1	210	-1	-1	-1	-1	-1	360	-1	-1		
	8	70	50	80	50	80	70	70	70	10	60	70	70	230	60	220	240	-1	10	-1	-1	60	220	60	-1		
	9	70	-1	50	30	-1	80	90	50	50	50	-1	-1	50	-1	-1	50	-1	-1	-1	-1	40	20	-1	-1		
	10	70	60	70	40	70	60	70	70	70	60	70	60	70	80	70	40	70	90	-1	90	60	30	80	-1
	11	60	70	70	30	80	80	70	40	60	30	80	70	50	70	70	30	60	70	-1	70	70	50	60	-1
	12	60	70	40	40	60	60	50	40	50	50	50	50	40	50	70	40	60	50	-1	60	60	30	-1	-1
SPEED FOR PREVAILING DIRECTION BY HOUR                                          																									
	Month	0	1	2	3	4	5	6	7	8	9	10	11	12	13	14	15	16	17	18	19	20	21	22	23
	ALL	8.05	9.12	7.2	6.54	7.22	7.73	8.05	7.85	7.57	8.09	8.94	7.66	8.68	9.21	9.29	8.55	9.66	8.31	-1	7.98	7.99	6.72	7.07	-1
	1	6.94	7.3	8.01	10.23	6.36	7.07	7.2	6.38	9.31	9.91	10.09	10.02	8.55	8.46	10.96	9.97	7.07	7.79	7.73	8.63	7.77	8.96	7.77	8.71
	2	10.46	12.19	11.63	7.08	8.25	9.57	8.6	10.7	7.62	7.8	8.61	8.68	9.36	8.39	8.58	8.85	9.08	8.79	9.5	8.79	8.01	9.79	8.33	10.68
	3	10.29	11.28	8.69	6.72	11.74	10.45	11	8.47	10.77	7.38	9.67	9.33	11.14	10.93	11.45	8.14	10.19	9.63	9.81	9.71	12.03	7.47	12.51	10.79
	4	8	5.99	5.84	7.19	5.45	6.29	8.11	5.79	6.92	8.03	7.48	4.26	6.79	4	7.03	8.86	8.62	4.6	-1	3.4	4.48	7.41	5.73	8.08
	5	6.03	5.46	6.31	6.55	4.9	6.44	8.16	7.74	7.18	8.91	6.69	8.35	8.88	9.34	6.74	9.72	9.51	7.67	-1	6.24	7.86	8.09	6.78	-1
	6	4.5	-1	4.45	5.59	-1	3.58	5.39	5.56	3.36	7.55	5.53	3.17	6.6	6.46	6.29	4.56	6.3	6.19	5.13	5.39	5.73	6.27	-1	-1
	7	6.98	-1	6.66	4.12	-1	4.69	5.28	-1	7.57	6.35	-1	-1	6.21	-1	-1	5.5	-1	-1	-1	-1	-1	5.69	-1	-1
	8	5.7	5.72	5.22	6.75	4.95	6.34	6.6	6.51	4.02	6.06	8.37	6.45	4.72	9.4	9.13	4.99	-1	4.45	-1	-1	7.98	7.19	7.6	-1
	9	7.3	-1	7.81	5.23	-1	6.01	4.82	7.4	8.38	6.41	-1	-1	8.3	-1	-1	7.39	-1	-1	-1	-1	6.22	5.08	-1	-1
	10	6.96	4.29	6.02	7.1	6.52	4.91	5.92	6.38	5.76	7	5.15	5.11	4.85	5.71	5.31	7.06	5.35	6.57	-1	3.68	5.37	6.51	4.15	-1
	11	7.95	6.22	5.82	6.92	4.85	5.63	4.59	5.59	5.72	6.14	4.08	4.5	9.17	4.4	5.22	6.25	8.48	6.81	-1	6.52	6.41	7.05	5.84	-1
	12	8.57	8.65	5.12	8.05	7.76	6.77	7.74	8.4	7.47	8.56	7.88	7.76	8.72	10.87	5.98	7.17	6.48	5.69	-1	6.76	7.57	6.55	-1	-1
