PORT ALEXANDER      AK - 703886                                                 														
 56 deg    15' N  134 deg    39' W - Elev    1m   LST=GMT+99 hours   *NT= -9    														
 05/79-10/82 06/87-09/02                                                        														
SPEED BY YEAR                                                                   														
	Year	ALL	JAN	FEB	MAR	APR	MAY	JUN	JUL	AUG	SEP	OCT	NOV	DEC
	ALL	4.07	5.02	4.94	4.57	4.13	3.87	3.1	2.72	3.12	3.65	4.3	4.93	5.22
	1979	4.83	-1	-1	-1	-1	4.45	3.58	4.29	2.67	4.96	2.55	5.09	6.37
	1980	4.98	5.34	5.31	4.46	6.97	4.26	4.04	4.74	3.41	2.56	-1	6.9	-1
	1981	3.26	-1	-1	-1	3.26	-1	-1	-1	-1	-1	-1	-1	-1
	1982	8.7	-1	-1	-1	-1	-1	-1	-1	-1	-1	8.7	-1	-1
	1987	3.48	-1	-1	-1	-1	-1	3.01	1.76	3.15	3.04	3.89	4.69	6.73
	1988	3.68	20.09	5.42	4.33	2.83	3.13	3.04	2.3	2.58	3.57	3.43	4.33	4.49
	1989	3.79	3.67	5.5	4.46	4	2.98	3.26	3	2.67	3.74	3.74	5.5	5.17
	1990	4.69	4.29	5.13	6.4	5.14	4.15	3.45	3.42	4.01	4.67	5.54	5.75	5.29
	1991	4.41	5.54	-1	4.82	4.53	4.11	3.37	3.21	4.02	3.79	5.06	6.05	5.81
	1992	5.33	6.33	7.37	4.49	4.47	5.75	3.51	2.97	3.96	5.05	6.02	5.87	6.93
	1993	4.9	8.06	7.17	5.69	4.23	4.46	3.65	3.72	3.94	3.71	3.99	5.92	5.76
	1994	4.88	6.53	8.23	5.27	4.66	4.98	3.59	3.38	3.12	4.51	4.66	6.03	5.53
	1995	4.1	4.35	4.61	5.55	4.86	3.52	3.56	3.01	2.4	3.49	4.14	5	4.32
	1996	3.74	4.36	3.94	4.19	4.17	1.67	2.87	2.57	2.83	3.32	3.8	4.55	4.93
	1997	3.59	4.95	2.99	4.33	4.18	3.23	2.83	2.4	2.71	2.7	4.03	3.83	4.67
	1998	3.61	4.96	4.46	3.93	3.22	2.91	2.6	2.03	2.53	2.92	4.39	3.97	5.5
	1999	3.43	4.28	4.01	3.53	3.93	4.28	2.81	2.32	2.61	3.2	3.1	-1	-1
	2000	3.5	3.78	3.76	4.61	4.02	2.95	2.63	2.53	2.94	3.12	4.01	3.48	3.96
	2001	3.64	3.9	3.99	4.63	3.22	3.71	2.3	2.58	2.6	3.73	4.32	4.88	4.21
	2002	3.62	4.1	4.14	3.42	3.08	3.26	2.63	2.48	4.44	6.27	-1	-1	-1
POWER BY YEAR                                                                   														
	Year	ALL	JAN	FEB	MAR	APR	MAY	JUN	JUL	AUG	SEP	OCT	NOV	DEC
	ALL	159	265	226	178	144	121	64	60	79	118	177	266	284
	1979	194	-1	-1	-1	-1	100	51	83	35	94	25	334	314
	1980	201	206	214	126	457	152	81	128	52	36	-1	279	-1
	1981	57	-1	-1	-1	57	-1	-1	-1	-1	-1	-1	-1	-1
	1982	397	-1	-1	-1	-1	-1	-1	-1	-1	-1	397	-1	-1
	1987	243	-1	-1	-1	-1	-1	156	109	101	202	183	308	939
	1988	289	5507	450	338	219	80	181	142	168	197	219	306	196
	1989	167	101	567	101	155	79	72	199	97	152	140	290	311
	1990	272	160	259	515	258	257	60	66	199	227	511	397	482
	1991	192	162	-1	298	254	116	65	53	136	148	261	378	348
	1992	308	434	507	137	186	275	80	38	110	252	344	463	677
	1993	290	1325	536	279	108	156	80	72	116	90	249	572	367
	1994	233	334	627	315	205	195	83	66	74	185	195	374	384
	1995	117	132	128	290	177	73	71	47	36	65	103	162	108
	1996	75	89	81	91	77	4	38	24	29	51	84	139	143
	1997	68	120	35	95	97	46	31	19	25	33	81	88	124
	1998	63	115	93	64	35	32	23	9	23	44	128	74	136
	1999	74	107	80	64	76	201	36	16	26	64	31	-1	-1
	2000	64	109	66	102	83	44	30	23	44	54	75	54	82
	2001	78	78	90	111	44	66	21	22	25	68	112	208	133
	2002	96	126	164	84	42	80	20	33	134	178	-1	-1	-1
NUMBER OF SPEED OBSERVATIONS BY YEAR                                            														
	Year	ALL	JAN	FEB	MAR	APR	MAY	JUN	JUL	AUG	SEP	OCT	NOV	DEC
	ALL	40251	2978	2928	3506	3353	3735	3935	3477	3803	3140	3214	3006	3176
	1979	731	0	0	0	0	162	124	44	14	7	28	163	189
	1980	1030	193	183	187	162	119	59	23	41	61	0	2	0
	1981	7	0	0	0	7	0	0	0	0	0	0	0	0
	1982	1	0	0	0	0	0	0	0	0	0	1	0	0
	1987	1284	0	0	0	0	0	235	241	162	173	195	158	120
	1988	2205	30	133	193	201	217	194	238	241	220	201	202	135
	1989	2133	46	40	94	151	229	268	243	248	234	155	213	212
	1990	1817	188	115	161	165	197	183	143	160	131	137	87	150
	1991	1941	78	0	191	250	242	204	200	212	138	162	125	139
	1992	2567	133	199	199	180	227	237	148	169	234	318	266	257
	1993	3001	144	271	276	246	275	269	222	278	270	272	243	235
	1994	2564	233	151	207	192	279	265	225	257	214	196	162	183
	1995	2470	132	129	204	214	228	216	172	168	218	260	256	273
	1996	2861	246	271	300	218	3	254	274	290	267	251	278	209
	1997	2947	238	201	213	219	237	243	271	271	184	297	278	295
	1998	2713	269	238	169	261	271	251	266	261	73	160	252	242
	1999	2397	271	269	276	161	291	272	245	274	231	107	0	0
	2000	2576	203	208	250	212	236	233	220	199	195	237	148	235
	2001	3177	271	268	277	272	278	239	275	299	286	237	173	302
	2002	1829	303	252	309	242	244	189	27	259	4	0	0	0
NUMBER OF SPEED OBSERVATIONS BY HOUR                                            														
	Hour	ALL	JAN	FEB	MAR	APR	MAY	JUN	JUL	AUG	SEP	OCT	NOV	DEC
	0	0	0	0	0	0	0	0	0	0	0	0	0	0
	1	0	0	0	0	0	0	0	0	0	0	0	0	0
	2	5	2	0	0	0	0	1	0	0	0	0	1	1
	3	21	0	0	0	0	0	0	0	0	0	21	0	0
	4	68	1	0	0	0	0	0	0	0	0	24	21	22
	5	94	1	0	0	0	10	6	1	6	0	22	24	24
	6	1073	0	0	0	116	166	159	129	172	150	142	20	19
	7	3078	147	148	153	285	364	375	335	340	291	307	168	165
	8	3846	290	286	362	325	348	340	328	364	301	300	304	298
	9	3865	313	267	357	308	346	350	335	349	291	322	291	336
	10	3754	277	265	331	309	339	360	334	372	302	291	271	303
	11	3771	278	297	326	320	346	356	333	352	277	287	297	302
	12	3694	264	279	328	302	350	383	306	358	290	283	270	281
	13	3550	254	263	307	320	325	334	304	329	303	270	267	274
	14	3523	252	252	308	308	327	361	310	365	267	275	227	271
	15	3311	254	237	292	253	314	334	292	310	259	251	254	261
	16	3404	260	261	265	279	316	354	319	335	273	267	239	236
	17	2461	253	236	301	200	183	221	150	151	136	138	239	253
	18	711	120	137	174	28	1	1	1	0	0	14	111	124
	19	11	5	0	0	0	0	0	0	0	0	0	2	4
	20	5	3	0	1	0	0	0	0	0	0	0	0	1
	21	3	1	0	1	0	0	0	0	0	0	0	0	1
	22	3	3	0	0	0	0	0	0	0	0	0	0	0
	23	0	0	0	0	0	0	0	0	0	0	0	0	0
	24	0	0	0	0	0	0	0	0	0	0	0	0	0
SPEED BY HOUR                                                                   														
	Hour	ALL	JAN	FEB	MAR	APR	MAY	JUN	JUL	AUG	SEP	OCT	NOV	DEC
	0	-1	-1	-1	-1	-1	-1	-1	-1	-1	-1	-1	-1	-1
	1	-1	-1	-1	-1	-1	-1	-1	-1	-1	-1	-1	-1	-1
	2	17.3	11.05	-1	-1	-1	-1	21.1	-1	-1	-1	-1	20.1	23.2
	3	6.52	-1	-1	-1	-1	-1	-1	-1	-1	-1	6.52	-1	-1
	4	7.4	22.1	-1	-1	-1	-1	-1	-1	-1	-1	6.43	7.04	8.13
	5	5.73	18	-1	-1	-1	3.71	3.65	6.1	4.12	-1	6.61	5.16	6.75
	6	3.06	-1	-1	-1	3.42	3.23	2.33	1.82	2.46	3.01	4.4	6	6.89
	7	3.48	5.06	4.58	4.34	3.4	3.14	2.67	2.31	2.61	3.17	4.21	4.98	4.86
	8	3.92	5	4.88	4.27	3.89	3.95	3	2.32	2.85	3.39	4.21	4.48	5.34
	9	3.99	4.85	4.83	4.53	4.3	3.69	2.98	2.64	2.85	3.51	4.18	4.94	4.98
	10	4.17	5.05	5.12	4.89	4.31	3.99	3.3	2.83	3.33	3.67	4.37	4.76	5.06
	11	4.26	4.9	5.21	4.78	4.29	4.18	3.24	3.07	3.48	4.01	4.33	5.07	5.02
	12	4.35	4.88	5.15	4.96	4.7	4.33	3.34	3.17	3.61	4.05	4.44	5.08	5.12
	13	4.32	5.24	5.17	4.85	4.41	4.23	3.34	3.09	3.51	3.88	4.59	4.9	5.22
	14	4.2	4.91	4.96	4.6	4.18	3.98	3.37	2.81	3.4	4.29	4.4	5.16	5.37
	15	4.14	4.95	5.09	4.69	4.16	4.11	3.21	2.96	3.22	3.73	4.16	4.96	5.1
	16	3.86	4.71	4.53	4.39	4.18	3.65	3.08	2.64	2.94	3.36	3.84	4.85	5.16
	17	3.96	4.74	4.77	4.06	3.77	3.52	2.73	2.33	2.52	3.23	3.85	4.81	5.37
	18	4.75	5.24	4.56	4.16	3.9	6.7	1.5	2.1	-1	-1	3.85	5	5.41
	19	13.85	21.1	-1	-1	-1	-1	-1	-1	-1	-1	-1	5.65	8.88
	20	21.82	23.5	-1	23.2	-1	-1	-1	-1	-1	-1	-1	-1	15.4
	21	12	18	-1	0	-1	-1	-1	-1	-1	-1	-1	-1	18
	22	19.07	19.07	-1	-1	-1	-1	-1	-1	-1	-1	-1	-1	-1
	23	-1	-1	-1	-1	-1	-1	-1	-1	-1	-1	-1	-1	-1
	24	-1	-1	-1	-1	-1	-1	-1	-1	-1	-1	-1	-1	-1
POWER BY HOUR                                                                   														
	Hour	ALL	JAN	FEB	MAR	APR	MAY	JUN	JUL	AUG	SEP	OCT	NOV	DEC
	0	-1	-1	-1	-1	-1	-1	-1	-1	-1	-1	-1	-1	-1
	1	-1	-1	-1	-1	-1	-1	-1	-1	-1	-1	-1	-1	-1
	2	4649	2623	-1	-1	-1	-1	5636	-1	-1	-1	-1	4872	7492
	3	491	-1	-1	-1	-1	-1	-1	-1	-1	-1	491	-1	-1
	4	1041	6476	-1	-1	-1	-1	-1	-1	-1	-1	415	1039	1478
	5	525	3499	-1	-1	-1	51	67	140	110	-1	685	346	865
	6	111	-1	-1	-1	85	76	38	23	59	109	222	666	850
	7	128	215	184	148	114	81	65	94	61	119	212	269	181
	8	156	230	206	139	133	165	78	32	78	117	171	203	364
	9	147	219	194	194	122	109	48	60	69	109	184	281	208
	10	152	214	232	192	135	119	95	64	76	122	188	217	233
	11	167	223	269	162	149	148	65	83	129	144	178	252	242
	12	177	232	239	224	224	180	56	105	132	120	162	277	241
	13	154	249	206	188	167	126	73	45	102	96	171	227	255
	14	152	252	242	157	125	104	71	37	59	219	142	234	291
	15	148	215	279	162	151	99	55	82	60	96	153	262	243
	16	127	192	190	157	142	99	49	31	48	79	123	241	281																									
	17	168	245	209	163	162	121	38	27	32	67	131	266	357																									
	18	308	488	255	239	80	189	2	6	-1	-1	107	469	222																									
	19	3416	6320	-1	-1	-1	-1	-1	-1	-1	-1	-1	213	1387																									
	20	6650	7856	-1	7492	-1	-1	-1	-1	-1	-1	-1	-1	2191																									
	21	2333	3499	-1	0	-1	-1	-1	-1	-1	-1	-1	-1	3499																									
	22	4425	4425	-1	-1	-1	-1	-1	-1	-1	-1	-1	-1	-1																									
	23	-1	-1	-1	-1	-1	-1	-1	-1	-1	-1	-1	-1	-1																									
	24	-1	-1	-1	-1	-1	-1	-1	-1	-1	-1	-1	-1	-1																									
SPEED BY DIRECTION                                                              																																							
	Month	calm	0	10	20	30	40	50	60	70	80	90	100	110	120	130	140	150	160	170	180	190	200	210	220	230	240	250	260	270	280	290	300	310	320	330	340	350	360
	ALL	0	5.16	5.05	5.38	5.39	4.34	3.39	2.98	2.92	2.53	2.68	2.61	2.34	3.19	3.58	3.83	4.13	4.35	4.12	4.9	5.21	5.7	5.18	5.2	4.8	4.68	4.69	4.87	4.14	4.13	3.88	3.75	3.49	3.27	3.15	3.25	3.9	5.16
	1	0	5.8	5.5	6.1	5.7	4.6	3.6	3	2.8	4.1	3	1.9	3.2	3.8	5.2	5	5.4	6.5	5.5	5.6	6.3	6.4	5.6	6	4.9	5.1	7.4	12.6	3.6	3.2	3.1	3.4	2.6	3.3	3.4	3.5	4.5	5.8
	2	0	5.7	6.2	5.8	5.7	4.6	4.1	2.7	2.7	3.2	2.7	3.5	4.8	4.7	5.3	4.6	5.4	5.6	5.7	6.4	5.8	6.1	5.8	6.4	4.9	5.2	4.1	4	3.7	2.5	3.2	2.5	2.5	2.8	2.8	2.9	4.1	5.7
	3	0	5.2	5.4	5.5	5.2	4.3	3.4	3.3	3.5	2.4	3	3.8	2.7	3	4.4	6	5.4	4.5	5.2	5.1	5.7	6.2	5	5.5	5.5	4.3	4.4	4.6	3.8	3.8	3.7	3.5	4.7	3.8	3.6	3.7	4.6	5.2
	4	0	5.1	4.3	5.5	5.4	4.1	3.3	3.1	2.8	2.8	3.5	2.8	2.6	4	4.2	4	4.8	4.8	4.9	5.2	5.4	5.6	5.4	4.1	3.5	3.6	4.1	3.8	3.4	3.8	3.7	2.6	3.3	2.8	2.4	3	3.8	5.1
	5	0	4.5	4.2	5	5.4	4.4	3.3	3.4	2.9	2.2	2.2	2.5	2.1	3.3	2.9	3.7	4.4	4.5	4	4.4	4.7	5.6	4.6	4.4	4.4	4.5	3.9	3.5	3.9	4.2	5.3	4	2.7	3.3	4.3	3	3.3	4.5
	6	0	3.8	4	4.7	5	4	2.7	2.3	2	1.8	2	2.3	1.8	2.1	2.5	2.6	3	3.1	3.2	3.5	4.1	4.1	4.2	4.7	3.7	4	3.9	3.9	4.1	4.3	3.6	3.3	3.7	3.4	2.9	3.2	3.3	3.8
	7	0	3.5	3.9	4.3	4.6	3.3	2.7	2.2	1.5	1.9	2.1	1.9	2	2	2.2	2.3	2.7	2.7	3.1	3.5	3.5	4.1	3.6	3.3	4.2	4.1	4	3.8	4.2	4.1	3.6	3.9	4.4	2.8	3	2.7	2.8	3.5
	8	0	4.3	3.9	4.6	6.2	4.3	2.4	2	1.7	1.4	1.8	1.6	1.6	2	2.1	2.6	2.7	3.5	3.1	4.1	4.5	5	3.8	3.4	3.7	4.1	4	4.1	3.8	3.5	3.8	3.6	4	4.3	3.1	2.9	2.6	4.3
	9	0	3.7	4	4.7	4.5	3.7	3.1	2	2.2	2	1.3	1.8	2	2.8	2.7	3	3.6	4.4	3.6	4.8	5.4	5.8	5	5.5	5	4.2	4.2	4.1	4.3	4.2	4.6	4.5	3.4	3	2.6	3	3.1	3.7
	10	0	5.2	6.2	5.2	5	4.3	3.1	3.1	3.2	2.6	3.5	2.7	2.4	3.7	4.9	5.8	4.7	4.4	3.9	5.2	5.2	6.1	6	4.9	5.3	5.2	5.3	4.1	4.8	5.2	4.1	3.5	2.9	2.9	2.7	3.3	3.1	5.2
	11	0	5.8	4.9	5.4	5.1	4.7	3.6	3.2	3.7	3.8	3.9	3	2.7	4.7	5.7	6.7	6.5	6.6	5.7	7.2	6.3	6.7	6.6	6.7	5.9	6.4	5	4.4	4.6	4.3	3.9	4.8	4	4	3.9	3.9	4.4	5.8
	12	0	5.9	4.9	5.7	6.3	4.7	3.9	3.8	3.8	2.3	3.1	2.7	4	5.3	7.7	7.1	6.6	8.2	5.9	6.6	5.9	6.2	6.6	7.7	6.6	6.1	6.4	7.3	5.7	5.2	3.7	4.6	3.4	2.8	3.5	3.7	4.8	5.9
FREQUENCY BY DIRECTION                                                          																																							
	Month	calm	0	10	20	30	40	50	60	70	80	90	100	110	120	130	140	150	160	170	180	190	200	210	220	230	240	250	260	270	280	290	300	310	320	330	340	350	360
	ALL	9.55	6.73	4.74	7.83	4.74	4.14	1.04	0.77	0.49	0.4	0.5	0.34	0.83	2.6	4.41	5.44	5.39	4.67	3.79	5.54	4.65	4.52	2.75	2.23	2.8	2.48	1.73	1.4	1.53	0.99	1.2	1.04	0.93	1.1	1.27	2.5	2.5	6.73
	1	6	10.3	8.6	14	7.4	6.9	1.3	0.8	0.7	0.3	0.3	0.1	0.2	2.9	2	2.7	2.5	2.3	1.7	3.6	4.3	2.4	2.9	1.6	2.1	2.2	1.7	1.2	0.8	0.6	0.8	1.1	0.8	1	1.6	3.3	3	10.3
	2	5.1	11.4	8.6	12.1	5.3	6.3	1.7	1.2	0.5	0.4	0.4	0.3	0.7	2.1	3	2.3	3.6	3.3	2.5	4.1	4.4	4	2.3	1.9	1.9	1.7	1.1	0.6	0.6	0.5	0.9	0.8	1	1.2	1.4	2.8	3.4	11.4
	3	7.1	9.9	7.2	11	5.6	6.3	1.4	1	0.5	0.6	0.6	0.4	0.4	1.7	2.8	2.8	3.1	3.2	3.1	4.4	4.8	4.9	2.6	1.8	2.2	2.1	1.4	1.1	1.6	0.8	0.7	1.1	0.6	0.8	1	2.6	4	9.9
	4	8.1	7.4	5	9.3	5.3	4.5	1.4	0.8	0.5	0.5	0.7	0.3	0.7	2.4	5.1	5.9	6.5	5.4	3.9	4.9	4.6	3.3	1.6	1.7	2.3	1.8	1.3	1.5	1.2	0.6	0.9	0.8	0.4	1.1	1.1	2.9	2.2	7.4
	5	8.4	5.4	3	5.8	5.2	3.2	0.7	1	0.4	0.4	0.5	0.3	0.8	3.2	5.7	7.1	8.5	6.3	4.5	6.6	4.6	4.7	2.8	1.7	2.1	2.1	1.6	0.8	2.1	1	0.6	0.8	0.4	0.8	1	2.3	1.8	5.4
	6	10.1	3.9	2.3	4.7	3.5	3	0.8	0.4	0.3	0.3	0.6	0.5	1.9	3.2	7.3	8.2	6.6	5.8	5.4	7.6	4	4.4	2.1	2.2	2.5	2.6	1.8	1.9	2	1.2	1.2	0.8	0.8	1	1	2.1	1.8	3.9
	7	13.7	2.4	1.4	3.6	2.7	2.3	0.4	0.6	0.5	0.5	0.6	0.3	1.5	4.3	7	9	9.3	8	5.6	6	4.2	3.1	2.7	1.9	3.6	3.2	2.3	2	2	1	1.6	0.8	0.8	0.6	1.1	1.7	1.5	2.4
	8	12	4.1	2.9	5.7	3.9	2.2	0.4	0.4	0.1	0.3	0.4	0.2	1.1	3.5	6.3	8.6	7.5	6.1	5.1	6.4	4.3	3.9	2.7	2.4	2.9	2.1	2.2	1.4	1.8	1.3	1.2	0.9	1	1	1.4	2.2	1.9	4.1
	9	12.4	4.1	3.1	5.3	4.1	2.8	0.9	0.4	0.3	0.3	0.5	0.3	0.7	2	3.3	5.3	5.2	5.3	4.4	6.4	6.4	6.7	3.6	2.8	3.8	3.3	2	1.5	2.2	1.3	1.8	1.2	1.5	1.2	1.8	1.9	2.1	4.1
	10	11.3	5.8	3.7	6.9	4.4	2.5	0.9	0.7	0.5	0.4	0.4	0.3	0.5	1.2	2.5	3.9	3.4	4	3.1	5.1	6.7	6.8	4.6	3.8	4.1	4.3	2.2	2	1.5	1.3	1.9	1.5	1.7	1.5	1.4	2.8	1.9	5.8
	11	10.1	7.7	6.3	8.5	4.7	4.8	1.5	1.1	0.7	0.5	0.5	0.4	0.3	2	3.1	3.3	3.1	3	3.3	5.3	3.9	5.5	2.8	3	3.5	2.6	1.3	1.2	1.1	1.1	1.3	1.9	1.6	1.4	1.3	2.8	3.3	7.7
	12	9.3	9.7	6	8.3	4.9	5.3	1.3	1	0.9	0.3	0.6	0.5	0.6	2.4	3.4	4.6	3.9	2.3	2.3	5.1	4	4.8	2.7	2.4	2.8	1.9	1.8	1.5	1.1	0.9	1.6	0.8	1.1	1.6	1.3	2.8	3.3	9.7
FREQUENCY OF SPEED                                                              																																							
	Month	0	1	2	3	4	5	6	7	8	9	10	11	12	13	14	15	16	17	18	19	20	21	22	23	24	25												
	ALL	9.5	12.8	21.2	12.6	9.8	10.1	8	6.9	1.8	2	2	0.7	1.2	0.1	0.1	0.3	0.1	0	0.3	0.1	0.1	0	0	0.1	0	0												
	1	6	10.5	13.6	10	10.4	13.8	11.3	11.8	2.5	2.7	3.1	0.5	1.4	0	0.1	0.4	0.1	0	0.3	0.1	0.2	0	0.2	0.4	0.1	0.3												
	2	5.1	11.4	15.8	11.1	11.1	12.3	8.9	8.8	2.2	3.1	3.8	1.6	2.5	0.4	0.3	0.5	0.2	0.1	0.4	0	0.2	0	0	0	0	0												
	3	7.1	10.4	15.5	12.6	10.4	13.6	11.1	8.9	2.6	2.5	1.7	0.9	1.3	0.1	0.2	0.3	0	0.1	0.3	0.1	0.1	0	0	0.1	0	0.1												
	4	8.1	10.1	21.2	14.7	11.9	11	7.6	6.9	1.7	2	1.6	0.6	1.1	0.1	0.1	0.4	0.1	0	0.2	0.1	0.1	0	0	0.1	0	0												
	5	8.4	12.7	24.1	14.4	9.6	10.2	8.1	5.8	1.1	1.1	1.9	0.5	1.3	0.3	0	0.1	0.1	0	0.1	0	0.1	0	0	0.1	0	0												
	6	10.1	16.8	29.2	14.6	9.4	7.2	6	3.7	0.6	1.1	0.7	0.1	0.1	0	0	0	0	0	0.1	0	0.1	0.1	0.1	0	0	0												
	7	13.7	19.3	30.4	14.5	7.9	5.9	3.7	3	0.3	0.5	0.2	0	0.1	0	0	0	0	0	0	0.1	0.1	0.1	0.1	0	0	0
	8	12	19.6	27.3	12.4	8.3	7.2	5	3.4	0.9	1.3	1.3	0.4	0.4	0.1	0	0	0	0	0	0.1	0.1	0	0	0.1	0	0
	9	12.4	12.9	22.5	13.5	9.6	9.7	7.2	5.6	1.8	1.6	1.3	0.5	0.4	0.1	0	0.1	0	0	0.3	0.1	0.1	0.1	0	0	0.1	0
	10	11.3	10.1	18.2	12	10.3	9.8	9.3	7.7	2.7	2.1	2.3	1.1	1.5	0.2	0.2	0.2	0.1	0.2	0.4	0	0.1	0	0	0.2	0	0
	11	10.1	7.7	16	10.7	10.2	11.7	9.2	8.7	3.1	2.7	2.8	1.5	2.4	0.2	0.4	0.8	0.1	0.1	0.6	0.1	0.3	0.1	0	0.3	0	0.1
	12	9.3	8.6	15.3	8.9	8.6	11.1	9.3	10.9	3.1	3.6	4	1.3	2.8	0.2	0.3	0.8	0.1	0.1	0.8	0.2	0.2	0.1	0	0.3	0	0
PERCENT OF POWER BY SPEED                                                       																											
	Month	0	1	2	3	4	5	6	7	8	9	10	11	12	13	14	15	16	17	18	19	20	21	22	23	24	25
	ALL	0	0.1	1.1	1.8	2.8	5.5	8.1	11.7	4.3	6.2	8.6	4.3	10	1.4	1.7	3.9	1.1	0.8	6.4	2.2	4.4	1.7	1.6	6.4	1.2	2.6
	1	0	0.1	0.4	0.9	1.8	4.5	7	12.4	3.6	5.2	8.2	1.8	7	0.2	1	3.2	1	0.4	3.7	1.2	4	0.7	6	12.6	2.2	10.9
	2	0	0.1	0.6	1.1	2.3	4.7	6.5	10.7	3.7	7	11.9	6.9	14.6	2.6	3	5	2.9	1.5	7.2	0	4.6	0.9	0	1.1	1.3	0
	3	0	0.1	0.7	1.6	2.7	6.7	10.2	13.8	5.6	7	6.8	4.6	9.9	1.2	2.4	3.3	0.5	1	5.3	2.8	4.3	0.9	0	5	0	3.4
	4	0	0.1	1.2	2.3	3.7	6.6	8.5	12.8	4.4	6.8	8	3.8	10.3	0.6	1.6	6.6	1.2	0	6.1	3.6	5.5	0	1.3	4.8	0	0
	5	0	0.2	1.7	2.6	3.6	7.3	10.8	13	3.4	4.4	10.7	3.6	14.2	4.5	0	2.5	1.2	0.7	3.3	1	2.4	1.3	0	5.6	2	0
	6	0	0.4	3.6	5	6.7	9.6	14.8	15	3.3	8.9	7.2	1.4	1.6	0	0	0	0	0	5.7	0	4.2	4.5	5.1	3	0	0
	7	0	0.5	3.9	5.3	5.9	8.2	9.6	13.1	2.1	4.2	1.9	0.4	1.3	0	0.9	0	1.3	0	1.8	10.2	7.1	8.4	9.8	0	4.1	0
	8	0	0.4	2.7	3.5	4.6	7.7	10	11.3	4.1	8.4	11	5.4	6.7	1.5	0.6	0.7	0	0	1.3	4.4	3.4	1.9	2.3	5.2	2.8	0
	9	0	0.2	1.5	2.6	3.7	7.1	9.5	12.4	5.5	6.7	7.7	3.8	4.1	0.8	0.5	2.4	0.7	0.8	9.8	2.3	5.7	3	0	2	4.6	2.6
	10	0	0.1	0.8	1.6	2.7	4.8	8.5	11.3	5.6	5.9	9.2	5.7	11	1.6	2	2	0.9	2.8	7.6	0.8	2.8	0	1.2	9.3	0	1.8
	11	0	0	0.5	0.9	1.8	3.8	5.6	8.8	4.5	5.2	7.2	5.4	11.6	1.3	2.9	6.6	1	0.8	8.6	1.6	5.9	2.2	0	8.6	1.2	4
	12	0	0	0.4	0.7	1.4	3.4	5.4	10.5	4.2	6.3	9.7	4.4	12.9	1.2	2.1	6.1	1.3	0.7	9.8	3.6	4.3	2.6	0	7.9	0	1.1
PREVAILING DIRECTION BY HOUR                                                    																											
	Month	0	1	2	3	4	5	6	7	8	9	10	11	12	13	14	15	16	17	18	19	20	21	22	23	24	
	ALL	-1	-1	-1	-1	-1	-1	20	20	20	20	20	20	20	20	20	20	20	20	20	-1	-1	-1	-1	-1	-1	
	1	-1	-1	-1	-1	-1	-1	-1	10	360	20	360	20	20	20	20	20	20	20	20	-1	-1	-1	-1	-1	-1	
	2	-1	-1	-1	-1	-1	-1	-1	360	360	360	20	20	20	360	20	360	20	10	10	-1	-1	-1	-1	-1	-1	
	3	-1	-1	-1	-1	-1	-1	-1	360	20	20	20	20	360	360	20	360	360	20	360	-1	-1	-1	-1	-1	-1	
	4	-1	-1	-1	-1	-1	-1	360	20	20	20	20	20	150	20	150	170	20	20	-1	-1	-1	-1	-1	-1	-1	
	5	-1	-1	-1	-1	-1	-1	360	30	360	20	150	150	150	180	150	150	160	170	-1	-1	-1	-1	-1	-1	-1	
	6	-1	-1	-1	-1	-1	-1	20	180	130	140	140	140	140	140	130	140	180	130	-1	-1	-1	-1	-1	-1	-1	
	7	-1	-1	-1	-1	-1	-1	120	150	130	140	150	140	150	140	150	150	150	140	-1	-1	-1	-1	-1	-1	-1	
	8	-1	-1	-1	-1	-1	-1	20	20	140	140	140	160	140	180	150	150	150	140	-1	-1	-1	-1	-1	-1	-1	
	9	-1	-1	-1	-1	-1	-1	170	200	190	190	180	180	180	190	150	200	200	190	-1	-1	-1	-1	-1	-1	-1
	10	-1	-1	-1	-1	-1	-1	20	360	20	200	200	190	190	190	180	20	190	190	-1	-1	-1	-1	-1	-1	-1
	11	-1	-1	-1	-1	-1	-1	-1	20	20	20	360	360	360	40	20	20	360	20	360	-1	-1	-1	-1	-1	-1
	12	-1	-1	-1	-1	-1	-1	-1	360	20	360	360	360	360	360	360	360	10	20	20	-1	-1	-1	-1	-1	-1
SPEED FOR PREVAILING DIRECTION BY HOUR                                          																										
	Month	0	1	2	3	4	5	6	7	8	9	10	11	12	13	14	15	16	17	18	19	20	21	22	23	24
	ALL	-1	-1	-1	-1	-1	-1	5.03	5.08	5.46	5.32	5.6	5.85	5.68	5.28	5.15	5.11	4.9	5.09	6.23	-1	-1	-1	-1	-1	-1
	1	-1	-1	-1	-1	-1	-1	-1	5.6	6.59	6.13	5.7	6.2	6.18	6.3	5.26	5.65	5.69	6.08	7.1	-1	-1	-1	-1	-1	-1
	2	-1	-1	-1	-1	-1	-1	-1	5.42	5.03	4.92	6.1	6.69	6	6.68	5.2	6.65	4.76	6.25	8.02	-1	-1	-1	-1	-1	-1
	3	-1	-1	-1	-1	-1	-1	-1	4.97	5.19	5.3	5.45	5.83	5.13	5.51	5.18	5.6	5.14	4.51	5.2	-1	-1	-1	-1	-1	-1
	4	-1	-1	-1	-1	-1	-1	3.07	4.74	5.35	5.39	6.08	6	5.11	5.45	4.17	4.71	5.34	5.65	-1	-1	-1	-1	-1	-1	-1
	5	-1	-1	-1	-1	-1	-1	4.02	4.54	4.75	4.39	3.3	4.2	4.37	5.11	4.1	6.3	4.6	4.38	-1	-1	-1	-1	-1	-1	-1
	6	-1	-1	-1	-1	-1	-1	4.33	3.23	2.66	2.28	2.8	3.08	2.86	2.62	2.51	2.78	3.49	2.02	-1	-1	-1	-1	-1	-1	-1
	7	-1	-1	-1	-1	-1	-1	1.51	4.77	2.19	2.37	2.84	2.15	2.67	2.43	2.32	2.26	2.37	1.92	-1	-1	-1	-1	-1	-1	-1
	8	-1	-1	-1	-1	-1	-1	4.94	4.7	2.28	2.67	2.59	3.16	2.51	4.08	2.72	2.91	2.53	2.3	-1	-1	-1	-1	-1	-1	-1
	9	-1	-1	-1	-1	-1	-1	3.21	5.54	4.83	4.74	5.7	5.13	4.86	5.16	2.94	5.96	5.82	5.8	-1	-1	-1	-1	-1	-1	-1
	10	-1	-1	-1	-1	-1	-1	5.42	4.47	4.58	5.99	5.51	6.26	5.33	4.78	4.88	4.28	4.57	4.12	-1	-1	-1	-1	-1	-1	-1
	11	-1	-1	-1	-1	-1	-1	-1	6.54	5.39	5.31	5.99	5.96	5.65	4.59	5.95	5.29	5.98	5.01	7.04	-1	-1	-1	-1	-1	-1
	12	-1	-1	-1	-1	-1	-1	-1	5.72	7.07	5.36	5.05	5.14	6.08	5.87	6.56	6.62	4.25	5.24	3.95	-1	-1	-1	-1	-1	-1
