ST GEORGE ISLAND    AK - 703835                                                 														
 56 deg    21' N  169 deg    24' W - Elev   38m   LST=GMT+99 hours   *NT=-11    														
 02/98-09/02                                                                    					Adjusted to Alaska Timezone (GMT-9)									
SPEED BY YEAR                                                                   														
	Year	ALL	JAN	FEB	MAR	APR	MAY	JUN	JUL	AUG	SEP	OCT	NOV	DEC
	ALL	7.35	9.34	9.43	8.31	7.89	6.64	6.15	5.24	5.59	6.8	7.6	8.82	8.6
	1998	7.01	-1	7.15	7.13	8.55	6.92	5.98	4.62	6.04	7.65	7.06	8.24	9.72
	1999	7.59	9.04	10.16	9.48	7.82	6.49	6.64	6.05	5.58	5.76	7.52	9.05	8.17
	2000	7.2	9.2	10.05	8.11	7.05	5.2	6.36	5.04	5.04	7.23	7.79	8.91	7.13
	2001	7.55	9.44	9.86	7.21	8.06	6.29	5.88	5.52	5.27	6.47	7.97	9.1	10.93
	2002	7.34	9.68	7.78	8.88	8.61	7.58	5.91	4.92	5.99	6.55	-1	-1	-1
POWER BY YEAR                                                                   														
	Year	ALL	JAN	FEB	MAR	APR	MAY	JUN	JUL	AUG	SEP	OCT	NOV	DEC
	ALL	494	879	896	660	535	356	252	160	216	336	434	794	792
	1998	428	-1	332	380	648	429	220	111	265	447	365	714	932
	1999	544	836	994	1060	565	354	285	203	183	226	386	818	726
	2000	477	803	1081	556	342	214	288	152	230	382	480	831	477
	2001	539	967	949	423	641	291	209	192	173	284	492	815	1462
	2002	459	897	596	712	589	430	254	138	229	219	-1	-1	-1
NUMBER OF SPEED OBSERVATIONS BY YEAR                                            														
	Year	ALL	JAN	FEB	MAR	APR	MAY	JUN	JUL	AUG	SEP	OCT	NOV	DEC
	ALL	35824	2571	2524	3033	2734	4050	3619	3544	3476	2538	2646	2740	2349
	1998	5797	0	35	293	35	706	692	689	684	688	664	689	622
	1999	8058	659	586	680	625	729	703	741	739	639	572	673	712
	2000	8197	597	617	701	693	693	701	726	701	610	730	702	726
	2001	7561	711	663	652	693	677	621	681	639	579	680	676	289
	2002	6211	604	623	707	688	1245	902	707	713	22	0	0	0
NUMBER OF SPEED OBSERVATIONS BY HOUR                                            														
	Hour	ALL	JAN	FEB	MAR	APR	MAY	JUN	JUL	AUG	SEP	OCT	NOV	DEC
	0	1504	109	111	121	113	173	151	149	143	108	113	117	96
	1	1481	106	104	126	115	167	152	145	138	103	111	117	97
	2	1486	106	111	123	110	171	151	146	141	106	109	115	97
	3	1483	105	108	122	112	179	144	144	140	104	107	117	101
	4	1499	105	101	126	116	172	149	149	146	107	111	114	103
	5	1502	108	111	123	113	177	155	148	146	105	107	114	95
	6	1484	104	105	127	117	164	150	148	145	104	110	110	100
	7	1513	103	104	133	117	186	156	147	144	103	110	110	100
	8	1486	108	99	128	112	173	146	146	147	107	113	112	95
	9	1466	102	107	125	116	161	152	147	144	104	108	108	92
	10	1499	105	104	129	116	164	157	151	144	110	113	108	98
	11	1493	104	111	128	119	171	152	145	146	106	94	120	97
	12	1487	104	108	123	117	164	149	151	145	101	118	115	92
	13	1494	108	100	127	120	165	143	147	146	109	116	116	97
	14	1481	109	103	123	114	163	144	146	147	106	115	114	97
	15	1502	111	104	131	112	159	151	152	150	105	109	118	100
	16	1497	110	105	128	111	161	155	145	148	104	114	116	100
	17	1503	109	105	127	115	171	151	147	147	108	114	111	98
	18	1495	110	99	128	109	168	149	147	150	108	116	112	99
	19	1488	110	104	133	109	163	149	142	145	105	111	118	99
	20	1491	108	108	123	108	167	155	153	148	101	104	117	99
	21	1502	109	104	129	117	172	153	150	140	108	109	110	101
	22	1492	110	103	128	114	170	152	149	143	107	106	113	97
	23	1496	108	105	122	112	169	153	150	143	109	108	118	99

SPEED BY HOUR                                                                   														
	Hour	ALL	JAN	FEB	MAR	APR	MAY	JUN	JUL	AUG	SEP	OCT	NOV	DEC
	0	7.09	9.64	9.34	8.44	7.74	6.08	5.39	4.75	5.23	6.4	7.45	8.69	8.43
	1	7.09	9.35	9.4	8.29	7.65	6.11	5.42	4.64	5.18	6.4	7.32	8.57	9.27
	2	7.13	9.15	9.41	8.14	7.87	6.33	5.58	4.9	5.01	6.55	7.35	8.96	8.64
	3	7.06	9.14	9.16	8.1	7.67	6.16	5.66	4.9	5.23	6.33	7.28	8.88	8.37
	4	7.09	9.4	9.15	8.14	7.66	6.06	5.55	5	5.11	6.77	7.55	8.89	8.46
	5	7.06	9.27	9.1	8.16	7.43	5.87	5.7	4.99	5.16	6.6	7.61	8.84	8.65
	6	7.13	9.41	9.33	8.21	7.59	6.08	5.98	4.91	5.22	6.48	7.37	8.86	8.53
	7	7.15	9.22	8.98	8.31	7.67	6.31	5.84	5.04	5.19	6.44	7.5	9.16	8.66
	8	7.35	9.15	9.21	8.33	7.79	6.81	6.14	5.19	5.43	6.46	8	8.91	9.12
	9	7.45	9.47	9.54	8.05	7.85	6.87	6.67	5.28	5.47	6.66	7.85	9.09	8.83
	10	7.47	9.25	9.25	7.93	8.2	6.98	6.54	5.52	5.82	6.74	7.66	8.83	9.01
	11	7.55	9.09	9.58	7.95	8.3	7.19	6.63	5.45	5.8	7.01	7.71	9.03	8.57
	12	7.67	9.1	9.53	8.27	8.31	7.28	6.79	5.7	5.89	7.01	8.02	9.31	8.6
	13	7.63	9.02	9.6	8.11	8.34	7.4	6.88	5.73	5.87	7.14	7.71	8.88	8.54
	14	7.74	9.21	9.82	8.21	8.34	7.46	6.76	5.95	6.11	7.61	7.85	8.93	8.28
	15	7.69	8.92	9.8	8.57	8.01	7.28	6.82	5.9	6.06	7.14	7.78	9.26	8.44
	16	7.69	8.99	9.77	8.47	7.98	7.34	6.82	5.72	6.27	7.54	7.74	8.66	8.58
	17	7.64	9.34	9.81	8.69	7.97	7.31	6.58	5.47	5.96	7.31	7.71	8.72	8.73
	18	7.54	9.55	9.68	8.56	8.17	6.98	6.56	5.46	5.89	7.07	7.6	8.52	8.49
	19	7.42	9.45	9.39	8.64	7.73	6.64	6.23	5.44	5.96	6.94	7.45	8.54	8.26
	20	7.32	9.56	9.7	8.61	7.77	6.49	5.97	5.19	5.83	6.6	7.44	8.66	8.26
	21	7.23	9.87	9.3	8.58	7.84	6.26	5.96	5.01	5.59	6.48	7.25	8.67	8.13
	22	7.18	9.86	9.13	8.36	7.76	6.4	5.66	4.82	5.37	6.7	7.74	8.38	8.46
	23	7.11	9.68	9.23	8.29	7.72	6.03	5.46	4.71	5.33	6.72	7.27	8.53	9.12

POWER BY HOUR                                                                   														
	Hour	ALL	JAN	FEB	MAR	APR	MAY	JUN	JUL	AUG	SEP	OCT	NOV	DEC
	0	481	949	871	663	564	327	188	139	226	290	454	754	741
	1	488	935	939	690	498	362	197	127	206	293	402	691	913
	2	488	893	899	640	540	333	213	158	191	314	401	822	854
	3	480	886	856	615	506	328	230	151	209	282	430	790	831
	4	469	944	814	625	504	306	219	156	176	349	456	753	750
	5	460	898	766	605	485	289	222	153	198	325	450	731	814
	6	471	900	817	630	492	301	260	153	191	311	430	773	786
	7	474	883	741	666	487	306	254	162	199	327	438	842	795
	8	501	860	813	661	517	385	265	166	212	295	507	849	883
	9	507	932	929	595	516	379	299	153	201	328	504	853	827
	10	500	829	837	620	566	381	288	178	228	325	427	876	852
	11	509	860	910	609	566	405	291	162	210	351	407	873	790
	12	521	835	892	694	575	425	311	182	215	318	454	934	769
	13	499	774	855	619	576	435	302	189	205	356	399	826	766																									
	14	513	800	989	629	569	423	292	198	243	425	425	800	703																									
	15	504	759	1007	683	538	384	289	188	229	363	420	814	705																									
	16	505	740	990	659	534	385	292	174	258	435	422	775	729																									
	17	517	847	983	701	555	414	261	155	229	397	439	820	791																									
	18	506	897	1004	715	559	372	274	161	238	363	426	702	764																									
	19	500	892	966	731	508	336	252	170	235	355	449	738	692																									
	20	499	877	1045	700	547	335	221	146	230	301	453	815	725																									
	21	496	988	922	723	572	317	225	142	221	307	383	838	727																									
	22	485	996	774	699	541	331	209	137	211	335	443	701	854																									
	23	485	926	882	660	521	308	204	130	221	325	391	711	989																									

SPEED BY DIRECTION                                                              																																							
	Month	calm	0	10	20	30	40	50	60	70	80	90	100	110	120	130	140	150	160	170	180	190	200	210	220	230	240	250	260	270	280	290	300	310	320	330	340	350	360
	ALL	0	6.35	7.45	8.34	7.99	8.22	7.98	7.75	8.45	8.33	8.63	7.97	8.67	9.14	8.89	7.76	7.72	7.43	7.04	6.91	5.98	6.58	6.67	6.97	7.12	7.59	7.3	6.83	6.25	6.86	6.91	6.3	6.91	7.31	8.07	7.77	6.83	6.35
	1	0	8.2	9.9	12.9	11.6	11.8	10.8	9.3	8.1	8.9	6.9	7.5	8	7.1	9.6	10.1	10.6	10	8.4	9.8	8	9.2	9.1	10.2	9.4	10.9	11.3	10.6	9.6	9.1	7.8	7.2	7.2	8.9	10.2	10.4	9.7	8.2
	2	0	6.5	8.1	9.2	10.9	10.4	7.9	9.7	10	10.6	13	11.7	11.1	10.8	10.9	9.7	9.6	8.4	8.2	7.8	7.6	8.2	8.9	10.4	9.8	10.9	11	10.6	9	8	7.6	6.9	7.9	8	8.4	8.3	6.6	6.5
	3	0	7.5	8.4	8.5	8.5	8.9	8.9	8.9	10.2	9.6	10.4	9.1	9.6	10.2	9.9	7.1	6.8	7.2	6.7	6.1	6.5	6.7	6.9	7.1	6.9	7.1	8.6	8.8	7.5	7.6	6.6	6.7	8.7	8	7.7	7.7	7.4	7.5
	4	0	5.7	7.8	9.2	7.8	7.7	8.7	8.4	8.9	6.1	7.6	7.5	8.3	9.1	8.7	7.1	8	8.4	7	8.7	8.4	8.2	7.6	7.5	8.2	9.4	8.4	9	9.8	9	8.3	7.3	7.2	7	6.6	6.7	6.1	5.7
	5	0	4.7	6.2	6.7	5.9	6	6.8	5.9	8.9	9.5	9.3	7.9	8.6	9.4	8.9	7.9	7	6	6.6	6.5	6.2	7.4	6.6	6.8	6.1	6.3	6.5	6	5.6	6.6	6.4	5.2	6	6	5.9	5.9	5.5	4.7
	6	0	6.4	7.4	7.1	7	6.6	7.1	6.7	6.5	6.7	5.7	6.1	7.6	8.1	8.1	7.2	7.4	6.9	6.4	6	5.1	4.8	4.9	4.8	5.2	5	5.7	4.7	4.9	4.5	4.7	6.9	7.2	6	7.1	6.2	5	6.4
	7	0	4.5	5	5.5	6.3	6.1	6	6.7	6	6.1	6.8	6.8	6	5.5	6.3	5.5	6	6.7	6	5.8	4.5	4.5	4.7	5.3	5	4.7	4.6	4.1	4.1	5.4	5.3	5.9	6.3	6.4	5.9	4.8	4.9	4.5
	8	0	6	5.9	6.6	7.1	7.1	6	5.4	5.3	5.2	5.6	5.3	5.9	6.1	6.4	5.9	6.8	6.6	6.7	6.4	5.3	5.1	5	5.2	6.1	5.8	5.2	4.6	4.6	6.7	6.1	5.4	5.8	6.1	6.1	6	7.1	6
	9	0	5.8	7.2	7.2	7.3	7.9	8.7	6.9	6.6	5.6	6.2	5.7	7	7.2	7.1	6.8	7.2	7	6.7	5.7	5.5	7.1	7.3	7.6	7.5	8.2	7.5	6.8	5.5	6.2	5.9	5.9	7.7	7.3	7.5	6.9	6.1	5.8
	10	0	6.9	7.3	8.6	8.6	8.2	7.4	6.1	6.1	6.4	5.6	5.3	8.4	8.7	9	8.5	8.2	9.8	7.7	7.7	7.1	7.1	7.3	7.8	7.1	8	8.7	7.5	7.7	8.1	8.2	5.9	6.5	7.9	8.8	8.2	6.9	6.9
	11	0	6.6	8.6	9.1	8.5	9	7.7	8.6	8.9	8.4	8.9	9.4	11.1	10.6	9.4	8.7	9.2	8.8	8.7	9.3	8.4	8.4	8.6	8	9	9.5	9.8	10.4	8.7	9.1	7.9	7.7	7	8.6	10.1	9.2	7.5	6.6
	12	0	6.8	8.6	10.3	8.8	8.8	10.1	8.4	9	9	9.9	9.3	9.7	12.8	11.6	9.5	8.3	6.2	6.4	7.1	7.2	8.8	9.5	9	10.2	11.2	10.2	9.6	10.1	8.2	7.7	6	4.9	6.9	7.8	7.9	6.8	6.8
FREQUENCY BY DIRECTION                                                          																																							
	Month	calm	0	10	20	30	40	50	60	70	80	90	100	110	120	130	140	150	160	170	180	190	200	210	220	230	240	250	260	270	280	290	300	310	320	330	340	350	360
	ALL	2.45	2.22	3.1	3.16	3.32	3.07	3.93	3.28	3.3	2.58	2.84	2.7	3.12	2.83	2.86	2.27	2.14	2.21	2.2	1.82	3.04	3.08	2.7	2.39	2.7	2.96	3.01	2.77	2.49	2.32	2.17	2.37	2.76	3.2	3.85	3.13	2.12	2.22
	1	1.8	2.7	2.7	3.7	4.2	4.8	5.3	5.5	4.4	3.4	3.3	3.6	2.4	2	1.7	1.1	1.3	1.4	1	1.2	2.1	2.3	2.5	2	1.9	1.9	1.9	1.7	1.3	1.4	2.2	2.5	3	3.9	5.7	5.3	2.6	2.7
	2	1.7	1.7	1.2	2.1	2	1.3	2.5	4.1	4.5	3.8	4.4	3.3	5.3	4.6	5	5	3.7	3.1	1.9	1.5	1.9	2.6	2.1	1.9	2.7	3.1	2.1	1.9	1.2	1	1.7	1.8	2.9	3.2	3.7	3.2	1.7	1.7
	3	2.2	3.1	3	2.2	3.1	4	4.1	3.7	6.3	5	5.2	4.5	4.4	3.6	3.5	2.6	1.9	2.7	1.4	1	1	1.6	1.2	1.1	1.5	1.5	2.1	1.5	1.4	1.1	1.3	1.8	2.9	3.3	4.5	3.9	3.1	3.1
	4	1.4	2.2	3.7	5.2	4.3	3.7	4.3	3.3	3.1	1.8	2	1.9	3.1	2.4	3.2	1.6	1.4	2	2.5	1.7	2.4	3.2	2.6	3.2	2.7	3.3	2.4	2.7	2.8	2	2	2.5	2.5	4	4	2.5	1.4	2.2
	5	2.4	2.5	4.2	4	2.9	2.5	3	2.5	2.8	3.1	3.3	2.5	3.1	3	3.4	2.2	2.2	1.8	1.7	1.7	2.9	2.6	2.8	2.8	2.7	2.3	3.2	2.8	2.5	2.3	2.8	3.3	3.1	3.5	3.1	2.8	2.3	2.5
	6	3.7	1.6	3.5	3.2	5.3	3.7	6.4	3.9	2.7	2.7	2.8	2.9	4.6	3.8	3.3	2.2	3.1	2.8	3.1	3.1	3.6	3.2	1.8	2	2.2	2.6	2.5	3.2	2.4	2	1.2	2	1.7	1	1.4	1.6	0.9	1.6
	7	3.6	1.2	1.5	2.5	3.2	2.1	4	2.4	1.5	1.6	2.4	3.7	3.2	2.6	2.6	2.8	3.1	2.3	1.7	2.5	5.6	4.2	3.9	3.7	3.5	4	5.3	3.6	5.3	4.2	1.6	1.2	2.1	2	1.2	0.9	0.7	1.2
	8	3.8	1.8	3.2	3	2.8	2	3.8	2.1	1.2	1.1	1.9	1.6	1.8	1.6	1.6	2	1.6	2.4	3.3	3	7.4	5.9	5	3.2	3	3.6	3.3	4	3.2	3.4	2.1	2.4	2.5	3.2	2	1.7	2.2	1.8
	9	2.5	2.3	2.6	1.7	1.6	2.7	3.6	3.4	2.2	1.4	1.3	1.1	1.5	1.1	2.1	1.6	2.1	1.7	2.6	1.5	2.3	3.8	3.3	2.3	5	5	4.7	4.4	4	3.4	2.9	2.8	4.4	3.7	4.5	3.2	2.2	2.3
	10	1.2	2.7	3.2	3.3	3.3	2.1	2	2.2	2.3	1.3	1	0.9	1	1.5	1.2	1.1	1	1.3	2.3	1.3	2.3	2.6	2.7	3.1	3.6	3.5	3.6	3	2.2	3.6	3.4	3.1	4.1	5.5	8.6	6.4	3.8	2.7
	11	1.4	1.9	3.3	3.3	3	3.4	2.4	3	3.7	2.5	2.5	2.8	4.1	3.6	4.6	2.8	1.9	2.6	3	1.5	1.6	2.2	2	1.6	2.1	2.6	2.8	2.3	1.1	1.1	2.8	2.6	2.4	3.6	6.5	4.1	2.5	1.9
	12	2.7	3.5	4.7	3.8	3.8	5.1	5.5	4	6.8	3.6	4	3.5	2.5	4.2	1.9	2.2	2.1	2.4	1.7	0.9	1.2	1.9	1.8	1	1.4	2.1	1.4	1.6	1.6	1.5	2.3	2.4	1.8	2.1	3.4	3.6	2.7	3.5
FREQUENCY OF SPEED                                                              																																							
	Month	0	1	2	3	4	5	6	7	8	9	10	11	12	13	14	15	16	17	18	19	20	21	22	23	24	25												
	ALL	2.5	1.9	6.1	8.6	10.9	10.7	10.2	9.7	8.6	7.8	6.4	4.8	3.3	2.6	1.9	1.3	0.5	0.8	0.6	0.4	0.3	0.1	0.1	0.1	0	0												
	1	1.8	1.2	3.8	5.3	6.1	6	7.3	7.7	8	9	9.7	7.4	6.9	5.6	3.7	3.3	1.6	2.1	2	1.1	0.5	0.2	0	0	0	0												
	2	1.7	1.1	2.1	3.3	6	8	8.3	8.9	9.4	9.1	9.5	7.9	6	5	4	3	0.8	1.5	1.3	1	1	0.5	0.3	0.2	0.1	0.1												
	3	2.2	1.2	4.4	6.2	8.3	9.1	9.4	9.8	8.5	8.6	7.6	5.9	4.6	4.3	3.5	2.4	0.8	1.1	0.8	0.5	0.4	0.2	0.2	0	0	0												
	4	1.4	1.2	4.1	7.5	8.6	9.5	9.8	10.9	9.5	10.6	8.5	6.4	3.9	2.7	2	1.1	0.5	1.2	0.3	0.2	0.2	0	0	0.1	0	0
	5	2.4	2	7.7	10.9	13.6	10.7	10.7	8.7	8.2	8.6	5.7	3.5	2.2	1.7	1.6	0.9	0.3	0.4	0.2	0	0	0	0	0	0	0
	6	3.7	2.3	7.7	9	12.7	13.8	12.1	12.5	9.4	6.8	4.2	2.5	2	0.8	0.4	0.1	0	0	0	0	0	0	0	0	0	0
	7	3.6	3	10.1	14.4	17.5	15.7	12.1	9.3	5.6	3.7	2.6	1.5	0.5	0.4	0.1	0	0	0	0	0	0	0	0	0	0	0
	8	3.8	3.7	9.5	13.6	16.8	12.9	10.2	8.6	6.7	5	3.9	2.5	1.3	0.8	0.3	0.1	0	0.1	0.1	0.1	0	0	0	0	0	0
	9	2.5	2	6	8.9	11.1	12.7	11.6	9.6	10.1	8.4	6.4	4.7	2.8	1.7	0.7	0.5	0.2	0.2	0	0	0	0	0	0	0	0
	10	1.2	1.4	4.6	5.9	8.5	10.2	11.9	12.1	11.2	10.2	7.2	6.1	3.8	2.8	1.4	0.8	0.3	0.2	0.2	0	0	0	0	0	0	0
	11	1.4	1.2	4.4	6.1	7.1	8.7	9	8.8	8.8	7.4	8.1	7.4	5	4.5	3.1	2.2	1.1	1.7	1.3	0.7	0.8	0.3	0.4	0.4	0.1	0
	12	2.7	1.4	4.5	7.1	7.9	7.3	8	9.7	9.9	9	6.6	5.4	3.7	3.7	3.2	2.3	1.1	1.9	1.8	1.4	0.6	0.3	0.2	0.2	0.2	0
PERCENT OF POWER BY SPEED                                                       																											
	Month	0	1	2	3	4	5	6	7	8	9	10	11	12	13	14	15	16	17	18	19	20	21	22	23	24	25
	ALL	0	0	0.1	0.4	1.2	2.2	3.5	5.1	6.7	8.7	9.6	9.4	8.4	8.5	7.4	6.2	2.8	5	4.5	3.3	2.9	1.3	1.1	1	0.5	0.2
	1	0	0	0	0.1	0.4	0.7	1.4	2.3	3.6	5.8	8.4	8.3	9.9	10.3	8.5	9.2	5	7.6	8.7	5.3	3.2	1.1	0	0	0	0
	2	0	0	0	0.1	0.4	0.9	1.6	2.6	4	5.7	7.9	8.5	8.5	9	8.8	8	2.4	5.6	5.4	5	6.1	3.5	2.1	1.8	1.2	0.9
	3	0	0	0.1	0.2	0.7	1.4	2.4	3.9	5	7.2	8.6	8.7	8.8	10.4	10.5	8.8	3.3	5.3	4.5	3.1	3.1	1.5	1.7	0.4	0	0.5
	4	0	0	0.1	0.3	0.9	1.8	3.2	5.4	6.9	11	11.9	11.6	9.2	8	7.6	4.8	2.6	7.1	1.9	1.9	1.8	0.4	0.5	1.1	0	0
	5	0	0	0.2	0.7	2	3	5.1	6.4	8.8	13.3	11.8	9.4	7.7	7.7	8.5	5.7	2.5	3.6	2.6	0.6	0.3	0	0	0	0	0
	6	0	0	0.3	0.9	2.7	5.6	8.1	12.7	14	14.5	12.2	9.6	10.1	4.8	3	1.3	0.3	0	0	0	0	0	0	0	0	0
	7	0	0	0.6	2.2	5.7	9.7	12.6	15	13	12.2	11.6	8.7	3.6	3.8	1.3	0	0	0	0	0	0	0	0	0	0	0
	8	0	0	0.4	1.5	4.1	5.8	7.9	10.2	11.5	12.3	12.8	11	7	5.8	2.6	1.6	0	1.2	2	1.7	0.7	0	0	0	0	0
	9	0	0	0.2	0.7	1.7	3.7	5.8	7.3	11.2	13.4	13.8	13.3	10	7.7	4.4	3.3	1.6	1.9	0	0	0	0	0	0	0	0
	10	0	0	0.1	0.3	1	2.4	4.7	7.2	9.9	13	12.1	13.5	10.7	10	6	4.3	1.7	1.1	1.6	0.4	0	0	0	0	0	0
	11	0	0	0	0.2	0.5	1.1	1.9	2.9	4.2	5.1	7.5	8.9	7.9	9	7.7	6.4	3.9	6.7	6	4.1	5.5	1.9	3.5	3.6	0.8	0.5
	12	0	0	0	0.2	0.5	0.9	1.7	3.2	4.8	6.3	6.2	6.7	6	7.6	8	7.1	4	7.6	8.9	7.9	4.1	2.7	1.5	1.7	2.4	0
PREVAILING DIRECTION BY HOUR                                                    																											
	Month	0	1	2	3	4	5	6	7	8	9	10	11	12	13	14	15	16	17	18	19	20	21	22	23		
	ALL	50	50	320	50	70	50	50	60	60	50	50	250	250	260	250	240	40	190	110	30	330	330	30	330		
	1	330	100	30	340	100	50	50	340	340	340	50	50	40	40	40	40	40	60	20	30	50	330	330	330		
	2	120	120	110	130	130	130	210	90	130	60	70	330	110	80	90	70	150	110	140	70	120	140	110	80		
	3	90	90	10	70	70	70	90	70	70	70	70	70	40	70	330	110	10	320	60	80	70	40	90	110		
	4	30	20	310	40	20	320	20	30	20	10	50	20	20	40	200	130	30	190	10	30	30	20	20	30		
	5	20	320	30	20	70	50	110	300	10	60	110	250	250	110	250	250	250	10	10	320	100	20	80	90		
	6	50	50	10	30	20	30	30	120	40	50	70	200	110	260	50	50	30	30	40	50	50	50	50	50
	7	280	270	280	190	280	50	50	270	190	270	200	190	200	200	250	250	240	190	190	190	190	270	30	20
	8	190	190	300	50	190	200	200	200	190	190	190	260	190	190	200	190	190	190	190	190	190	30	60	190
	9	50	60	320	60	340	330	350	240	230	330	230	240	240	200	250	240	250	250	270	240	230	250	250	230
	10	310	330	240	320	330	330	330	330	330	330	210	330	330	320	330	330	340	330	330	330	340	330	340	290
	11	330	330	330	130	70	320	120	340	130	330	110	330	330	330	40	30	330	100	330	330	330	330	170	330
	12	70	40	70	340	70	70	70	60	120	70	50	20	10	20	10	50	50	40	80	50	70	70	30	70
SPEED FOR PREVAILING DIRECTION BY HOUR                                          																									
	Month	0	1	2	3	4	5	6	7	8	9	10	11	12	13	14	15	16	17	18	19	20	21	22	23
	ALL	7.36	6.75	7.11	7.33	6.96	7.97	8.27	6.94	7.2	7.93	8.38	6.64	6.54	6.48	5.97	7.18	9.01	6.38	8.9	7.57	7.98	8	7.4	8.41
	1	8.79	6.17	10.79	11.46	7.11	10.93	13.06	10.22	8.1	10.61	11.84	8.73	10.93	12.46	10.28	10.52	12.39	10.18	9.77	10.29	9.71	10.7	10.29	9.98
	2	8.34	12.15	11.52	11.08	9.47	10.22	10.98	11.97	10.49	8.09	8.44	8.18	11.16	10.96	15.2	11.1	11.37	12.23	11.24	11.4	11.48	8.93	10.51	9.03
	3	10.54	8.53	8.41	11.1	8.38	8.9	9.39	11.13	9.06	8.69	8.94	8.6	7.71	9.3	6.94	8.87	5.44	8.16	8.7	12.73	11.27	9.14	7.87	8.16
	4	6.77	8.81	7.52	6.7	7.86	5.51	9.27	9.58	9.03	8.01	8.49	8.81	7.94	9.04	6.54	8.06	7.86	9.19	9.7	6.93	8.1	9.32	8.69	6.6
	5	5.72	5.11	5.25	6.73	7.57	5.75	7.15	5.09	4.87	6.17	7.86	6.94	6.49	9.33	5.41	5.91	5.03	6.39	5.9	6.03	7.42	5.14	8.24	10.97
	6	6.33	5.98	6.56	7.22	7.2	6.35	6.4	6.84	6.62	7.54	6.33	3.74	9	5.72	7.39	7.5	7.57	7.02	7.03	7.27	6.64	7.24	6.73	6.4
	7	5.8	3.66	5.33	4.74	4.97	5.59	4.49	3.66	3.97	3.74	3.72	4.15	4.43	4.67	4.16	4.94	4.59	5.23	5.29	4.49	3.63	4.16	4.92	4.34
	8	5.76	5.6	5.31	6.36	4.56	5.13	5.34	4.97	4.63	5.49	4.86	2.91	5.71	5.7	5.23	5.3	5.53	5.81	4.69	4.68	5.66	6.89	4.74	6.49
	9	7.55	6.69	6.83	7.37	7.27	8.04	5.77	9.33	7.97	6.61	9.97	7.79	6.38	7.21	5.09	7.38	7.92	7.59	5.4	7.45	6.97	6.23	7.83	6.98
	10	6.55	7.24	8.89	7.14	9.68	9.1	7.72	9.9	9.47	9.36	8.16	9.83	8.51	7.36	9.72	8.97	8.45	9.1	8.48	10.86	8.18	8.18	9.12	7.57
	11	11.19	9.77	10.2	10.06	6.54	7.97	12.39	9.19	11.69	8.86	9.82	9.1	8.09	7.94	7	7.86	8.73	6.26	7.47	9.24	9.25	11.59	7.56	11.6
	12	9.77	7.79	8.73	7.49	7.2	8.01	7.36	8.69	11.04	7.32	12.01	11.07	7.55	10.62	7.39	10.65	9.41	9.46	8	9.9	8.55	8.8	7.43	9.14
