SAINT MARY'S (AWOS) AK - 702093                                                 														
 62 deg    04' N  163 deg    18' W - Elev   95m   LST=GMT+99 hours   *NT=-11    														
 02/85-10/89                                                                    				Adjusted to Alaska Timezone (GMT-9)										
SPEED BY YEAR                                                                   														
	Year	ALL	JAN	FEB	MAR	APR	MAY	JUN	JUL	AUG	SEP	OCT	NOV	DEC
	ALL	3.9	5.43	5.99	4.78	4.46	3.88	3.12	2.91	3.06	2.98	2.72	2.97	4.47
	1985	4.29	-1	4.14	5.07	3.03	-1	-1	-1	-1	-1	2.53	4.27	5.79
	1986	4.13	4.5	5.85	4.18	3.87	4.27	3.29	3.25	4.07	4.78	3.55	4.65	5.38
	1987	3.48	5.25	5.18	4.97	4.13	3.48	3.48	2.24	2.63	2.47	2.29	2.49	3.29
	1988	3.88	6.49	7.64	4.56	5.02	3.55	2.66	2.97	2.86	1.52	2.22	2	4.57
	1989	4.11	4.76	6.45	5.1	5.44	4.19	3.08	3.17	2.65	2.77	2.68	-1	-1
POWER BY YEAR                                                                   														
	Year	ALL	JAN	FEB	MAR	APR	MAY	JUN	JUL	AUG	SEP	OCT	NOV	DEC
	ALL	99	216	267	150	131	68	38	31	37	45	32	54	133
	1985	120	-1	94	179	38	-1	-1	-1	-1	-1	16	152	234
	1986	90	117	239	95	80	82	48	47	70	118	53	133	171
	1987	73	213	165	168	87	52	50	12	26	17	21	25	52
	1988	119	278	503	143	164	54	21	35	32	5	21	12	159
	1989	111	202	260	164	231	81	34	31	19	26	24	-1	-1
NUMBER OF SPEED OBSERVATIONS BY YEAR                                            														
	Year	ALL	JAN	FEB	MAR	APR	MAY	JUN	JUL	AUG	SEP	OCT	NOV	DEC
	ALL	27406	1999	2187	2931	2783	2589	2498	2500	2492	2315	2067	1524	1521
	1985	1367	0	411	532	283	0	0	0	0	0	45	36	60
	1986	6310	362	103	579	603	652	583	615	637	639	669	435	433
	1987	6942	504	508	675	643	615	624	614	620	545	618	518	458
	1988	7087	689	546	539	606	640	639	669	633	496	525	535	570
	1989	5700	444	619	606	648	682	652	602	602	635	210	0	0
NUMBER OF SPEED OBSERVATIONS BY HOUR                                            														
	Hour	ALL	JAN	FEB	MAR	APR	MAY	JUN	JUL	AUG	SEP	OCT	NOV	DEC
	0	1071	74	83	110	110	109	95	107	94	89	86	60	54
	1	1168	89	101	130	123	110	102	104	93	90	84	72	70
	2	1074	75	84	110	109	106	103	99	99	91	88	55	55
	3	1181	89	106	130	122	105	104	96	103	96	83	72	75
	4	1030	70	77	107	103	107	94	95	91	94	86	49	57
	5	1161	88	106	132	116	105	99	96	105	95	79	65	75
	6	1064	78	87	106	115	107	104	91	99	95	78	50	54
	7	1175	84	105	129	121	109	105	103	102	92	83	69	73
	8	1065	76	81	107	102	108	103	102	91	99	87	53	56
	9	1166	87	101	136	115	103	103	105	112	84	82	66	72
	10	1052	74	80	106	101	100	108	99	108	95	77	50	54
	11	1193	90	101	139	121	102	104	110	111	97	82	66	70
	12	1128	83	76	119	118	107	104	105	110	106	88	53	59
	13	1193	90	97	137	120	108	107	105	109	98	86	67	69
	14	1114	79	78	121	115	93	101	106	110	101	91	59	60
	15	1191	85	94	131	118	110	106	109	108	99	87	73	71
	16	1136	76	81	110	115	114	110	110	106	104	89	66	55
	17	1226	94	102	129	122	110	111	112	106	104	94	72	70
	18	1156	83	80	123	117	112	113	109	110	104	93	62	50
	19	1231	91	100	129	124	116	112	109	109	102	91	74	74
	20	1169	88	82	123	121	112	111	107	111	94	95	67	58
	21	1207	87	103	131	119	111	107	107	106	98	92	73	73
	22	1099	82	87	112	119	113	94	107	100	97	84	56	48
	23	1156	87	95	124	117	112	98	107	99	91	82	75	69

SPEED BY HOUR                                                                   														
	Hour	ALL	JAN	FEB	MAR	APR	MAY	JUN	JUL	AUG	SEP	OCT	NOV	DEC
	0	3.6	5.84	6.34	4.5	3.8	3.31	2.51	2.46	2.67	2.84	2.51	2.78	4.31
	1	3.71	5.55	5.84	4.52	3.9	3.4	2.46	2.54	2.82	2.97	2.56	3.02	4.72
	2	3.54	5.5	5.95	4.53	3.94	3.34	2.56	2.41	2.62	2.65	2.54	2.71	4.24
	3	3.61	5.25	5.46	4.73	3.82	3.33	2.35	2.31	2.72	2.86	2.58	2.99	4.4
	4	3.58	5.4	5.93	4.66	4.12	3.29	2.36	2.53	2.8	2.77	2.38	3.09	4.23
	5	3.62	5.49	5.78	4.36	3.78	3.35	2.4	2.35	2.76	2.77	2.58	2.98	4.38
	6	3.64	5.58	5.82	4.83	4.12	3.41	2.51	2.5	2.76	2.62	2.57	2.68	4.41
	7	3.68	5.17	5.48	4.49	4.01	3.63	2.64	2.56	2.88	2.84	2.55	3.17	4.47
	8	3.69	5.5	5.88	4.72	4.14	3.7	2.91	2.75	2.91	2.92	2.43	2.7	3.91
	9	3.88	5.35	5.71	4.66	4.39	3.85	2.98	2.91	3.15	3.08	2.55	3.1	4.27
	10	4.01	5.57	6.07	4.77	4.96	4.07	3.39	3.03	3.21	3.23	2.68	2.64	4.54
	11	4.12	5.31	5.47	4.85	4.86	4.17	3.49	3.11	3.41	3.38	2.98	3.13	4.68
	12	4.12	5.11	5.96	5.01	4.86	4.22	3.68	3.21	3.39	3.33	3.15	2.78	4.65
	13	4.25	5.27	5.86	4.77	5.25	4.31	3.65	3.17	3.34	3.42	3.24	3.48	4.95
	14	4.17	5.24	5.59	5.22	5.15	4.45	3.6	3.31	3.36	3.17	3.29	2.83	4.79
	15	4.32	5.33	6.25	5.32	5.14	4.33	3.78	3.27	3.46	3.28	3.29	3.16	4.94
	16	4.22	5.14	6.43	5.38	5.25	4.45	3.84	3.35	3.57	3.08	3	2.51	4.7
	17	4.39	5.57	6.53	5.31	5.31	4.6	3.84	3.36	3.64	3.19	2.86	3.21	4.75
	18	4.2	5.33	6.46	5.09	5.04	4.59	3.67	3.4	3.58	3.07	2.79	2.81	4.65
	19	4.18	5.78	6.38	4.84	4.76	4.56	3.67	3.48	3.25	2.82	2.7	3.17	4.42
	20	3.89	5.3	6.56	4.49	4.41	4.21	3.56	3.29	2.93	2.79	2.52	2.87	3.83
	21	3.83	5.51	6.2	4.41	3.99	3.9	3.25	3.07	2.73	2.79	2.57	3.19	4.28
	22	3.63	5.57	5.98	4.63	4.06	3.39	2.8	2.64	2.53	2.78	2.44	2.85	4.05
	23	3.68	5.75	6.11	4.74	3.89	3.26	2.57	2.4	2.61	2.86	2.55	3.06	4.31

POWER BY HOUR                                                                   														
	Hour	ALL	JAN	FEB	MAR	APR	MAY	JUN	JUL	AUG	SEP	OCT	NOV	DEC
	0	93	276	323	131	99	44	22	21	30	44	28	44	117
	1	94	229	272	123	102	50	22	22	32	46	26	54	151
	2	83	231	267	124	97	44	24	17	26	33	25	44	114
	3	90	221	207	170	99	53	20	16	27	37	25	54	117
	4	90	195	262	159	122	53	22	24	33	39	20	62	139
	5	90	208	253	136	97	50	20	21	27	33	27	45	124
	6	92	227	251	165	126	51	20	22	29	36	28	41	111
	7	92	197	229	147	125	53	25	24	30	37	26	58	128
	8	89	220	269	148	119	58	27	26	33	44	24	42	92
	9	100	209	270	141	135	65	32	32	39	42	26	55	127
	10	101	230	290	137	162	67	50	33	38	49	29	31	141
	11	105	213	211	155	166	76	48	36	43	54	41	56	140
	12	102	184	237	164	151	80	53	40	43	57	42	43	154
	13	106	178	212	147	175	81	51	38	44	54	50	80	163																									
	14	106	180	208	187	167	90	52	46	45	52	47	43	168																									
	15	115	182	263	185	163	90	55	42	51	57	45	68	174																									
	16	110	200	316	171	167	88	58	41	55	43	39	34	158																									
	17	121	234	308	168	169	95	57	43	54	55	34	70	160																									
	18	109	216	303	158	156	94	55	43	53	51	33	52	139																									
	19	112	260	303	149	129	96	57	44	42	42	33	74	129																									
	20	98	212	333	132	117	84	50	37	32	37	24	48	108																									
	21	94	221	285	121	98	63	39	31	30	43	27	71	115																									
	22	88	232	270	132	100	49	29	24	26	44	26	49	100																									
	23	93	223	280	152	96	55	21	21	26	43	27	58	112																									

SPEED BY DIRECTION                                                              																																							
	Month	calm	0	10	20	30	40	50	60	70	80	90	100	110	120	130	140	150	160	170	180	190	200	210	220	230	240	250	260	270	280	290	300	310	320	330	340	350	360
	ALL	0	2.79	2.74	3.11	4.11	4.92	5.64	6.75	5.73	4.62	4.29	4.28	4.34	3.67	3.61	4.56	4.43	3.78	3.55	3.63	3.88	3.63	3.19	2.74	2.41	2.2	2.79	3.1	2.9	3.17	3.48	3.68	4.17	4.21	4.39	3.92	2.99	2.79
	1	0	2.8	2.6	3.3	4.9	5.8	6.2	8.6	7.9	7	5.7	6.2	6.4	5.5	5.6	8.2	8.4	4.8	5.9	4.9	5.1	2.3	2.4	6.1	1.4	1.8	1.8	3.5	2.7	2.5	2.6	4.3	4.9	4.8	4.7	3.6	3.9	2.8
	2	0	3.8	3.1	3.4	4.9	6.2	7.7	10	7.8	5.7	6.3	6.1	6.6	6.4	6.5	6.8	5.8	5.5	3.8	4.2	2.8	1.4	3.1	3.7	2.9	2.8	6	6.8	5.9	1.2	1.9	5.1	5.4	5.1	5.7	6	4.3	3.8
	3	0	3.7	3.6	3.7	5.3	5.7	6	7.4	6.6	5.5	4.2	4.7	4.3	5.5	5	4	5	4.5	4.3	4	4.8	3.9	4.9	3.6	3.8	3.2	3.9	3.7	3.6	2.7	3.1	3.7	4.7	5.1	4.3	4.2	3.6	3.7
	4	0	2.6	2.1	3	3.8	4.6	5.4	6.3	6	4.6	5.1	5.8	6.8	5.3	4.9	3.7	3.9	2.6	2.8	2.8	2	1.5	2.1	3	2.7	2	2	2.7	3.2	3.9	4.1	3.6	4.1	5.2	5.3	4.8	3	2.6
	5	0	3.3	2.1	2.2	2.8	3.1	3.8	4.6	4.6	4.2	3.6	3.5	4.1	4	4.1	4.2	4	3.5	4.1	3.8	3.5	3.8	3.2	2.3	2.1	2.9	3.2	3.5	3.6	3.6	4.9	4.5	4.8	4.8	4.6	3.9	3	3.3
	6	0	2.7	2.2	1.9	2.2	2.6	2.6	4.2	4.4	4.1	4	3.7	3	3.1	3.2	3.6	3.1	2.6	2.1	1.7	2.2	3.4	3.3	2.6	2.7	2.6	2	2.9	3.1	3.4	3.8	3.9	3.6	2.8	3.3	2.6	2.2	2.7
	7	0	2.4	2.6	1.6	1.5	2.4	3.4	3.1	3.6	2.9	2.4	2.6	2.6	2.8	2.7	3.3	2.6	3.1	2.8	3.4	3.9	3.8	3.6	2.8	2.7	2.2	3.1	3.1	2	2.6	2.1	2.5	3.6	3.7	4.4	3.7	2.5	2.4
	8	0	1.7	3	1.5	1.9	3.4	3.3	3.8	3.4	3.6	3.9	3.4	3.7	2.8	2.9	3.8	3.8	4.9	4.5	3.5	3.8	3.5	3.1	2.6	2.3	2.1	2.3	2.3	2.4	2.1	2.3	1.8	2.3	3	2.7	2.6	1.9	1.7
	9	0	2.6	1.5	2.3	3.7	4.9	5.1	5.2	4.7	4.2	5.2	3.9	3.8	2.4	2.6	5.1	4.2	3.2	2.6	2.7	2.9	3.6	3.4	2.5	1.7	1.9	2.6	2.9	2.8	3.8	3.4	3	3.1	2.7	3.3	3	1.9	2.6
	10	0	2.4	2.9	3.4	4	4.9	4.5	4.2	2.8	4.2	4.2	3.5	3	2.3	2.4	2.7	3.7	3	2.2	2.3	2.6	3.2	2.4	1.4	2.2	2	2.4	2.5	1.2	2.3	3.2	4	3.7	3.6	3.4	2.2	1.6	2.4
	11	0	1.1	1.8	2.6	5	6.6	7.1	6.1	6.2	4.6	2.7	2.9	1.7	2.4	2.5	3.5	4.2	3.2	0.9	1.2	1.9	3	1.4	1.8	1.5	1.5	3.1	2.5	2.4	2.3	2.4	1.9	2.3	3.4	2.1	2	1.3	1.1
	12	0	2.7	3.6	4.4	4.6	5.4	7.5	7.2	6	4.5	5.2	5.9	5.9	3.8	3.6	4.8	4.3	4.5	4.2	6.2	6.9	6	1.3	1.1	0.7	0.7	1.5	2.1	2.3	3	2.4	2.3	2.2	1.9	1.7	2.3	2	2.7
FREQUENCY BY DIRECTION                                                          																																							
	Month	calm	0	10	20	30	40	50	60	70	80	90	100	110	120	130	140	150	160	170	180	190	200	210	220	230	240	250	260	270	280	290	300	310	320	330	340	350	360
	ALL	6.18	5.02	3.32	2.35	2.26	2.65	2.71	3.45	3.52	3.33	2.67	1.92	1.82	13.87	19.48	1.74	1.63	1.31	1.16	1.32	1.36	1.12	0.96	0.75	0.85	0.9	0.93	0.96	1.07	1.2	1.2	1.4	1.33	2.43	2.27	2.72	3.01	5.02
	1	3.3	5.2	3	3.5	3.3	4.4	3.5	4.5	6.2	4.5	2.6	1.2	0.6	14.4	18.6	1.7	2.4	0.9	1.2	0.5	0.2	0.1	0.6	0.3	0.2	0.6	0.3	0.5	0.5	0.6	0.5	1.3	1.7	2	3	2.2	4.2	5.2
	2	2.1	6.5	4.9	4.3	3.3	4.4	5.9	8.2	5.8	2.9	2.3	1.9	2.1	9.5	12.8	1.4	0.4	0.4	0.9	0.8	0.5	0.2	0.2	0.4	0.2	0.4	0.5	0.5	0.1	0.2	0.1	0.5	1.3	2.2	3.4	4.7	5.5	6.5
	3	3.6	6.8	5.5	4.9	4.4	4.2	3.7	4.8	4.5	4	2.2	1.8	1	9	11.9	0.8	1.4	1.5	1.2	1.3	1	0.9	0.6	0.7	0.4	0.3	0.9	0.5	0.7	1	1.3	1.3	1.4	1.9	2.7	4.3	5.4	6.8
	4	3.7	3.2	2.4	3	2.1	2.3	3	4.2	3.2	3.4	3	2.2	1.9	11.9	16.1	0.8	0.9	0.9	0.6	1	0.2	0.4	0.3	0.8	1.1	1.7	1.4	1.2	2.1	2	1.9	2.6	1.9	3.7	4.3	5.1	3.3	3.2
	5	3.6	3.6	2.6	1.9	1.7	2	2	2	2.2	3.6	3	2.5	2.4	13.7	18.9	2.7	2.2	1.1	1	0.9	0.7	0.4	0.5	0.6	0.7	1	0.8	1.2	1.9	1.7	2.4	3.3	2.6	3.7	3	2.7	2.7	3.6
	6	6.2	4.8	6.8	1.5	1.8	1.7	1.3	2.9	2.8	4.5	4.9	3.2	3.1	14.5	21	2.1	1.4	1	0.5	0.6	1.2	1.2	1.2	0.9	1.7	1.1	0.8	1.1	1.2	1.5	1.2	1.1	0.6	0.8	1.3	1.1	1.6	4.8
	7	7.1	3	5.4	1.5	1.4	1.3	1.4	2.2	3.1	3.7	2.9	2.6	2	12.4	18.4	1.7	1.7	1.5	1.7	1.8	3.2	3.4	2.7	1.2	1.4	1.1	1.2	1.6	1.2	1.2	1.3	1.2	1.3	2.1	2.2	2	1.8	3
	8	7.3	5.8	2.1	0.9	0.8	2	2.2	2.8	5.7	4.7	4.9	2.5	4.2	12.6	20.6	1.8	1.8	2.2	1.6	1.5	1.6	1.9	1.6	1.1	1.4	1.4	1.1	1	0.8	0.8	0.8	0.5	0.4	0.9	1	1.2	1.8	5.8
	9	10.1	6.4	0.3	0.2	0.6	1.2	1.3	1.4	1.2	0.8	0.9	0.9	0.9	16.8	25.4	3.5	3.4	2.9	2.5	3.2	3.3	1.9	1.7	1	0.9	1.2	2.2	1.9	1.6	2.3	1.4	1.6	1.3	0.9	0.8	1.3	1.1	6.4
	10	12.7	9.1	2.3	2.9	2.9	3.3	2.3	1.1	0.5	1.1	0.8	0.5	0.4	21.4	28.4	0.5	0.4	0.2	0.5	0.8	1.2	1.1	0.3	0.4	0.7	0.7	0.8	0.7	0.5	0.8	1.5	1.3	1.5	2.4	1.7	2.4	2.6	9.1
	11	10.5	1.7	0.7	0.5	0.9	2	3.7	2.4	2.8	1.6	0.9	0.6	0.3	19.6	29.2	1	1.4	1	0.4	0.4	0.3	0.5	0.7	0.7	0.5	0.7	0.3	0.4	1.1	0.7	0.7	0.7	1	9.6	2.6	4.2	4.1	1.7
	12	7.2	2.9	1.5	2.2	4.1	3.4	2.8	5.6	4.3	4.5	2.5	2.1	2	15.8	18.7	3	2.6	2.2	1.7	3.4	3.5	1.1	0.7	0.6	0.7	0.2	0.2	0.4	0.7	1.1	0.7	0.5	0.2	0.7	0.5	0.9	2	2.9
FREQUENCY OF SPEED                                                              																																							
	Month	0	1	2	3	4	5	6	7	8	9	10	11	12	13	14	15	16	17	18	19	20	21	22	23	24	25												
	ALL	6.2	16.9	19.7	16.1	12.2	9.1	6.8	4.4	3.4	1.9	1.5	0.9	0.5	0.3	0.2	0	0	0	0	0	0	0	0	0	0	0												
	1	3.3	11.7	12.5	12.1	9.5	8.8	10.7	8.2	7.8	5.1	4.6	2.5	1.6	1.2	0.5	0.1	0.2	0.1	0	0	0	0	0	0	0	0												
	2	2.1	6.6	10.6	10.9	12.5	11.5	11.2	7.8	7.9	5	5.3	3.4	2	1.4	0.9	0.2	0.2	0.1	0.2	0.1	0	0	0	0	0	0												
	3	3.6	11.8	14.8	14.5	12.7	11.3	8.2	7	7.3	3.8	2	1.2	0.7	0.4	0.4	0.1	0	0	0	0	0	0	0	0	0	0												
	4	3.7	14	17.4	14.2	12.5	10.8	9.5	6.2	4.2	2.6	2	1.1	0.7	0.5	0.5	0	0	0	0	0	0	0	0	0	0	0
	5	3.6	13.2	18.8	18.5	15.9	12.6	9.1	4.8	2.4	0.8	0.3	0	0	0	0	0	0	0	0	0	0	0	0	0	0	0
	6	6.2	18.8	25.1	20.7	13.8	7.6	4.4	2.2	0.9	0.2	0.1	0	0	0	0	0	0	0	0	0	0	0	0	0	0	0
	7	7.1	20.2	28.9	19.8	11.6	6.6	3.3	1.6	0.6	0.2	0	0	0	0	0	0	0	0	0	0	0	0	0	0	0	0
	8	7.3	19.4	24.8	20.8	12.5	7.3	4.1	2.3	1.2	0.3	0	0	0	0	0	0	0	0	0	0	0	0	0	0	0	0
	9	10.1	23.7	22.5	16.5	11.1	6.7	4.4	2	1.6	0.4	0.4	0.3	0.1	0	0	0	0	0	0	0	0	0	0	0	0	0
	10	12.7	25.3	21.4	15.3	11.5	8	3.1	1.8	0.4	0.3	0.1	0	0	0	0	0	0	0	0	0	0	0	0	0	0	0
	11	10.5	29.3	20	14	7.9	6.1	4.5	3.1	1.8	1.1	1.1	0.2	0.1	0.1	0	0	0	0	0	0	0	0	0	0	0	0
	12	7.2	12.4	17.4	12.5	11.7	10.6	8.1	6	4.8	3.7	2.6	2	0.7	0.1	0.1	0	0	0	0	0	0	0	0	0	0	0
PERCENT OF POWER BY SPEED                                                       																											
	Month	0	1	2	3	4	5	6	7	8	9	10	11	12	13	14	15	16	17	18	19	20	21	22	23	24	25
	ALL	0	0.2	1.6	3.7	6.1	8.5	10.7	10.9	12.5	9.9	10.3	7.8	5.8	4.8	3.9	0.8	0.7	0.3	0.5	0.5	0.2	0	0	0	0	0
	1	0	0.1	0.5	1.3	2.2	3.9	7.9	9.2	13.2	12	14.9	10.6	8.5	8.5	4.4	0.5	1.7	0.7	0	0	0	0	0	0	0	0
	2	0	0	0.3	0.9	2.4	4	6.7	7.1	10.8	9.8	13.7	11.5	9	7.7	6	1.9	1.8	1	2.5	2.1	0.8	0	0	0	0	0
	3	0	0.1	0.8	2.2	4.2	6.8	8.7	11.6	18	13.1	9.5	7.2	5.8	4.6	5.4	1.5	0.6	0	0	0	0	0	0	0	0	0
	4	0	0.1	1.1	2.4	4.7	7.7	11.4	11.6	11.5	10.2	10.9	7.8	6.4	6.2	7.5	0.6	0	0	0	0	0	0	0	0	0	0
	5	0	0.3	2.2	6.3	11.6	17.2	21.2	17.1	12.5	5.9	3.6	0.5	0.7	0.9	0	0	0	0	0	0	0	0	0	0	0	0
	6	0	0.7	5.4	12.4	17.6	18.3	18.1	14.4	8.3	2.6	1.4	0.9	0	0	0	0	0	0	0	0	0	0	0	0	0	0
	7	0	0.9	7.7	14.3	18.4	19.3	16.5	12.7	6.9	2.5	0.8	0	0	0	0	0	0	0	0	0	0	0	0	0	0	0
	8	0	0.7	5.5	12.8	16.4	18.1	16.8	15	10.9	3.7	0	0	0	0	0	0	0	0	0	0	0	0	0	0	0	0
	9	0	0.7	4.1	8.6	12.1	13.9	15.4	11.1	13.7	5	6.1	7.2	2.2	0	0	0	0	0	0	0	0	0	0	0	0	0
	10	0	1	5.3	11.1	18	23.5	14.5	13.7	5	4.9	3	0	0	0	0	0	0	0	0	0	0	0	0	0	0	0
	11	0	0.6	3	5.8	7.3	10.5	13.1	13.9	12	10.4	14	3.1	2.7	3.5	0	0	0	0	0	0	0	0	0	0	0	0
	12	0	0.1	1.1	2.1	4.3	7.5	9.7	11.2	12.9	14.7	13.4	13.9	6.6	1.4	1	0	0	0	0	0	0	0	0	0	0	0
PREVAILING DIRECTION BY HOUR                                                    																											
	Month	0	1	2	3	4	5	6	7	8	9	10	11	12	13	14	15	16	17	18	19	20	21	22	23		
	ALL	130	130	130	130	130	130	130	130	130	130	130	130	130	130	130	130	130	130	130	130	130	130	130	130		
	1	130	120	130	130	130	130	120	130	120	130	130	130	130	120	120	130	130	120	130	130	130	130	130	130		
	2	120	130	130	130	130	120	130	120	130	130	130	120	130	360	130	130	130	130	130	130	130	120	130	60		
	3	130	120	120	130	130	130	130	130	120	130	130	130	130	120	130	130	130	120	130	130	130	130	130	130		
	4	120	130	120	130	120	130	130	120	130	120	130	130	130	130	130	120	130	130	120	130	130	120	130	120		
	5	130	130	130	130	130	130	130	130	130	120	130	130	130	120	130	120	130	130	130	130	130	130	130	130		
	6	130	130	130	130	130	130	130	130	130	130	130	130	130	130	130	130	130	120	130	130	130	130	130	130
	7	130	130	130	120	130	130	130	130	120	130	130	130	130	130	130	130	120	130	130	130	130	130	130	130
	8	130	120	130	130	130	130	130	130	130	130	130	130	120	130	130	130	130	130	130	130	130	130	130	130
	9	130	130	130	130	130	130	130	130	120	120	130	130	130	120	130	130	130	130	130	130	130	130	130	130
	10	130	130	120	130	130	130	130	130	130	120	120	130	130	130	130	130	130	130	130	130	130	130	130	120
	11	130	130	120	120	130	130	130	130	120	130	120	130	130	130	130	130	130	130	130	130	130	130	130	120
	12	130	120	130	130	130	130	120	130	130	130	120	120	130	130	130	130	120	120	120	130	130	130	120	130
SPEED FOR PREVAILING DIRECTION BY HOUR                                          																									
	Month	0	1	2	3	4	5	6	7	8	9	10	11	12	13	14	15	16	17	18	19	20	21	22	23
	ALL	3.6	3.37	3.36	3.32	3.45	3.5	3.46	3.18	3.35	3.83	3.71	3.79	3.84	3.79	3.8	3.8	3.86	3.94	3.65	3.72	3.78	3.26	3.5	3.56
	1	6.43	5.02	5.12	3.59	4.72	5.75	4.09	5.4	5.44	6.09	5.09	5.46	5.33	5.58	4.34	5.29	4.06	6.19	5.52	7.48	5.7	5.57	5.46	6.51
	2	6.76	6.23	6.43	5.47	6.78	4.97	5.81	6.4	5.86	5.1	6.75	5.34	7.56	4.19	5.91	6.58	6.27	6.21	6.52	5.97	6.91	5.96	7.28	10.82
	3	5.59	5.81	4.63	4.79	4.4	4.61	3.87	4.26	6.4	5.15	4.68	4.43	5.11	5.62	5.62	5.4	6.41	4.86	5.72	4.14	5.4	4.01	6.01	6.22
	4	4.26	4.07	4.6	5.38	5.04	3.63	4.68	4.63	4.08	4.05	5.27	5.48	5.72	5.19	5.4	5.98	5.37	5.98	6.46	4.52	4.84	4.87	3.85	5.5
	5	4.3	3.88	3.58	3.15	3.77	3.68	3.24	3.38	3.56	4.17	4.28	4.72	4.1	4.98	4.95	4.29	4.9	4.35	4.61	4.87	4.27	4.07	3.5	3.75
	6	2.3	2.12	2.29	2.03	2.31	2.17	2.39	2.73	2.91	3.29	3.48	4	4.18	3.97	3.83	3.33	4.16	4.54	3.75	4.21	3.82	3.33	2.85	2.64
	7	2.34	2.61	2.5	2.15	2.6	2.26	2.94	2.91	3.09	2.74	2.64	2.31	2.38	2.63	2.75	3.85	2.87	3	2.7	2.85	2.68	2.69	2.31	2.26
	8	2.36	2.03	2.37	2.58	2.8	2.89	3.21	2.55	3.36	3.41	3.23	3.44	3.18	3.14	3.22	2.95	3.65	3.44	2.81	3.04	2.37	2.21	1.79	1.93
	9	2.32	3.04	2.39	2.79	2.75	2.95	2.59	2.57	1.99	2.34	2.62	2.68	2.37	2.67	2.54	2.68	2.24	2.79	3.1	2.16	2.68	1.96	2.41	2.03
	10	2.21	2.35	2.3	2.5	1.82	2.17	2.5	2.12	2.07	2	2.25	2.38	2.07	2.86	2.75	2.75	2.46	2.75	2.14	2.23	2.51	2.03	2.2	1.45
	11	2.31	2.15	2.47	2.38	3.03	3.2	2.33	2.37	2.22	2.37	2.59	2.37	2.39	2.04	1.68	2.38	2.6	2.75	2.47	3.27	3.14	2.8	2.57	2.34
	12	3.6	4.47	3.24	3.45	2.98	3.5	3.99	2.71	3.96	3.2	3.98	2.8	4.71	3.4	4.69	4.14	3.88	3.66	4.28	3.24	3.5	3.68	3.23	3.19
