SAND POINT          AK - 703165                                                 														
 55 deg    19' N  160 deg    31' W - Elev    7m   LST=GMT+99 hours   *NT=-11    														
 01/73-04/74 05/80-09/83 06/87-09/02                                            									Adjusted to Alaska Timezone (GMT=9)					
SPEED BY YEAR                                                                   														
	Year	ALL	JAN	FEB	MAR	APR	MAY	JUN	JUL	AUG	SEP	OCT	NOV	DEC
	ALL	4.97	5.84	5.38	5.23	5.08	4.3	3.79	3.61	4.1	4.88	5.95	6.34	6.15
	1973	4.26	4.77	2.72	3.48	6.38	3.05	-1	0	0	5.43	7.2	-1	5.75
	1974	7.33	4.6	5.1	4.1	12.8	-1	-1	-1	-1	-1	-1	-1	-1
	1980	4.73	-1	-1	-1	-1	3.78	5.13	3.91	-1	4.6	-1	-1	6.4
	1981	4.83	5.9	8.2	2.5	-1	-1	5.01	4.57	5.1	3.6	-1	-1	-1
	1982	4.74	11.3	-1	-1	-1	3	-1	5.1	3.64	-1	-1	-1	-1
	1983	4.05	-1	-1	-1	-1	-1	-1	-1	3	5.1	-1	-1	-1
	1987	5.55	-1	-1	-1	-1	-1	5.15	4.15	4.62	6.27	5.87	6.35	6.51
	1988	5.11	4.18	6.47	5.72	5.51	4.55	4.22	3.2	4.13	5.21	5.45	5.48	7.72
	1989	4.88	6.43	5.39	5.2	4.94	4.38	3.68	3.68	3.83	4.81	5.41	5.86	5.62
	1990	4.43	5.67	5.34	5.45	4.25	3.8	3.27	3.13	3.78	3.99	4.88	5.73	4.38
	1991	5.02	5.9	6.69	5.75	4.28	4.69	3.74	3.44	3.96	4.63	5.14	6.78	5.8
	1992	5.38	6.54	5.16	5.59	6.05	4.59	4.85	4.04	5.3	4.64	6.15	5.9	5.84
	1993	4.9	7.42	5.42	5.11	5.09	4.21	3.75	4.18	3.54	4.28	4.51	6.61	4.92
	1994	5.2	4.59	5.88	6.77	5.24	3.83	3.64	3.23	4.09	5.21	6.37	8.36	6.58
	1995	4.69	4.81	4.84	5.72	5.38	4.03	3.74	3.77	4.09	3.86	6.12	5.35	4.19
	1996	5.24	5.46	6.97	3.69	4.74	4.2	5.19	3.63	4.38	5.34	5.8	6.36	7.08
	1997	4.81	5.75	4.59	5.92	4.09	3.99	3.47	3.37	4.38	5.23	5.8	5.94	6.94
	1998	5.11	5.04	4.34	4.52	6.49	5.5	4.2	3.34	4.81	5.3	5.85	5.47	6.73
	1999	5.08	6.19	6.03	4.9	5.62	4.11	3.11	3.88	4.17	4.48	5.75	6.99	6.39
	2000	5.12	7.46	4.56	5.08	4.08	4.43	3.85	3.82	4.52	4.52	6.38	6.54	6.16
	2001	5.59	5.43	4.86	6.79	5.41	5.46	4.05	4.54	4.49	6.12	6.9	6.15	6.64
	2002	3.86	6.29	5.89	4.2	4.9	3.65	2.67	3.08	2.92	4.64	-1	-1	-1
POWER BY YEAR                                                                   														
	Year	ALL	JAN	FEB	MAR	APR	MAY	JUN	JUL	AUG	SEP	OCT	NOV	DEC
	ALL	203	334	248	235	191	109	78	67	103	162	295	375	346
	1973	158	67	21	59	440	68	-1	0	0	201	224	-1	273
	1974	477	114	80	41	1257	-1	-1	-1	-1	-1	-1	-1	-1
	1980	116	-1	-1	-1	-1	54	144	49	-1	61	-1	-1	193
	1981	97	247	341	10	-1	-1	96	88	82	28	-1	-1	-1
	1982	149	888	-1	-1	-1	17	-1	161	49	-1	-1	-1	-1
	1983	49	-1	-1	-1	-1	-1	-1	-1	16	82	-1	-1	-1
	1987	221	-1	-1	-1	-1	-1	130	87	116	233	257	357	371
	1988	187	117	322	212	190	102	75	45	73	192	211	210	543
	1989	150	372	201	233	139	82	58	51	56	124	152	206	182
	1990	116	172	190	212	92	57	50	36	63	63	119	255	131
	1991	175	226	311	231	84	106	62	48	85	151	170	402	279
	1992	200	341	178	193	259	108	108	74	166	157	236	272	369
	1993	172	432	205	167	156	89	80	77	50	110	148	408	172
	1994	235	120	341	402	181	74	69	55	94	213	330	630	429
	1995	180	208	187	327	183	69	72	79	100	89	387	246	126
	1996	251	371	460	131	148	103	177	77	118	212	266	445	507
	1997	205	250	179	353	146	106	65	65	130	180	257	403	564
	1998	213	216	135	204	334	217	109	53	141	199	304	268	408
	1999	224	539	343	198	250	124	46	76	104	114	222	417	334
	2000	240	553	218	208	120	116	77	71	145	152	478	387	358
	2001	249	310	213	339	248	182	64	125	144	191	373	362	324
	2002	108	393	240	116	170	58	30	46	45	67	-1	-1	-1
NUMBER OF SPEED OBSERVATIONS BY YEAR                                            														
	Year	ALL	JAN	FEB	MAR	APR	MAY	JUN	JUL	AUG	SEP	OCT	NOV	DEC
	ALL	90733	7262	6758	7189	7200	8403	8854	8680	8759	6728	7318	7054	6528
	1973	39	3	5	6	4	2	0	3	1	6	1	0	8
	1974	6	2	1	1	2	0	0	0	0	0	0	0	0
	1980	230	0	0	0	0	61	156	10	0	1	0	0	2
	1981	152	5	1	1	0	0	71	72	1	1	0	0	0
	1982	17	1	0	0	0	1	0	8	7	0	0	0	0
	1983	2	0	0	0	0	0	0	0	1	1	0	0	0
	1987	1696	0	0	0	0	0	216	259	240	252	268	229	232
	1988	2911	252	239	221	265	263	256	251	240	220	239	242	223
	1989	2770	226	203	249	233	235	251	258	255	228	244	184	204
	1990	2841	235	188	203	204	254	247	244	274	238	260	233	261
	1991	3094	253	237	258	254	231	266	247	329	263	273	239	244
	1992	3012	257	236	252	244	256	328	285	249	174	297	213	221
	1993	3183	355	216	217	220	459	379	234	226	229	238	207	203
	1994	6467	194	199	290	283	688	692	732	736	702	734	696	521
	1995	7652	659	652	664	620	166	704	698	665	695	734	684	711
	1996	8379	712	692	730	634	737	705	643	715	705	724	715	667
	1997	7761	687	626	681	704	733	697	748	734	649	503	689	310
	1998	8284	685	648	707	680	704	695	734	704	705	684	710	628
	1999	8255	652	565	562	692	796	743	761	692	716	691	711	674
	2000	8625	719	680	728	707	723	713	727	736	721	721	714	736
	2001	7415	735	686	706	711	670	463	617	641	208	707	588	683
	2002	7942	630	684	713	743	1424	1272	1149	1313	14	0	0	0
NUMBER OF SPEED OBSERVATIONS BY HOUR                                            														
	Hour	ALL	JAN	FEB	MAR	APR	MAY	JUN	JUL	AUG	SEP	OCT	NOV	DEC
	0	2950	221	190	211	218	315	316	310	324	217	215	214	199
	1	3002	226	235	247	238	306	304	292	304	198	219	231	202
	2	3028	247	211	228	240	319	303	293	317	212	221	238	199
	3	2820	214	187	207	215	304	291	287	296	186	217	220	196
	4	2906	220	234	240	224	294	296	272	290	197	214	225	200
	5	2976	220	211	228	233	305	289	301	307	222	235	223	202
	6	3027	237	200	205	225	330	331	314	313	207	235	225	205
	7	4117	241	233	250	399	437	474	455	459	355	397	220	197
	8	5171	408	380	392	449	452	489	498	468	425	434	397	379
	9	4840	384	386	397	379	391	451	451	433	386	428	386	368
	10	4875	408	393	417	393	394	450	432	435	379	405	381	388
	11	4867	390	379	404	394	403	441	465	429	371	427	382	382
	12	5032	406	378	401	410	434	494	471	456	406	420	386	370
	13	4900	409	387	421	385	398	452	464	418	383	413	398	372
	14	4931	428	369	394	409	419	444	450	443	385	416	404	370
	15	4686	382	352	371	366	381	459	433	433	361	408	383	357
	16	4568	396	366	399	354	363	406	407	398	338	371	394	376
	17	3714	363	348	353	283	280	284	305	333	228	280	337	320
	18	3216	244	215	240	241	310	348	325	360	234	233	247	219
	19	3084	248	238	262	228	308	327	285	327	201	234	227	199
	20	3200	257	215	228	248	331	322	333	333	246	244	234	209
	21	2898	229	210	231	210	312	293	278	290	196	212	232	205
	22	2997	244	223	236	232	308	296	289	305	206	213	236	209
	23	2928	240	218	227	227	309	294	270	288	189	227	234	205

SPEED BY HOUR                                                                   														
	Hour	ALL	JAN	FEB	MAR	APR	MAY	JUN	JUL	AUG	SEP	OCT	NOV	DEC
	0	4.51	5.97	5.08	4.78	4.41	3.83	2.89	3.02	3.67	4.24	6	6.37	6.17
	1	4.5	5.7	5.25	4.93	4.4	3.7	2.77	2.96	3.56	4.09	6.02	6.31	6.08
	2	4.45	5.62	5.14	4.89	4.37	3.58	2.79	2.92	3.51	4.26	5.86	6.32	5.91
	3	4.48	5.92	5.14	4.74	4.48	3.81	2.83	2.79	3.46	4.26	5.98	6.13	6.26
	4	4.55	5.93	5.22	4.89	4.64	3.72	2.79	2.92	3.35	4.24	6.09	6.13	6.34
	5	4.5	5.58	5.2	4.75	4.54	3.48	2.76	2.88	3.69	4.44	6.03	6.32	6.15
	6	4.46	5.69	5.02	4.75	4.57	3.66	2.95	3.01	3.46	4.28	5.96	6	6.28
	7	4.35	5.83	5.24	4.63	4.62	3.5	3.27	2.86	3.45	4.28	5.41	6.27	6.44
	8	4.68	5.78	5.45	4.88	4.68	3.9	3.42	3.27	3.64	4.39	5.63	6.15	5.92
	9	4.81	5.89	5.23	4.96	4.91	4.26	3.71	3.55	3.88	4.44	5.25	5.96	6.2
	10	4.98	5.65	5.21	5.3	4.92	4.61	3.97	3.67	4.17	4.79	5.51	6.14	6.19
	11	5.16	5.79	5.36	5.26	5.29	4.7	4.31	3.8	4.4	5.15	5.79	6.17	6.29
	12	5.33	5.86	5.55	5.74	5.49	4.92	4.52	4.19	4.59	5.29	6.02	6.16	6.22
	13	5.5	5.88	5.63	5.59	5.73	5.1	4.54	4.43	4.99	5.52	6.25	6.32	6.41
	14	5.56	6.04	5.83	5.86	5.77	5	4.8	4.33	4.75	5.69	6.34	6.6	6.01
	15	5.58	6.22	5.77	5.66	5.8	5.13	4.79	4.43	4.87	5.57	6.3	6.69	6.1
	16	5.6	6.12	5.71	5.83	5.77	5.16	4.84	4.23	4.89	5.63	6.17	6.83	6.15
	17	5.61	5.98	5.78	5.92	5.82	5.06	4.69	4.34	4.82	5.61	6.49	6.41	6.21
	18	5.28	5.88	5.14	5.67	5.65	4.74	4.45	4.15	4.5	5.56	6.28	6.64	6
	19	5.1	5.67	5.24	5.16	5.61	4.64	4.16	4.03	4.37	5.15	5.94	6.45	6.04
	20	4.93	5.79	5.16	5.23	5	4.34	3.82	3.73	4.05	4.91	6.08	6.59	6.08
	21	4.82	5.85	5.08	4.94	4.89	4.12	3.53	3.6	3.89	4.85	6	6.42	6.06
	22	4.61	5.38	5.25	4.61	4.61	3.87	3.3	3.22	3.75	4.46	5.83	6.31	6.19
	23	4.58	5.66	5.26	4.73	4.43	3.74	3.05	2.97	3.68	4.5	6.04	6.29	5.91

POWER BY HOUR                                                                   														
	Hour	ALL	JAN	FEB	MAR	APR	MAY	JUN	JUL	AUG	SEP	OCT	NOV	DEC
	0	188	364	243	226	169	97	53	58	92	139	340	372	336
	1	188	348	253	220	153	88	54	57	101	113	316	383	317
	2	186	361	236	234	149	89	50	52	85	134	306	373	321
	3	187	382	218	216	162	88	53	50	82	126	331	344	378
	4	194	387	252	235	176	91	52	53	71	130	334	350	354
	5	189	303	260	221	176	81	52	53	96	151	321	382	351
	6	191	357	241	212	177	90	56	55	87	148	340	361	380
	7	174	376	267	199	177	74	65	50	77	129	278	412	377
	8	192	338	263	217	173	95	61	62	83	141	264	369	343
	9	191	336	258	218	173	101	73	65	91	138	215	336	351
	10	200	300	241	248	173	115	78	65	95	148	257	376	340
	11	209	304	233	232	204	110	92	69	115	170	264	345	424
	12	215	367	253	269	204	127	97	79	118	168	284	328	369
	13	219	305	246	225	224	138	96	87	143	177	309	333	397
	14	221	312	248	259	220	130	112	81	119	199	304	404	305
	15	217	313	240	230	225	135	109	86	138	185	284	394	312
	16	230	327	258	265	213	139	111	80	127	207	287	423	334
	17	238	331	250	277	238	138	106	87	120	207	337	375	336
	18	211	335	240	266	227	126	97	82	111	200	301	431	293
	19	205	315	248	243	212	129	84	75	105	174	305	393	331
	20	207	350	257	244	175	116	75	72	107	183	323	431	335
	21	198	357	229	222	188	115	63	67	87	177	319	384	313
	22	187	297	249	206	170	94	65	56	99	140	302	375	332
	23	189	326	245	205	158	89	58	47	96	151	317	373	326

SPEED BY DIRECTION                                                              														
	Month	calm	0	10	20	30	40	50	60	70	80	90	100	110	120	130	140	150	160	170	180	190	200	210	220	230	240	250	260	270	280	290	300	310	320	330	340	350	360
	ALL	0	7	5.16	4.31	4.16	4.25	3.67	3.37	2.98	2.84	2.67	2.98	3.46	4.01	4.29	4.25	4.53	5.33	5.66	6.4	6.62	6.9	6.24	5.76	5.46	5.43	4.93	4.64	4.88	4.95	4.86	5.32	5.71	6.06	6.68	7.68	7.66	7
	1	0	8.3	6.5	5.4	5	4.7	3.8	3.7	2.8	3	3	3.5	4.3	3.5	3.8	4.1	5.3	5.9	7.7	8.3	8.5	8.9	7.9	7.4	6.1	4.9	4.8	4.6	4.7	5	5	5.9	7	7	7.3	8.8	9	8.3
	2	0	8.1	5.8	4.9	4.5	4.9	4	3.8	3.2	3	2.7	3	3.7	4.4	4.1	4	4.9	6.3	7.6	7.8	7.2	6.6	6.8	5.9	5.8	6	5	4.7	5.4	6.4	5.3	6.3	6	6.2	7	8	7.6	8.1
	3	0	7.5	5.9	4.7	4.3	4.5	3.8	3.2	3	2.8	2.5	2.7	3.2	3.4	4	4	4.4	5.4	5.9	7	7.8	7.5	6.2	5.9	5	6.1	6.2	5.6	5.5	5.4	5	5.8	6.7	7.1	7.2	8.3	8.3	7.5
	4	0	6.6	5	4.1	4.1	3.9	3.6	3.5	2.9	2.3	2.5	2.5	3.4	4.1	4.8	4.6	4.5	5.7	6	7.2	6.9	6.9	6.3	6.4	6.4	6	5.3	4.9	5.1	5.6	5.1	5.6	6.4	6.4	6.4	6.8	7	6.6
	5	0	6.1	4.5	4.2	4	4	3.7	3.3	2.9	2.8	2.9	3.2	3.6	3.7	4.1	3.7	3.9	4.9	5.1	5.5	5.7	5.6	5.6	4.8	4.1	4.7	4	3.8	4.1	4.5	4.1	4.1	4.6	5.1	5.8	6	6.5	6.1
	6	0	5.7	4.3	3.7	3.8	3.9	3.6	3.2	3.2	3	2.7	3	3.7	4.2	4.1	4	3.6	4.6	4.4	4.8	5.4	5.7	4.6	4.2	4.1	4	4.1	4.3	4.6	3.7	4	4	4.2	4.9	4.7	4.9	5.3	5.7
	7	0	4.8	3.9	3.3	3.1	3.5	3.2	2.9	2.8	3	2.5	2.5	3	4.1	4	3.9	3.4	4.6	4.3	5.1	5	5.1	4.7	4.6	3.9	3.5	3.4	3.3	3.5	3.7	3.8	3.7	4.2	4.6	4.3	5	4.9	4.8
	8	0	5.4	4.5	3.6	3.1	3.1	3	3.1	2.8	2.8	2.7	2.9	3.4	4.1	4.5	4.5	4.2	4.7	4.7	5.4	5.9	5.9	4.8	4.7	4.4	4.3	3.9	3.9	3.8	3.9	3.9	4.1	4.5	5	5.2	6.1	6	5.4
	9	0	6.2	4.7	4.2	4.1	4.2	4	3.1	2.8	2.4	2.5	3.1	3.9	3.7	4.2	4.8	4.5	5	6	6.3	7	7.6	6.2	5.3	5	4.9	4.4	4.2	4.4	4.6	4.8	5.1	5.6	5.9	6.3	6.8	7.1	6.2
	10	0	7.7	6.3	5	5.4	5.1	4	3.7	3	2.7	2.5	3.1	3.2	5.2	4.8	4.6	5.1	6.1	7.1	7.5	6.8	7	6.4	5.5	5.4	5.5	5	4.6	4.8	5	5	5.7	6.1	6.4	7.7	8.9	8.8	7.7
	11	0	8.3	6.5	5.4	5.2	4.6	3.6	3.2	2.6	2.7	2.4	2.5	2.6	3.3	3.6	3.9	5.2	6.6	8.2	7.3	7.9	8.6	7.9	7	6.6	6.3	5.7	5.5	6.2	6.1	6.1	6.8	6.8	6.8	8.2	9.4	10	8.3
	12	0	8.2	6.6	5.6	5.2	4.7	3.9	3.8	3.6	3.3	2.8	3.5	3.5	4.7	5.4	5.5	6	7	8.9	7.9	7.8	8.2	6.9	7.3	7.2	6.8	6.2	5.6	5.8	5.5	5.7	6	6.5	7.3	8.4	9.4	8.9	8.2
FREQUENCY BY DIRECTION                                                          																																							
	Month	calm	0	10	20	30	40	50	60	70	80	90	100	110	120	130	140	150	160	170	180	190	200	210	220	230	240	250	260	270	280	290	300	310	320	330	340	350	360
	ALL	9.21	5.82	3.08	2.15	2.72	3.78	3.36	2.44	1.7	1.25	1	0.8	0.98	1.19	1.89	2.22	3.93	6.87	4.66	3.37	3.01	2.47	1.52	1.21	1.25	1.27	1.15	1.31	1.56	2.03	2.29	3.41	4.07	4.5	4.91	5.15	5.7	5.82
	1	9.4	8.2	2.8	2.3	2.7	5	4.3	3	1.7	1.4	0.9	1	0.9	1	1.1	1.6	4.2	5.3	3.5	2.9	2.8	2.4	1.6	0.9	1	1.2	0.9	1.1	1.2	1.5	1.6	2.7	3.8	4.8	4.8	5.8	8.2	8.2
	2	9	6.2	3.2	2.2	3	3.8	3.3	2.3	2	1.4	1.1	0.7	0.9	1	1.8	2.3	6.1	9.2	3.5	3.4	3.2	2	1.3	1.2	1.7	1.3	1.5	1.2	1.5	1.9	2	3.5	3.4	3.7	4.4	4.3	4.3	6.2
	3	9.4	6.1	2.8	2	2.7	3.6	3.4	2.8	1.9	1.6	1.4	1.2	1.2	1.5	2.1	2.3	4.4	7	4	2.8	2.8	2.5	1.1	1.1	1.3	1.3	1.4	1.1	1.6	1.9	2.3	2.9	3.6	4.7	4.7	4.8	6.3	6.1
	4	8	8	4.5	2.7	3.7	4.4	3.9	2.9	1.8	1.3	0.7	0.6	0.8	1	1.4	1.8	2.6	5	3.4	2.8	2.6	2.2	1.4	1.1	1.1	1.5	0.8	1.2	1.2	1.6	1.9	3.5	4.5	4.5	5	5.9	6.9	8
	5	8.4	6.1	4	3	3.7	4.1	3.9	2.7	2.1	1.4	1.5	1.2	1.3	1.4	2.2	2.3	3.8	8.5	5.3	3.3	3.4	2.5	1.7	1.2	0.8	0.9	0.7	1	1.1	1.7	1.7	2.5	2.7	3	4	3.8	5.2	6.1
	6	11.4	4.8	3.7	3.4	4.7	5.9	5.4	3.7	2.7	1.9	1.1	1	1.4	1.8	2.4	3.1	4	8.3	6.1	3.6	3.1	2.4	1.1	0.9	0.8	0.6	0.6	0.7	0.7	1	1.4	1.8	2.4	3	3	3.3	4.2	4.8
	7	12.7	3.6	3.6	2.4	2.5	3	2.9	2	1.7	1	0.8	0.8	1	1.4	2.5	3.1	4.2	11.5	10	5.2	3.7	2.3	1.3	1.1	0.8	0.8	0.8	0.8	1.1	1.6	1.7	2.8	3.5	3.9	3.4	3.2	3.9	3.6
	8	11.5	5.1	2.8	1.9	2.1	2.2	1.9	1.5	1.2	0.6	0.7	0.5	0.7	1.1	2.5	2.7	3.8	9.1	6.5	4.2	3.7	2.6	1.3	0.9	1	1	1	1	1.4	2.4	2.8	4.1	5.4	5.7	5.3	4.3	4.7	5.1
	9	7.8	4.3	2.7	2.1	2.4	3.6	2.5	1.7	1	1	0.8	0.6	0.9	1.1	1.8	1.8	3.4	4.5	3.4	3.1	3.3	3.1	2	1.6	2	1.7	1.6	2	2.5	3	3.3	4.9	6.4	6.2	5	4.2	4.4	4.3
	10	6.7	6.3	2.1	1	1.7	3.3	2.4	1.4	1	0.6	0.8	0.5	0.6	0.8	1.2	1.2	2	2.7	2.7	2.9	2.4	2.7	1.7	1.5	1.4	1.7	1.8	2.3	2.4	3.3	3.5	5.2	5.5	5.4	7.9	8.4	7.6	6.3
	11	6.8	5	1.7	0.9	1.1	2.3	2.4	1.7	1.3	1.2	0.8	0.7	0.8	1.1	1.2	1.7	4.6	4.6	2.9	2.9	2.7	2.8	2	1.8	1.8	1.9	1.6	1.9	2.3	2.8	3.6	4.9	4.9	5.2	6.5	7.3	6.9	5
	12	7.5	6.5	2.8	1.4	2.1	4.1	4	3.5	2	1.5	1.2	0.9	1	1.1	2.1	2.3	4.2	5.3	2.6	2.9	2	2.1	1.8	1.5	1.6	1.7	1.5	1.5	1.8	1.9	1.8	2.4	3.4	4.4	5.4	7.4	6.4	6.5
FREQUENCY OF SPEED                                                              																																							
	Month	0	1	2	3	4	5	6	7	8	9	10	11	12	13	14	15	16	17	18	19	20	21	22	23	24	25												
	ALL	9.2	5.5	13.4	13.2	12.2	13.1	8.6	8.5	4.5	3.3	3.4	1.6	1.4	0.7	0.5	0.4	0.1	0.1	0.1	0.1	0	0	0	0	0	0												
	1	9.4	5.2	11	9.2	8.9	11.8	8.6	9.9	5.6	4.4	6.1	2.7	2.4	1.3	1.1	0.9	0.3	0.4	0.2	0.3	0.1	0.1	0	0	0	0
	2	9	4.8	11.8	12.2	10.7	12.7	8.4	9.1	5.1	4	5.2	2.4	1.9	0.9	0.6	0.5	0.1	0.1	0.2	0.1	0	0	0	0	0	0
	3	9.4	5.7	12.9	12.3	10.7	11.3	7.9	9.2	5	3.7	5	2.3	2.1	0.8	0.8	0.4	0.1	0.1	0.1	0	0	0	0	0	0	0
	4	8	4.8	12	13.2	12.6	14.1	8.8	9.6	5.3	4	3.5	1.8	1.2	0.4	0.3	0.2	0.1	0.1	0	0	0	0	0	0	0	0
	5	8.4	6	14.6	16.8	15.7	14.7	9.6	6.7	3.1	2.2	1.2	0.6	0.2	0.2	0.1	0.1	0	0	0	0	0	0	0	0	0	0
	6	11.4	7.6	18	16.5	14.6	14.6	7.2	5.5	2.1	1.3	0.9	0.2	0.1	0	0	0	0	0	0	0	0	0	0	0	0	0
	7	12.7	8.4	18.5	16.6	14.9	12.4	8	5.1	2	0.9	0.4	0.1	0	0	0	0	0	0	0	0	0	0	0	0	0	0
	8	11.5	6.3	15.8	15.8	14.1	13.8	8.4	6.7	3.2	1.7	1.4	0.5	0.3	0.2	0.1	0	0	0	0	0	0	0	0	0	0	0
	9	7.8	4.6	13.2	14.8	13	14.3	9	9.1	4.5	3.3	3	1.1	1.2	0.4	0.3	0.2	0	0	0	0	0	0	0	0	0	0
	10	6.7	3.4	9.4	9.8	10.8	14.2	9.8	10.9	6.4	5.5	4.9	2.7	2.3	1	0.7	0.5	0.3	0.1	0.2	0.2	0.1	0.1	0	0	0	0
	11	6.8	3.8	9.9	9.6	9	11.1	8.8	11	6.4	5.4	6	3.2	3.3	2	1.2	1.2	0.4	0.3	0.3	0.2	0.1	0.1	0	0	0	0
	12	7.5	3.8	10.5	9.2	8.9	10.9	9.1	11.3	7	5.2	6	2.8	2.8	1.6	1	0.8	0.3	0.4	0.4	0.1	0.1	0	0	0	0	0
PERCENT OF POWER BY SPEED                                                       																											
	Month	0	1	2	3	4	5	6	7	8	9	10	11	12	13	14	15	16	17	18	19	20	21	22	23	24	25
	ALL	0	0.1	0.5	1.6	3.1	6	7	11.2	8.4	8.9	12.2	7.7	8.9	5.5	4.8	4.4	1.7	2	2.1	1.4	1	0.5	0.3	0.3	0.1	0.1
	1	0	0	0.3	0.7	1.4	3.4	4.4	8.1	6.5	7.3	13.3	8.1	9.4	6.3	6.7	6.6	2.8	4.3	2.4	3.6	1.7	1.2	0.6	1	0	0
	2	0	0	0.4	1.2	2.2	4.9	5.7	10	8	8.9	15.3	9.4	10.1	6.2	5	5.3	0.7	1.8	2.7	1.1	0.6	0	0.4	0	0	0
	3	0	0.1	0.5	1.3	2.4	4.5	5.6	10.7	8.1	8.7	15.3	9.7	11.6	5.9	6.9	4.5	1.1	1.2	1.1	0.3	0.6	0	0	0	0	0
	4	0	0.1	0.5	1.7	3.4	6.9	7.8	13.6	10.8	11.4	13.4	9	7.7	3.8	3	2.1	1	1.7	0.5	0.6	0.4	0.4	0	0	0	0
	5	0	0.1	1.1	3.8	7.4	12.8	14.7	16.1	10.9	10.9	8	5	2.6	2.5	2.6	1.3	0	0	0	0	0	0	0	0	0	0
	6	0	0.2	1.9	5.1	9.4	17.5	15	18.9	10.3	8.6	7.7	2.3	2.1	0.7	0.3	0	0	0	0	0	0	0	0	0	0	0
	7	0	0.3	2.2	5.9	11.1	17.1	19.2	19.5	10.7	6.9	4.4	1.8	0.9	0	0	0	0	0	0	0	0	0	0	0	0	0
	8	0	0.1	1.3	3.6	6.8	12.5	13.2	16.9	11.4	8.9	10	4.3	4.1	3.2	1.5	0.5	0	0.3	0.4	0.5	0.6	0	0	0	0	0
	9	0	0.1	0.7	2.2	4.1	8.2	9.1	14.8	10.4	10.8	12.9	6.3	9.6	3.8	3.2	2.9	0.8	0	0.3	0	0	0	0	0	0	0
	10	0	0	0.3	0.8	1.9	4.5	5.5	9.9	8.1	10	11.8	9	9.8	5.4	4.9	3.8	2.6	1.5	3	2.5	1.9	1.2	0.6	1.1	0	0
	11	0	0	0.2	0.6	1.2	2.8	3.9	7.9	6.5	7.8	11.5	8.4	11.5	8.4	6.5	7.7	3.2	2.9	3.4	1.8	1.2	0.9	0.8	0	0.4	0.4
	12	0	0	0.3	0.7	1.3	3	4.4	8.9	7.8	8.2	12.5	7.9	10.5	7.5	5.9	5.8	2.3	3.9	4.2	1.8	1.9	0.5	0.3	0	0	0.5
PREVAILING DIRECTION BY HOUR                                                    																											
	Month	0	1	2	3	4	5	6	7	8	9	10	11	12	13	14	15	16	17	18	19	20	21	22	23		
	ALL	160	160	160	160	160	160	160	160	160	160	160	160	160	160	160	160	160	160	160	160	360	360	160	160		
	1	350	360	350	350	350	360	360	350	350	40	350	350	50	160	360	350	360	360	360	350	350	360	360	330		
	2	160	160	160	160	160	160	160	160	360	160	160	160	160	300	160	160	160	360	160	150	160	160	160	160		
	3	350	350	160	160	350	340	160	350	350	320	330	160	160	160	360	360	360	360	360	360	160	160	160	350
	4	340	360	360	340	350	360	350	360	340	360	310	350	350	360	360	360	360	360	160	350	360	360	350	360
	5	160	160	160	360	360	160	160	160	160	330	160	160	160	170	160	160	160	160	160	160	360	160	160	160
	6	160	50	50	50	50	40	350	40	40	40	50	160	160	160	160	160	170	160	160	160	160	160	160	160
	7	160	160	160	160	160	160	160	160	160	160	160	170	160	160	160	160	170	170	160	170	170	160	160	160
	8	160	330	160	160	160	160	330	160	160	160	160	160	160	160	160	170	170	160	160	160	160	360	160	160
	9	340	310	320	320	320	310	330	300	310	300	310	320	320	310	310	310	310	320	310	360	340	310	320	330
	10	330	340	330	340	350	350	330	340	340	300	330	330	310	310	350	350	340	340	350	340	340	340	340	330
	11	350	340	340	350	340	150	340	330	340	340	330	340	320	300	330	300	310	350	340	350	340	340	350	350
	12	340	360	360	350	350	340	360	340	160	160	320	350	340	340	160	340	340	320	350	340	350	340	340	360
SPEED FOR PREVAILING DIRECTION BY HOUR                                          																									
	Month	0	1	2	3	4	5	6	7	8	9	10	11	12	13	14	15	16	17	18	19	20	21	22	23
	ALL	4.77	4.85	4.97	5.03	5.23	5.17	5	5.45	5.49	5.39	5.48	5.47	5.4	5.79	5.8	5.66	5.73	5.55	5.25	5.1	7.12	7.3	5.13	4.92
	1	7.88	9.15	9.06	9.34	9.45	9.57	9.25	9.62	8.64	4.82	8.91	8.16	4.15	6.61	7.12	8.6	8.25	7.79	7.54	9.12	9.39	9.04	7.48	7.59
	2	5.43	6.06	5.59	6.37	5.87	6.71	6.08	6.69	7.65	6.23	6.7	6.61	6.01	6.88	6.6	5.97	5.58	8.12	6	4.81	5.96	6.45	6.56	6.43
	3	9.06	7.36	5.62	4.5	8.08	7.82	5.13	7.12	8.17	6.8	8.46	4.88	4.97	5.72	7.17	7.46	7.59	8.27	8	7.7	5.62	5.54	5.73	6.99
	4	6.96	6.03	6.4	6.21	7.05	5.75	7.15	6.95	6.75	5.26	5.6	6.4	6.67	6.88	6.23	6.7	6.44	7.85	5.17	8.1	7.1	7.26	7.28	6.59
	5	4.61	3.96	4.65	5.38	6.2	3.86	4	4.59	3.95	6.07	5.27	5.27	5.45	5.24	5.91	6.19	5.95	5.69	5.67	4.79	6.13	4.58	4.22	4.02
	6	3.87	3.16	3.1	2.88	2.75	3.01	4.84	3.53	3.68	3.78	3.58	4.59	5.19	4.81	5.08	5.25	4.81	4.88	4.58	4.72	4.67	3.99	4.09	3.73
	7	3.85	3.92	4.15	4.06	4.57	4.68	4.34	4.92	4.74	4.82	4.75	4.42	5.05	5.18	4.75	4.88	4.76	3.99	4.74	4.23	4.06	4.2	4.3	3.66
	8	3.91	3.29	4.62	4.33	4.36	4.53	4.22	5.06	4.85	4.79	4.65	4.7	4.84	5.11	4.86	5.03	4.25	5.06	4.81	4.56	4.97	5.51	4.02	5.14
	9	5.74	4.18	6.08	4.68	5.27	5.65	6.81	4.57	4.72	4.05	5.6	6.17	5.95	6.87	7.31	4.75	6.79	6.8	6.91	6.66	7.33	5.19	5.26	5.22
	10	8.12	7.74	8.06	9.01	8.95	9.43	6.88	9	9.33	5.18	7.14	7.49	6.39	6.38	9.16	7.82	8.19	10.25	8.6	9.29	10.51	8.23	8.32	7.25
	11	9.9	9.04	8.2	9.02	9.26	3.95	9.75	7.22	9.48	9.71	8.8	10.18	7.39	7.02	8.45	7.25	7.91	9.88	10.49	9.6	9.73	8.35	9.95	9.61
	12	8.92	9.14	8.66	7.91	9.47	9.34	8.29	9.05	7.13	6.59	7.36	9.49	8.63	10.42	8.04	10.06	8.7	7.3	9.65	7.66	9.22	9.4	10.01	8.08
