SHISHMAREF (AWOS)   AK - 701195                                                 														
 66 deg    16' N  166 deg    03' W - Elev    2m   LST=GMT+99 hours   *NT=-11    														
 01/87-09/02                                                                    							Adjusted to Alaska Time Zone (GMT-9)							
SPEED BY YEAR                                                                   														
	Year	ALL	JAN	FEB	MAR	APR	MAY	JUN	JUL	AUG	SEP	OCT	NOV	DEC
	ALL	5.53	5.69	5.85	5.22	5.2	4.44	4.37	4.99	6.04	6.35	6.24	6.69	6.09
	1987	5.75	6.82	5.47	5.48	4.84	4.25	4.26	4.46	5.8	8.15	6.52	7.19	6.68
	1988	4.75	6.57	6.5	5.17	4.68	3.03	2.59	3.54	5.27	4.09	3.74	5.52	6.23
	1989	5.35	5.2	7.22	5.01	6.39	4.96	4.27	4.93	4.47	5.65	5.71	5.78	4.87
	1990	5.38	4.36	3.47	4.24	4.63	3.78	4.48	5.18	4.5	6.73	5.25	7.87	7.59
	1991	5.39	6.69	9.26	6.38	4.74	3.51	4.08	5.35	5.12	5.64	6.5	5.72	6.35
	1992	5.42	4.53	6.06	5.15	4.53	5.76	3.68	4.55	5.75	6.66	6.49	5.59	5.18
	1993	5.19	5.98	5.78	4.04	3.9	3.67	4.01	4.55	5.45	6.75	5.86	7	5.93
	1994	5.96	4.81	6.31	6.62	5.66	3.36	4.01	4.14	7.27	6.58	7.12	8.26	7.25
	1995	5.21	5.43	3.93	4.85	5.17	3.99	4.2	5.35	4.83	6.34	5.93	4.72	7.68
	1996	6.08	5.52	7.56	4.71	5.52	4.22	6.39	6.49	6.37	7.12	6.54	7.55	5.25
	1997	5.34	5.5	3.59	5.02	4.65	3.82	4.49	5.37	5.72	5.84	6.45	8.07	6.03
	1998	5.5	5.81	4.7	5.16	5.99	4.77	3.83	4.53	6.93	6.87	6.93	5.87	5.25
	1999	5.25	5.42	5.98	4.65	5.56	3.71	3.63	5.56	5.86	6.07	5.8	8.15	5.19
	2000	6.05	6.37	6.31	6.13	5.01	4.57	3.83	5.92	7.32	6	6.25	7.81	7.51
	2001	5.86	6.07	7.88	4.84	5.38	5.42	4.5	5.55	6.5	6.29	6.8	5.65	5.13
	2002	5.32	6.69	6.12	5.67	6.09	5.42	5.09	4.43	6.26	3.94	-1	-1	-1
POWER BY YEAR                                                                   														
	Year	ALL	JAN	FEB	MAR	APR	MAY	JUN	JUL	AUG	SEP	OCT	NOV	DEC
	ALL	237	260	306	202	209	127	108	156	255	292	319	392	319
	1987	245	303	163	229	120	72	85	87	233	578	336	479	370
	1988	201	346	322	190	130	87	25	103	257	152	94	327	364
	1989	231	277	506	216	314	119	83	147	123	217	289	294	217
	1990	225	123	125	97	154	57	96	177	123	290	171	558	563
	1991	210	407	710	388	137	66	81	154	169	172	274	257	317
	1992	222	158	318	156	158	262	60	119	207	318	347	249	226
	1993	200	370	248	84	67	54	72	120	201	332	252	397	270
	1994	314	160	367	404	196	55	82	95	438	309	524	715	402
	1995	201	190	127	188	164	74	94	167	131	276	239	137	618
	1996	331	275	705	169	238	96	335	340	300	436	375	512	216
	1997	216	192	108	163	162	64	96	197	218	224	396	553	283
	1998	220	208	156	153	319	155	85	103	371	349	339	226	232
	1999	199	273	222	147	225	84	50	193	223	265	263	551	193
	2000	269	324	235	280	184	109	76	235	340	246	288	501	481
	2001	256	275	558	132	227	205	94	192	281	294	413	225	148
	2002	200	354	227	222	430	219	143	110	206	44	-1	-1	-1
NUMBER OF SPEED OBSERVATIONS BY YEAR                                            														
	Year	ALL	JAN	FEB	MAR	APR	MAY	JUN	JUL	AUG	SEP	OCT	NOV	DEC
	ALL	103491	7812	7118	8338	8519	10576	9990	10350	8708	8198	8612	7375	7895
	1987	2505	252	176	247	261	193	242	216	113	134	212	209	250
	1988	2823	212	197	278	239	224	216	233	244	214	251	256	259
	1989	3281	269	245	278	283	277	280	278	274	267	281	269	280
	1990	4045	280	257	272	267	286	278	281	288	587	569	373	307
	1991	4721	331	60	328	473	613	484	528	271	402	568	294	369
	1992	6864	346	326	440	480	549	446	677	718	700	741	704	737
	1993	8169	690	648	692	689	739	712	736	645	629	710	550	729
	1994	8377	691	618	731	660	671	697	733	740	705	724	694	713
	1995	8182	688	601	681	657	708	677	711	677	694	732	684	672
	1996	8042	720	689	656	704	737	693	520	697	583	666	711	666
	1997	7795	491	574	571	694	724	699	734	734	663	707	512	692
	1998	7703	614	569	683	697	726	709	719	685	543	528	631	599
	1999	7313	589	512	546	493	729	735	765	757	668	631	166	722
	2000	8134	717	667	713	688	684	711	719	726	707	647	673	482
	2001	7475	689	574	545	531	679	655	690	722	678	645	649	418
	2002	8062	233	405	677	703	2037	1756	1810	417	24	0	0	0
NUMBER OF SPEED OBSERVATIONS BY HOUR                                            														
	Hour	ALL	JAN	FEB	MAR	APR	MAY	JUN	JUL	AUG	SEP	OCT	NOV	DEC
	0	3876	271	250	285	326	416	409	417	344	326	307	252	273
	1	3978	306	266	321	311	405	390	383	316	312	346	303	319
	2	3874	279	253	311	321	399	347	396	315	311	352	287	303
	3	3786	259	243	290	311	409	393	399	338	301	308	256	279
	4	3934	314	278	329	302	390	362	381	322	315	339	295	307
	5	3772	287	258	297	305	397	363	369	306	294	326	274	296
	6	3832	267	245	283	317	415	405	402	340	313	320	259	266
	7	4565	312	267	332	423	492	471	480	407	379	390	296	316
	8	4914	394	355	382	409	484	455	482	417	390	412	354	380
	9	4903	368	327	409	415	509	489	505	423	383	392	330	353
	10	4984	412	363	395	422	495	480	487	408	375	390	363	394
	11	4770	392	334	360	375	471	448	480	406	371	411	360	362
	12	4891	357	337	400	400	510	496	499	441	399	381	318	353
	13	5010	398	360	430	411	495	460	498	410	376	415	365	392
	14	4923	383	357	415	428	487	444	482	428	386	406	349	358
	15	4871	348	338	389	418	515	491	507	414	372	386	336	357
	16	5047	388	358	435	425	488	481	495	416	377	419	374	391
	17	4288	379	356	418	332	401	353	358	308	313	349	352	369
	18	3861	266	255	298	305	418	394	417	331	338	307	245	287
	19	3948	296	269	324	316	391	379	383	320	324	335	293	318
	20	3875	277	263	314	313	394	360	382	329	316	339	282	306
	21	3789	259	256	295	304	405	386	400	326	320	313	252	273
	22	3979	308	270	310	316	406	374	383	334	315	345	292	326
	23	3821	292	260	316	314	384	360	365	309	292	324	288	317

SPEED BY HOUR                                                                   														
	Hour	ALL	JAN	FEB	MAR	APR	MAY	JUN	JUL	AUG	SEP	OCT	NOV	DEC
	0	5.48	5.89	5.9	5.32	5.16	4.38	4.12	4.78	6.07	6.29	6.33	6.77	6.2
	1	5.5	5.63	5.88	5.4	5.22	4.37	4.03	4.62	6.02	6.39	6.39	6.91	6.03
	2	5.48	5.69	5.78	5.25	4.84	4.37	4.14	4.72	6.07	6.46	6.15	6.89	6.18
	3	5.41	5.44	5.88	5.24	4.87	4.28	4.13	4.65	5.92	6.37	6.3	6.99	6.21
	4	5.46	5.48	5.86	5.11	5.01	4.42	4.26	4.63	5.96	6.53	6.22	6.6	6.06
	5	5.45	5.61	5.77	5.15	4.74	4.22	4.25	4.85	6.01	6.5	6.39	6.72	6.12
	6	5.4	5.63	5.87	5.04	4.82	4.24	4.11	4.78	6.1	6.46	6.35	6.66	6.07
	7	5.29	5.87	5.89	5.01	4.81	4.07	4.04	4.54	5.74	6.3	6.07	6.51	6.16
	8	5.32	5.81	5.64	4.88	4.77	3.95	4.14	4.61	5.65	6.23	6.08	6.58	6.28
	9	5.3	5.79	5.84	4.98	4.81	4	4.04	4.73	5.77	6.14	6.03	6.5	6.25
	10	5.35	5.76	5.68	4.93	4.91	4.27	4.07	4.68	5.97	6.1	6.2	6.44	6.03
	11	5.42	5.68	5.77	5.16	5.06	4.31	4.19	4.77	5.84	6.14	6.14	6.54	6.15
	12	5.4	5.55	5.78	5.05	5.21	4.53	4.19	5	5.9	6.19	5.96	6.45	5.99
	13	5.57	5.64	5.86	5.28	5.35	4.59	4.55	5.18	5.95	6.12	6.32	6.6	6.06
	14	5.65	5.64	5.66	5.4	5.57	4.68	4.64	5.37	5.99	6.42	6.21	6.75	6.04
	15	5.68	5.73	5.84	5.32	5.67	4.7	4.71	5.49	6.01	6.4	6.16	6.77	6.15
	16	5.75	5.74	5.92	5.5	5.71	4.81	4.78	5.49	6.17	6.53	6.23	6.68	6.06
	17	5.82	5.77	5.94	5.37	5.61	4.81	4.99	5.62	6.55	6.56	6.39	6.69	5.94
	18	5.78	5.67	5.96	5.37	5.49	4.69	4.97	5.62	6.56	6.46	6.31	6.89	6.13
	19	5.76	5.63	6.13	5.3	5.56	4.71	4.8	5.37	6.48	6.4	6.32	6.96	6.02
	20	5.69	5.75	5.85	5.25	5.44	4.66	4.75	5.37	6.31	6.27	6.4	6.67	6.06
	21	5.64	5.79	5.96	5.27	5.56	4.64	4.55	5.12	6.17	6.5	6.14	6.72	6.2
	22	5.58	5.61	6.07	5.23	5.35	4.5	4.39	5	6.07	6.35	6.42	6.69	5.94
	23	5.54	5.67	5.92	5.41	5.17	4.49	4.28	4.69	5.99	6.48	6.41	6.74	5.98

POWER BY HOUR                                                                   														
	Hour	ALL	JAN	FEB	MAR	APR	MAY	JUN	JUL	AUG	SEP	OCT	NOV	DEC
	0	232	278	311	207	195	122	93	146	245	290	326	409	338
	1	239	258	314	216	201	141	93	131	249	291	333	416	324
	2	236	259	306	207	168	132	102	138	253	307	297	415	345
	3	228	220	303	192	183	125	101	144	242	283	323	434	331
	4	231	237	290	205	197	136	103	140	248	309	305	373	303
	5	229	241	309	190	157	121	106	146	253	322	325	379	298
	6	229	248	306	192	170	117	102	155	257	310	360	383	287
	7	223	283	314	182	172	110	100	132	231	307	318	389	319
	8	226	275	298	171	179	95	101	133	225	282	315	392	337
	9	225	260	344	181	181	98	99	144	238	282	291	394	350
	10	227	271	289	171	191	117	97	134	257	267	333	372	316
	11	227	265	282	184	205	113	100	147	251	275	296	366	323
	12	226	231	300	188	212	135	90	178	252	280	293	354	311																									
	13	243	255	301	215	221	129	109	183	251	264	351	372	352																									
	14	242	246	271	220	245	133	111	178	244	306	324	396	315																									
	15	242	267	301	223	246	130	122	181	245	279	313	403	323																									
	16	249	254	305	240	243	145	117	183	266	308	324	386	302																									
	17	260	272	324	219	252	144	135	186	293	284	326	400	308																									
	18	247	263	309	225	225	143	132	178	307	289	306	409	309																									
	19	252	259	328	195	275	145	125	158	302	297	313	411	307																									
	20	245	286	310	193	231	139	126	172	264	278	335	374	310																									
	21	245	284	312	202	243	141	117	158	267	314	299	412	331																									
	22	241	256	322	199	224	132	110	156	260	285	321	401	314																									
	23	237	261	307	222	191	128	106	138	253	308	328	405	288																									

SPEED BY DIRECTION                                                              																																							
	Month	calm	0	10	20	30	40	50	60	70	80	90	100	110	120	130	140	150	160	170	180	190	200	210	220	230	240	250	260	270	280	290	300	310	320	330	340	350	360
	ALL	0	6.99	6.65	5.77	5.27	4.87	4.95	5.19	5.09	5.13	6.3	6.4	5.25	5	4.95	4.7	4.65	5.09	5.33	5.98	6.73	6.95	6.75	5.91	5.7	5.18	4.93	4.78	4.58	4.71	4.89	5.22	5.62	6.01	6.46	6.49	6.64	6.99
	1	0	8	7.2	5.7	4.8	5.1	5.2	5.8	5.6	5.1	6.5	6.4	5.5	4.9	5.1	4.4	4.8	5.6	6	5.9	8.6	7.9	6.5	4.5	4.8	4.5	4.7	4.6	4.8	5.2	5.3	5.5	6.4	6.7	7.2	7	7.3	8
	2	0	7.4	8.2	6.1	5	4.7	5.4	6.1	5.9	5.5	7.4	7.9	6.4	5.3	5.6	6.2	6.1	6.9	7.2	7	8	8.4	7.3	5.6	5.4	4.4	4.3	3.8	4.1	4.8	5.7	5.6	5.8	6.9	6.3	6.9	6.7	7.4
	3	0	7.2	6.6	5	4.1	4.4	4.6	4.9	4.4	4.8	6.1	6.3	5	4.8	4.6	4.3	4.2	4.2	5	5.2	6.6	5.5	6.2	5.5	5	4.9	4.8	4.4	4.3	4.8	4.9	5	5.7	5.6	6.4	6	6.7	7.2
	4	0	6.4	5.7	4.8	4.3	4.3	4.3	4.4	4.3	4.1	5.1	6	5.7	5.1	5.4	4.7	4.6	5.8	6.6	6.9	7.5	7.7	7.7	6.6	7.3	5	4.5	3.9	4.4	4.5	4.5	5.1	5.3	5.4	5.9	6.3	6.6	6.4
	5	0	4.9	4.5	3.7	4.1	4.1	4	3.9	3.9	4.1	4.4	4.9	4.5	4.4	4	3.5	3.8	4.2	4.5	5.1	5.1	6.5	6.3	5.9	6.1	5.3	4.4	4.1	3.8	3.6	4	4.3	4.7	5.3	5.8	5.3	5	4.9
	6	0	4.4	3.7	3.7	3.9	4	4	3.2	2.9	3	3	3.4	3.1	3.2	3	3.1	3.3	3.5	4.4	5.2	5.3	5.9	6.5	6.2	6	5.5	5	4.9	4.3	4	3.8	4	4.2	5	5.5	5.2	4.8	4.4
	7	0	4.8	4.3	4.5	4.2	4.4	5	3.5	3.7	4.1	5.4	4.7	4.6	4.7	4.8	4.2	4.3	5.1	5.6	6.5	7.1	6.6	7.2	6.5	5.7	5.5	5.5	5.3	4.6	4.4	4.7	4.8	4.9	4.7	5.2	5	5	4.8
	8	0	7	6.3	5.3	4.9	5.1	5.2	4	4.5	4.5	5.1	5.7	5	5.8	6.2	5.2	5.5	5.8	5.8	7	7.9	8	7.7	6.9	6.3	6.3	5.9	5.3	4.8	4.9	5	4.5	5.3	5.8	6.6	6.6	7.2	7
	9	0	8.3	8	7.7	6.9	6.5	6	4.9	4.7	4.7	5.7	5.6	5.5	5.2	5.2	5	4.8	5.1	5.2	6.8	6.7	6.5	5.8	5.5	5.2	5.4	5.4	5.1	5.3	5.3	6.1	6.3	7	7.4	7.6	7.5	7.9	8.3
	10	0	8.9	8.8	8.3	8	6.5	5.7	5.5	4.8	5.1	5.6	5.7	5	5.3	5	4.9	4.8	5.3	5.3	5.5	6	6.4	5.5	5.4	5.1	4.9	5.7	7.2	7.6	7.5	6.5	7.5	8.2	7.7	7.5	8	8	8.9
	11	0	9.3	9.6	9.3	7.8	6	5.5	5.8	5.9	6.3	7.6	7.7	5.7	5.4	5	5	5	5.2	4.7	4.8	6.6	6.2	4.1	4.8	5.1	4.5	6.2	7.3	6	7.9	7.7	7.2	7.5	7.9	8	9	9.5	9.3
	12	0	7.1	6.5	6.1	5.4	5.2	5.2	6.3	6.4	6.2	7.8	7.2	5.3	4.7	4.8	4.6	3.7	4	3.8	4.6	5.6	7.6	7.8	5.7	5.7	4.7	4.3	4.2	4.7	5.5	5.6	6.8	6.8	7.4	8.1	7.9	7.6	7.1
FREQUENCY BY DIRECTION                                                          																																							
	Month	calm	0	10	20	30	40	50	60	70	80	90	100	110	120	130	140	150	160	170	180	190	200	210	220	230	240	250	260	270	280	290	300	310	320	330	340	350	360
	ALL	3.35	5.12	3.83	2.96	2.61	2.33	2.41	2.97	3.34	3.18	3.51	3.18	2.49	2.51	2.34	1.97	1.46	1.33	1.53	1.45	1.58	2.16	2.7	2.42	2.33	2.06	2.21	2.28	2.36	2.31	2.69	3.13	3.65	4.14	4.33	4.79	4.34	5.12
	1	4.1	5.2	3.2	2.2	1.8	2	2.9	4.8	4.5	4	4.2	3.8	2.6	2.5	2.3	2.1	1.4	1.3	1.4	1.2	1.2	1.3	1.5	1.9	2.2	2.6	2.6	1.7	2.3	2.4	2.7	3.7	3.9	4	4.5	4.4	3.7	5.2
	2	6.6	5.1	4.2	2.6	2.1	1.6	3.1	4.5	4.2	3.6	4.8	4.6	3.3	2.9	2.8	2.6	1.9	1.7	2	1.1	0.9	1.2	1.4	1.5	1.5	1.7	1.9	1.7	2	1.8	2.5	3.3	4	5.1	3.2	3.4	4.2	5.1
	3	3.8	5.5	3.8	2.1	1	1.5	2.5	3.4	3.7	4	5.1	4.5	3.2	3	2.9	2.5	1.5	0.9	0.8	0.6	0.6	0.8	1.1	1.2	1.6	2.4	3.3	2.7	2.3	2.7	2.8	3.2	4.1	4.4	5.2	5	4.5	5.5
	4	4.2	5.1	3.2	2.8	2.2	2.1	2.5	2.9	3.1	2.5	2.5	2.8	2.1	2.2	2.2	2.2	1.1	1	0.8	1.1	0.9	1.6	1.9	1.7	2.2	2.6	2.9	2.2	3	2.8	3	3.7	5	5.8	5.3	6.1	5	5.1
	5	5.1	4.3	2.5	2.8	3.1	2.9	2.5	2.3	2.4	2.4	2.3	2.4	2.7	2.8	2.1	1.6	1.6	1.5	1.7	1.5	1.7	2.3	2.8	2.2	1.9	2	2.5	2.7	3	2.5	3.2	3.5	4.2	4.9	5.4	5.6	4.4	4.3
	6	3.3	4.4	4.3	3.8	3.8	3.6	2.4	1	0.9	0.7	0.8	0.6	0.8	1	1	0.8	0.7	1	1.5	1.3	1.6	2.5	2.9	1.9	1.8	1.8	3.4	5.7	4.7	4.4	4.6	4.7	5	5.4	5.6	5.6	4.2	4.4
	7	2.8	4.6	3.9	3.7	3.3	3.7	3	1.4	1.2	1.1	1.3	1.4	1	1	1	0.7	0.7	0.9	1.6	1.9	2.1	3.3	5.2	3.4	3	2.3	2.8	3.3	3.7	3.4	4	3.9	4.5	4.1	4.4	4.5	4.6	4.6
	8	1.8	4.8	3.3	2.4	2.1	1.6	2	1.4	1.5	1.9	2.2	1.6	2.3	2.7	2.2	2	1.7	1.4	2.1	2.8	3.3	4.8	5.9	4.4	3.6	2.8	2.2	2.1	2.1	2.3	2.1	2.2	3	3.4	4	5	4.9	4.8
	9	1.5	7.8	5.6	3.9	4.4	3.1	3.2	3.3	3.9	2.9	3	2.4	2.4	2.5	2.1	1.7	1.5	1.2	1.2	1.4	1.6	2	2.4	2.8	2.6	1.4	1.1	1.1	1.2	1.3	2	2.3	2.8	3.8	4.3	4.7	5.2	7.8
	10	1.7	5.3	4.5	3.5	2.9	1.5	1.2	2.8	4.8	5.8	4.8	4.6	3.3	3.1	3.1	2.9	2.1	2.2	2.4	2.1	2.1	2.2	2.8	4.4	3.4	1.5	0.7	0.9	1.2	1.2	1.2	1.8	2.1	1.9	2.3	3.6	3.9	5.3
	11	1.9	5.1	4.9	3.3	2.1	1.8	1.4	3.7	5.4	6.2	7.9	7.7	5	4.8	4.8	3.4	2.4	1.9	1.8	1.2	1.5	1.5	1.5	1.7	1.5	1	0.5	0.5	0.5	0.7	1.1	1.4	1.6	2.2	2.4	3.1	2.2	5.1
	12	3.6	4.6	2.9	2	1.8	1.8	2.4	5.9	6.6	4.7	5.4	3.8	2.2	2.5	2.7	2	1.4	1.2	1	0.9	1	1.6	1.7	1.3	2.3	2.4	2.1	1.6	1.2	1.2	2.4	3.2	2.9	4.2	4.6	5.7	4.8	4.6
FREQUENCY OF SPEED                                                              																																							
	Month	0	1	2	3	4	5	6	7	8	9	10	11	12	13	14	15	16	17	18	19	20	21	22	23	24	25												
	ALL	3.4	3.9	11.9	15	14.6	12.6	10.1	8.2	6.3	4.6	3.5	2.2	1.6	1	0.5	0.3	0.1	0.1	0.1	0	0	0	0	0	0	0												
	1	4.1	3.4	11	12.8	14.4	12.4	10.9	9.1	6.8	4.3	3.6	2.6	1.8	1.3	0.7	0.4	0.2	0.1	0.1	0	0	0	0	0	0	0												
	2	6.6	3.3	8.4	11.7	13.3	13	10	8.9	7	5.8	3.9	2.7	1.9	1.1	0.8	0.3	0.3	0.3	0.2	0.2	0.1	0	0	0	0	0												
	3	3.8	3.9	11.1	15.4	17.1	14.9	10.7	7.7	5.5	3.5	2.4	1.5	1.1	0.6	0.4	0.2	0.1	0.1	0.1	0.1	0	0	0	0	0	0
	4	4.2	4.5	12	16.2	16.3	12.7	9.5	7.6	6.1	3.7	2.6	1.6	1.1	0.7	0.5	0.2	0.1	0.1	0.1	0	0	0	0	0	0	0
	5	5.1	6.4	16.9	19.2	16.1	12	8.5	5.4	3.9	2.6	1.7	0.9	0.6	0.4	0.1	0	0	0	0	0	0	0	0	0	0	0
	6	3.3	5.2	18.3	22	17.5	11.8	7.5	5.7	4.2	2.2	1.2	0.5	0.4	0.3	0.1	0	0	0	0	0	0	0	0	0	0	0
	7	2.8	3.9	14.1	18.3	17.1	13.2	9.4	7.1	5.2	3.6	2.6	1.2	0.8	0.6	0.1	0	0	0	0	0	0	0	0	0	0	0
	8	1.8	3	10.4	12.6	12	12.4	11.7	10.5	7.9	6.1	4.4	3	2.1	1.1	0.6	0.3	0	0	0	0	0	0	0	0	0	0
	9	1.5	2.6	8.1	11.4	12.8	12.9	11.9	10.3	8	6.3	5.5	3.7	2.2	1.3	0.9	0.5	0.1	0	0	0	0	0	0	0	0	0
	10	1.7	3.2	9.2	12.1	13.9	13.3	11.1	8.8	6.9	5.5	4.7	3.4	2.4	1.2	0.8	0.6	0.3	0.3	0.3	0.2	0.1	0	0	0	0	0
	11	1.9	2.9	9.2	11.6	10.3	10.5	10.5	9.5	8.2	7	5.9	4.1	2.9	2.1	1.2	0.9	0.4	0.4	0.4	0.1	0	0	0	0	0	0
	12	3.6	3.6	10	12	11.9	11.3	11.3	9.5	7.3	5.8	4.4	3	2.3	1.7	0.8	0.6	0.4	0.2	0.1	0	0	0	0	0	0	0
PERCENT OF POWER BY SPEED                                                       																											
	Month	0	1	2	3	4	5	6	7	8	9	10	11	12	13	14	15	16	17	18	19	20	21	22	23	24	25
	ALL	0	0	0.4	1.6	3.3	5.4	7.4	9.4	10.4	10.8	11	9.5	8.6	6.8	4.7	3.3	1.9	1.6	1.5	0.8	0.6	0.4	0.2	0.2	0.1	0.1
	1	0	0	0.4	1.3	3.2	5.2	7.6	9.9	10.8	9.6	10.8	10.4	9.3	8.1	6	3.8	2	0.8	0.7	0.2	0	0	0	0	0	0
	2	0	0	0.3	1	2.5	4.5	5.9	8.2	9.4	11	9.9	9.2	8.3	6.1	5.6	2.8	2.6	3.3	2	2.6	2.5	0.6	1	0.8	0	0
	3	0	0	0.5	2	4.9	7.8	9.6	10.7	11.1	10.1	9.1	7.7	7.1	4.9	3.8	2.3	2.2	1.1	3	1.7	0	0.4	0	0	0	0
	4	0	0	0.5	2	4.3	6.3	8	10.1	11.6	10	9.6	7.6	7.1	5.9	4.6	2.7	1.1	1.6	1.3	0.5	1.2	1.4	0.8	0.4	0.5	0.6
	5	0	0.1	1.1	3.7	6.7	9.5	11.4	11.2	11.7	11.5	10.2	7.3	5.9	5.6	2.1	0.7	0.2	0.2	0	0	0	0	0	0	0.6	0
	6	0	0.1	1.5	4.9	8.4	10.7	11.6	14	14.7	11.1	7.9	4.6	5.2	3.7	0.9	0	0	0	0	0	0	0	0.6	0	0	0
	7	0	0.1	0.8	2.8	5.6	8.2	9.9	11.7	12.6	12.2	12.1	7.1	6	5.7	1.8	0.7	0.7	0.2	0.2	0	0	0	0	1	0	0.6
	8	0	0	0.3	1.2	2.4	4.7	7.5	10.6	11.6	12.8	12.5	11.1	10	6.7	4.4	3.1	0.4	0.3	0	0	0.2	0	0	0	0	0
	9	0	0	0.2	0.9	2.3	4.4	6.8	9.2	10.4	11.8	13.8	12.2	9.4	7.1	6	3.7	0.9	0.4	0	0	0	0	0.3	0	0	0
	10	0	0	0.3	0.9	2.4	4.2	6	7.4	8.4	9.5	11.2	10.6	9.7	6.2	5.1	4.4	2.8	2.7	3.2	2.6	1.2	0.9	0	0.3	0	0
	11	0	0	0.2	0.8	1.4	2.8	4.7	6.7	8.4	10.1	11.6	10.4	9.8	8.9	6.4	5.6	2.7	3.7	4.1	0.8	0.4	0.2	0.2	0	0	0
	12	0	0	0.3	1	2.1	3.8	6.4	8.3	9.4	10.6	10.9	9.8	9.8	8.9	5.2	4.7	4	2.4	1	0.2	0.7	0.5	0	0	0	0
PREVAILING DIRECTION BY HOUR                                                    																											
	Month	0	1	2	3	4	5	6	7	8	9	10	11	12	13	14	15	16	17	18	19	20	21	22	23		
	ALL	360	360	320	90	360	360	360	360	340	360	340	360	330	350	360	340	360	360	360	360	340	360	360	360		
	1	340	90	360	90	80	360	70	100	60	360	70	60	360	330	80	360	80	60	360	100	360	60	360	60		
	2	10	360	10	360	60	360	360	60	70	330	70	60	60	320	320	350	70	90	100	90	90	360	360	90		
	3	360	100	320	90	90	90	350	90	340	340	340	330	330	330	330	360	360	360	90	360	90	350	360	360		
	4	320	360	320	310	310	310	320	350	230	360	320	340	320	320	340	340	350	340	340	340	350	350	350	320		
	5	320	340	330	330	260	340	340	330	110	340	330	330	340	350	350	340	320	340	330	340	330	320	330	330
	6	260	270	260	260	200	310	260	260	260	260	260	270	330	340	10	340	320	360	30	320	320	330	330	260
	7	40	230	210	210	210	200	230	210	210	210	210	270	350	10	310	20	350	290	360	360	350	360	40	40
	8	210	210	220	210	220	200	210	230	220	210	210	200	210	330	350	330	340	20	340	340	200	210	200	210
	9	360	360	350	360	360	360	360	340	10	360	360	360	350	360	360	10	360	360	360	360	360	360	360	360
	10	80	10	80	80	220	360	80	10	80	80	100	360	80	80	80	70	80	80	360	80	80	360	70	80
	11	90	90	100	90	90	100	90	100	90	90	100	100	100	90	100	90	90	90	100	80	90	100	90	100
	12	60	70	70	90	70	70	340	70	70	340	70	70	60	60	60	350	60	60	90	60	60	70	70	350
SPEED FOR PREVAILING DIRECTION BY HOUR                                          																									
	Month	0	1	2	3	4	5	6	7	8	9	10	11	12	13	14	15	16	17	18	19	20	21	22	23
	ALL	7.04	7.23	6.16	5.85	7.62	7.45	7.4	7.28	6.59	7.27	6.6	7	6.07	6	6.66	6.07	6.65	6.91	6.79	6.73	6.29	6.88	7.11	7.06
	1	6.42	6.06	8.48	6.64	4.49	7.9	5.35	6.97	5.69	7.8	5.52	5.29	8	6.82	5.13	6.29	5.27	5.07	8.49	6.1	8.85	5.61	8.27	5.82
	2	9.18	6.81	8.42	7.04	6.42	7.39	8.49	6.65	5.48	6.14	6.23	5.79	6.86	6.75	6.82	7.28	6.42	6.42	8.88	8.7	7.11	7.43	7.64	7.39
	3	6.25	5.34	5.01	5.65	7.43	6.35	6.36	6.42	6.41	5.96	5.48	7.15	5.8	6.42	6.88	7.51	6.2	7.27	6.63	6.76	5.91	6.08	7.05	6.8
	4	5.51	6.62	4.95	5.5	5.44	5.37	4.97	4.95	5.9	6.44	5.6	6.32	5.77	5.45	6.86	7.19	7.21	7.05	5.94	5.62	8.36	6.71	7.03	5.03
	5	6.04	5.39	4.61	4.66	4.69	4.7	4.73	5	3.77	4.96	5.86	5.18	4.73	5.14	4.57	5.09	4.33	5.94	6.59	5.71	6.64	6.28	6.41	6.05
	6	4.36	3.63	3.87	3.88	4.87	4.4	3.65	3.75	4.48	4.34	5.36	4.88	5.52	4.69	3.73	4.96	5.45	4.09	3.99	5.31	5.45	6.06	5.47	4.12
	7	4.55	4.47	6.75	6.84	6.75	5.35	5.6	6.44	6.72	6.64	6.5	3.76	2.83	4.42	3.96	4.96	5.25	5.8	4.62	4.94	5.72	4.61	4.27	4.59
	8	7.13	7.82	6.2	8.24	6.31	7.5	7.16	5.07	5.64	7.32	7.25	7.21	7.85	5.35	6.67	5.53	5.05	5.24	6.7	5.31	8.72	8.03	7.96	6.86
	9	8.5	8.4	8.42	8.43	8.76	8.23	8.09	8.12	9.64	8.25	7.94	7.66	7.32	8.47	9.36	6.75	8.64	8.44	7.74	8.18	8.56	8.73	7.76	8.51
	10	5.06	9.41	4.39	4.26	5.15	9.55	4.59	8.67	5.51	5.97	5.71	7.65	5.48	5.24	5.65	5	5.9	5.45	9.16	4.67	5.32	8.66	4.57	4.69
	11	6.65	7.06	7	7.33	7.37	8.78	7.41	7.45	7.88	7.85	7.42	8.27	7.09	7.13	6.86	7.44	7.37	7.92	8.38	6.65	7.89	8.32	7.12	6.66
	12	7.04	6.39	6.86	7.48	6.81	5.68	6.97	6.62	6.03	8.05	6.59	6.79	5.82	6.66	6.07	7.82	6.77	6.84	7.29	6.56	6.09	5.85	7.1	7.39
