SHMYA/EARECKSON AFS AK - 704140                                                 														
 52 deg    43' N  174 deg    07' E - Elev   30m   LST=GMT+99 hours   *NT=+12    														
 01/73-08/02                                                                    														
SPEED BY YEAR                                                                   														
	Year	ALL	JAN	FEB	MAR	APR	MAY	JUN	JUL	AUG	SEP	OCT	NOV	DEC
	ALL	7.73	8.77	9.03	8.76	8.06	7.09	6.26	5.68	6.21	6.84	7.93	9.29	9.02
	1973	8.02	9.73	11.56	8.86	8.75	6.44	6.22	4.95	6.59	6.84	7.3	9.48	9.9
	1974	7.81	10.24	9.82	9.73	7.86	6.52	4.74	5.71	6.72	6.88	7.1	9.8	8.74
	1975	7.91	9.76	9.75	8.35	6.83	7.28	5.21	5.48	6.45	6.02	8.73	11.11	10.05
	1976	7.92	9.76	10.23	8.25	8.6	6.98	7.07	6.57	5.27	7.57	8.01	8.25	8.6
	1977	7.63	6.97	8.96	8.15	6.97	7.06	6.18	5.41	5.18	8.14	8.56	10.48	9.62
	1978	8.21	8.49	5.72	9.45	9.21	6.53	7.81	6.85	7.72	7.06	7.57	10.68	11.29
	1979	7.9	8.46	9.1	7.64	8.25	7.26	7.4	5.67	6.46	7.17	9.42	9.39	8.73
	1980	6.56	7.35	7.61	6.59	6.51	7.21	5.87	4.52	4.67	6.14	5.9	8.29	8.06
	1981	6.68	6.47	8.34	6.89	8.57	6.34	5.13	4.44	5.91	4.27	6.28	8.56	9.11
	1982	7.91	7.91	7.82	10.83	8.9	7.47	7.92	5.4	7.08	6.59	8.03	8.76	8.29
	1983	7.09	8.31	7.74	7.66	8.21	6.46	5.07	5.17	6.37	6.63	7.62	7.95	7.96
	1984	7.56	8.75	9.71	8.45	8.76	7.04	6.37	5.63	4.85	6.53	6.23	9.51	9.08
	1985	7.51	9.34	10.31	10.44	7.87	7.1	6.23	6.28	5.07	5.36	7.14	7.81	7.3
	1986	6.98	8.07	7.43	7.94	7.84	6.59	5.36	3.85	6.12	6.81	6.65	8.28	8.86
	1987	8.24	8.81	9.92	10.27	8.59	6.78	7.01	6.54	7.05	6.96	8.84	8.31	9.92
	1988	7.13	8.47	8.8	8.25	7.35	7.73	5.89	5.4	5.17	6.68	6.61	7.59	7.7
	1989	8.11	9.26	10.49	8.83	8.05	6.79	5.42	5.51	6.51	8.82	11.09	8.54	8.22
	1990	7.95	9.91	9.45	9.54	7.17	7.22	5.41	6.01	7.33	5.89	8.61	9.88	8.95
	1991	7.22	8.36	6.59	10.03	6.29	6.44	5.35	5.34	6.11	6.55	6.95	8.7	9.85
	1992	7.96	6.95	10.48	8.68	8.86	7.63	6.72	6.05	6.31	7.55	6.93	9.98	9.61
	1993	8.02	8.74	8.18	7.7	8.4	7.26	6.79	6.5	5.58	6.67	10.43	10.14	10.18
	1994	8.61	9.47	12.5	9.45	6.95	7.84	6.73	6.65	8.26	8.16	9.01	10.46	8.18
	1995	8.13	10.57	7.96	8.45	9.04	7.22	5.73	4.84	5.03	7.9	9.23	7.6	7.79
	1996	8.34	10.92	10.19	9.69	7.84	7	7.09	6.44	6.79	6.81	7.98	10.2	9.93
	1997	8.48	10.75	7.7	10	9.24	9.77	6.72	6.05	5.81	7.2	8.17	11.97	10.19
	1998	8.3	10.05	8.07	8.58	9.77	8.01	7.05	6.7	6.62	8.05	8.12	11.42	9.44
	1999	8.18	8.96	8	8.33	8.96	7.38	6.93	5.94	7.31	7	7.98	11.88	9.85
	2000	8.61	10.54	9.98	9.66	10.22	7.2	7.93	5.57	6	8.6	10.19	10.92	8.42
	2001	8.32	9.37	9.1	8.14	10.25	6.52	8.06	6.4	6.33	7.01	9.19	10.75	9.08
	2002	7.86	9.56	9.71	9.84	7.75	8.89	6.36	6.01	5.74	-1	-1	-1	-1
POWER BY YEAR                                                                   														
	Year	ALL	JAN	FEB	MAR	APR	MAY	JUN	JUL	AUG	SEP	OCT	NOV	DEC
	ALL	589	828	873	768	609	400	274	223	281	402	621	952	869
	1973	673	960	1550	856	802	290	222	147	316	392	483	1049	1124
	1974	589	1051	884	817	542	324	126	223	311	354	425	1212	841
	1975	690	1009	1188	749	415	450	152	212	275	280	931	1588	1076
	1976	654	1177	1150	826	744	485	324	332	238	451	780	703	647
	1977	579	361	881	722	441	399	230	192	153	664	756	1158	1028
	1978	663	702	268	843	838	323	453	312	441	488	574	1086	1612
	1979	638	892	1003	528	726	421	460	257	321	549	833	993	703
	1980	394	529	516	406	353	468	217	120	141	279	323	771	601
	1981	407	308	653	452	581	276	144	104	206	106	301	802	975
	1982	629	585	532	1312	832	449	594	218	393	376	694	777	783
	1983	431	664	477	425	675	279	125	164	268	376	528	578	620
	1984	593	802	1050	679	755	415	321	235	194	322	326	994	1060
	1985	536	882	1037	1200	522	415	223	228	180	198	486	586	509
	1986	457	585	480	611	625	337	176	114	258	386	393	810	721
	1987	660	888	1056	989	713	311	370	303	321	450	754	765	1037
	1988	460	813	725	675	451	499	207	162	167	309	348	586	582
	1989	699	1101	1415	684	559	372	206	210	302	774	1209	888	721
	1990	641	1222	963	916	500	403	171	264	528	252	675	994	819
	1991	501	633	397	1236	326	284	205	171	280	365	402	692	998
	1992	580	431	1096	605	713	531	331	236	244	547	371	1009	890
	1993	636	913	692	492	556	375	286	289	194	330	1130	1213	1232
	1994	745	1030	1837	871	372	495	341	354	585	535	829	1149	652
	1995	674	1236	721	560	712	340	193	129	130	510	942	494	484
	1996	679	1245	1034	1085	511	321	334	343	287	386	560	1228	1012
	1997	628	1032	446	848	714	804	251	203	199	329	565	1498	989
	1998	651	1141	528	588	1040	559	322	330	284	576	508	1489	991
	1999	647	926	518	731	789	424	317	203	375	351	466	1623	1161
	2000	731	1293	914	858	891	339	476	273	225	611	1086	1511	772
	2001	659	1039	847	621	1097	256	488	239	236	330	786	1371	699
	2002	511	746	917	935	413	623	228	220	193	-1	-1	-1	-1
NUMBER OF SPEED OBSERVATIONS BY YEAR                                            														
	Year	ALL	JAN	FEB	MAR	APR	MAY	JUN	JUL	AUG	SEP	OCT	NOV	DEC
	ALL	209480	18150	16516	17617	17245	17914	17378	17901	17949	16960	17515	16879	17456
	1973	7249	615	542	531	571	538	594	599	677	669	649	595	669
	1974	8242	674	638	715	677	712	682	689	685	683	706	669	712
	1975	8375	696	616	709	699	701	699	710	703	697	711	701	733
	1976	8428	722	677	697	689	696	691	727	716	683	718	704	708
	1977	8501	689	638	727	709	732	717	735	695	693	738	703	725
	1978	8563	728	659	726	706	728	699	731	731	703	724	705	723
	1979	8596	738	669	735	712	737	709	734	709	698	732	703	720
	1980	8887	851	696	744	720	744	720	743	741	720	744	720	744
	1981	8759	744	672	744	720	744	720	744	744	720	744	719	744
	1982	8761	744	672	744	720	744	720	745	745	721	744	719	743
	1983	8781	747	674	744	721	745	722	749	744	720	744	725	746
	1984	8801	747	699	745	720	745	725	745	745	720	744	720	746
	1985	8780	744	674	745	721	749	721	746	745	720	746	722	747
	1986	8771	746	672	744	720	746	719	750	745	721	744	720	744
	1987	8774	746	672	745	720	745	722	745	746	720	746	721	746
	1988	8749	740	695	746	720	742	720	741	741	712	734	716	742
	1989	8773	746	676	746	719	744	720	748	746	719	744	722	743
	1990	8786	746	674	749	721	746	721	749	747	720	744	722	747
	1991	8783	752	675	746	721	746	720	747	746	720	744	722	744
	1992	8825	749	696	751	720	747	727	747	744	723	745	725	751
	1993	8311	722	649	713	675	708	697	719	712	687	686	671	672
	1994	8372	685	626	709	680	722	682	723	696	698	717	705	729
	1995	3235	702	646	211	177	183	189	178	207	173	193	185	191
	1996	2225	180	156	178	183	191	170	175	231	188	214	177	182
	1997	2502	194	163	177	189	244	229	243	242	225	218	177	201
	1998	2613	188	174	200	207	253	308	300	243	191	197	191	161
	1999	2721	204	211	215	283	284	247	224	195	221	213	215	209
	2000	2724	195	193	247	220	277	246	220	289	221	206	197	213
	2001	2651	212	216	205	237	242	222	228	260	174	226	208	221
	2002	1942	204	196	229	268	279	220	267	279	0	0	0	0
NUMBER OF SPEED OBSERVATIONS BY HOUR                                            														
	Hour	ALL	JAN	FEB	MAR	APR	MAY	JUN	JUL	AUG	SEP	OCT	NOV	DEC
	0	8000	710	648	674	646	682	645	672	674	652	679	644	674
	1	7958	707	639	664	645	672	648	673	665	654	671	648	672
	2	7983	706	635	671	652	680	648	676	663	655	677	648	672
	3	7985	701	634	674	641	691	657	671	669	649	676	647	675
	4	8079	703	629	675	675	705	670	684	686	662	670	650	670
	5	8454	705	632	684	713	767	733	746	751	687	698	660	678
	6	9235	712	650	696	820	867	837	858	858	787	789	666	695
	7	9875	830	776	833	817	850	827	856	858	796	822	795	815
	8	9834	840	762	820	825	844	818	839	848	789	834	790	825
	9	9878	839	768	835	815	857	829	855	863	800	812	783	822
	10	9925	850	758	838	832	859	831	860	878	799	821	791	808
	11	10227	875	803	865	849	881	852	902	890	803	850	814	843
	12	9819	845	769	833	819	859	831	847	847	781	808	776	804
	13	9780	841	768	830	810	835	815	841	843	797	813	779	808
	14	9740	831	778	830	807	836	807	825	839	783	813	787	804
	15	8750	822	763	819	675	669	664	683	708	668	700	779	800
	16	8063	711	640	676	655	674	658	685	686	656	675	664	683
	17	8041	703	643	679	653	667	664	682	689	649	678	659	675
	18	8011	704	641	675	652	682	664	673	678	647	670	658	667
	19	7977	704	638	663	648	662	661	675	682	651	678	646	669
	20	7986	707	637	673	646	667	656	674	675	654	666	655	676
	21	7964	702	633	673	656	667	658	673	667	646	669	647	673
	22	7956	705	637	665	648	668	654	673	667	647	672	646	674
	23	7960	697	635	672	646	673	651	678	665	648	674	647	674
	24	8000	710	648	674	646	682	645	672	674	652	679	644	674
SPEED BY HOUR                                                                   														
	Hour	ALL	JAN	FEB	MAR	APR	MAY	JUN	JUL	AUG	SEP	OCT	NOV	DEC
	0	7.51	8.42	9.09	8.57	7.7	6.55	5.88	5.52	6.06	6.5	7.74	9.1	9.01
	1	7.51	8.59	8.84	8.48	7.73	6.63	5.91	5.41	6.08	6.52	7.77	9.19	8.97
	2	7.54	8.52	8.99	8.56	7.81	6.68	5.98	5.4	6.11	6.47	7.78	9.25	9.03
	3	7.54	8.56	8.85	8.55	7.81	6.71	5.99	5.43	6.04	6.48	7.77	9.24	9.08
	4	7.54	8.56	8.99	8.67	7.76	6.72	5.97	5.49	6.02	6.49	7.69	9.15	9.2
	5	7.5	8.7	8.94	8.43	7.85	6.87	5.98	5.37	5.93	6.55	7.77	9.07	9.25
	6	7.52	8.79	8.9	8.46	8.06	6.98	6.2	5.51	6.04	6.57	7.83	9.01	9.19
	7	7.72	8.9	9.02	8.68	8.19	7.13	6.22	5.64	6.01	6.6	7.74	9.42	9.33
	8	7.76	8.94	9.02	8.74	8.23	7.24	6.3	5.62	6.19	6.89	7.89	9.25	9.05
	9	7.86	8.95	8.89	8.84	8.41	7.44	6.41	5.78	6.26	7.07	7.96	9.35	9.19
	10	7.93	9.17	8.93	8.83	8.44	7.5	6.46	5.83	6.34	7.24	8.02	9.55	9.09
	11	8.04	9.28	9.13	9.02	8.45	7.56	6.63	6.01	6.39	7.36	8.3	9.52	9.04
	12	8.08	9.19	9.19	8.99	8.57	7.6	6.71	6.09	6.5	7.43	8.26	9.6	9.09
	13	8.11	9.09	9.12	8.95	8.64	7.65	6.76	6.12	6.51	7.46	8.47	9.74	8.98
	14	8.12	9.16	9.2	9.15	8.53	7.57	6.8	6.05	6.48	7.49	8.44	9.65	9.01
	15	8.1	9.05	9.25	8.98	8.39	7.45	6.66	6.05	6.48	7.29	8.23	9.56	8.96
	16	7.87	8.66	9.12	8.92	8.17	7.48	6.6	5.93	6.43	7.21	8.02	9.17	8.82
	17	7.77	8.51	9.1	8.93	8.04	7.23	6.49	5.82	6.34	6.94	7.87	9.19	8.84
	18	7.67	8.56	9.07	8.84	7.89	7.09	6.26	5.75	6.22	6.7	7.8	9.12	8.79
	19	7.55	8.51	9.03	8.72	7.69	6.84	6.06	5.55	6.13	6.46	7.61	9.23	8.79
	20	7.5	8.55	8.97	8.74	7.47	6.68	6	5.4	6.05	6.53	7.77	9	8.81
	21	7.48	8.57	9.03	8.69	7.64	6.63	5.88	5.33	6.03	6.44	7.69	9	8.83
	22	7.46	8.34	8.94	8.7	7.56	6.58	5.83	5.34	6.09	6.47	7.69	9	8.94
	23	7.49	8.44	9.02	8.47	7.61	6.63	5.85	5.42	6.07	6.46	7.76	9.16	8.97
	24	7.51	8.42	9.09	8.57	7.7	6.55	5.88	5.52	6.06	6.5	7.74	9.1	9.01
POWER BY HOUR                                                                   														
	Hour	ALL	JAN	FEB	MAR	APR	MAY	JUN	JUL	AUG	SEP	OCT	NOV	DEC
	0	574	777	882	742	583	353	249	228	278	386	590	926	891
	1	572	826	817	717	584	367	247	210	284	383	611	947	871
	2	577	783	856	743	614	379	263	209	286	372	617	955	848
	3	579	787	853	734	621	379	268	209	284	360	619	981	870
	4	584	827	879	749	610	374	258	211	268	362	619	971	921
	5	569	825	882	711	607	383	255	201	268	369	615	911	946
	6	557	866	848	717	627	402	266	211	267	359	611	880	914
	7	591	888	861	758	629	412	261	221	256	367	599	986	919
	8	604	898	883	777	637	421	267	211	281	401	637	988	883
	9	608	882	841	794	668	444	272	225	275	418	624	988	927
	10	615	917	853	764	664	455	278	234	275	448	625	1020	916
	11	623	933	884	793	641	450	302	233	280	447	663	1029	884
	12	627	883	916	799	667	445	305	250	289	456	661	1021	900
	13	628	874	892	782	675	450	311	251	290	457	690	1047	862
	14	624	853	904	814	645	431	315	240	296	469	675	1037	850
	15	629	863	891	795	617	415	310	246	298	454	649	965	848
	16	592	794	888	793	583	426	301	241	302	415	625	914	825
	17	574	755	884	791	578	392	301	222	293	390	615	870	805
	18	574	780	902	786	567	376	282	226	275	393	607	873	828																									
	19	559	758	856	769	554	353	265	217	282	378	575	925	795																									
	20	560	750	898	784	539	346	257	212	279	390	595	866	807																									
	21	567	786	898	769	556	353	244	202	286	386	577	901	851																									
	22	555	725	837	785	534	356	240	210	286	381	577	877	858																									
	23	560	761	872	725	535	358	240	217	285	367	586	944	838																									
	24	574	777	882	742	583	353	249	228	278	386	590	926	891																									
SPEED BY DIRECTION                                                              																																							
	Month	calm	0	10	20	30	40	50	60	70	80	90	100	110	120	130	140	150	160	170	180	190	200	210	220	230	240	250	260	270	280	290	300	310	320	330	340	350	360
	ALL	0	7.38	7.65	7.8	7.87	8.29	8.1	8.07	7.83	7.74	7.76	7.91	7.94	7.5	7.74	8.1	7.72	8.18	8.05	8.17	8.44	8.81	8.78	8.7	8.77	8.47	8.22	7.69	6.96	6.46	6.3	6.67	7.47	7.55	7.48	7.42	7.52	7.38
	1	0	8.6	9	9.1	9.3	9.8	9.6	9.4	8.6	8.5	8.4	9.1	9.8	9.8	9.8	10.4	9.4	9.3	8.6	7.8	9	10.4	10.2	10.2	10.2	10.9	10.3	9.9	8.3	7.4	6.2	5.8	7.4	7.4	7.6	7.6	8.4	8.6
	2	0	8.7	8.3	8.5	8.9	9.4	9.2	8.5	8.7	9	9.3	10	10.5	9.6	9.9	10.3	9.8	10.2	9.9	9.4	9.9	11.1	10.9	10.4	11.1	11.4	10.6	9.5	8.2	7.2	6.3	5.8	6.8	7.6	7.8	8	8.8	8.7
	3	0	8.4	8.8	9.6	9.9	9.7	9.1	8.9	8.6	8.8	8.8	9.1	8.8	9.2	9.2	9.4	8.5	8.5	9.1	9.3	9.7	10.6	10.9	9.9	10.5	10	9.5	8.6	8.1	7.1	6.6	6.2	6.9	7.4	7.2	8	8.6	8.4
	4	0	7.2	7.6	7.5	7.7	7.7	7.5	7.9	7.8	8.3	8.3	8.5	8.8	8.2	8.4	8.4	8.3	8.7	8.3	8.8	9	9.9	9.7	9.5	9.3	9.4	8.8	8	7.4	6.4	5.9	6.3	7.6	8.1	8.3	7.5	7.2	7.2
	5	0	6.1	6.5	6.8	6.7	7.1	6.3	6.5	6.3	7	6.6	6.9	6.9	6.8	6.6	6.5	6.9	7.8	7.3	8.1	8	8.3	8.4	8.2	8.5	7.9	8	7	6.4	5.7	6.7	6.9	7.6	7.5	7.2	6.8	6.8	6.1
	6	0	6.4	6.3	6.1	6.2	6.5	5.9	6	5.6	5.7	5.8	5.6	5.7	5.1	5.5	5.6	5.8	5.8	5.5	5.8	6.2	7.1	7.3	7.1	6.7	6.9	6.8	6	5.3	5.3	6.2	7.1	7.2	6.9	6.8	6.8	7.1	6.4
	7	0	6.3	6	5.7	5.7	5.6	5.7	6	6	6.5	5.8	5.2	5.1	4.7	4.8	5.1	5	5.4	5.3	6	6.3	6.4	6.1	5.7	5.8	5.8	5.5	4.9	4.5	4.3	5	6.2	6.8	6.7	7.3	6.7	6.6	6.3
	8	0	6.2	6.3	6.6	6	6.3	6.9	6.4	6.5	6	6.1	5.4	5.3	5	5.4	5.6	5.7	6.4	6.4	7	7.3	7.4	6.8	6.6	7.1	6.4	5.9	5.4	4.8	4.7	5.3	5.9	6.6	6.9	6.8	6.4	6.3	6.2
	9	0	6.7	6.9	6.2	5.9	7	7	6.5	6.1	6.2	6.6	6.2	6.5	6.2	6.8	8.1	7.3	7.4	7.6	7.3	8	7.8	7.7	7.9	8.2	7.6	6.7	6	5.2	5.2	6.2	6.7	7.3	7.3	6.6	7.2	7.2	6.7
	10	0	7.1	7.3	7.5	7.2	7.6	7.8	8.6	8.1	7.3	8	8.3	7.6	7.3	8.4	8.9	8.4	9.4	9.5	9.6	9.6	9.4	9.7	9.7	9.5	9	8.6	7.4	6.7	5.6	5.7	6.8	7.5	8	7.4	7	7	7.1
	11	0	7.6	7.8	7.1	7.4	8	7.6	8	8.2	7.8	7.6	8.1	9	9.4	9.3	10.8	9.8	11.1	11.1	11.1	10.9	10.9	10.4	11	11.3	11.3	11.4	11	9.3	7.8	7	8	9.6	8.8	8.3	8.4	8.1	7.6
	12	0	8.3	8.9	8.7	8.2	8.8	9.3	9.5	9.4	8.8	8.8	9.1	9.7	9.8	9.7	8.8	10.2	10.5	10.4	10.4	11.4	12.1	11.2	11.1	11.3	10.9	10.8	10.3	8.6	7.1	6.6	6.9	7.3	7.7	8.3	8.9	8.4	8.3
FREQUENCY BY DIRECTION                                                          																																							
	Month	calm	0	10	20	30	40	50	60	70	80	90	100	110	120	130	140	150	160	170	180	190	200	210	220	230	240	250	260	270	280	290	300	310	320	330	340	350	360
	ALL	2.17	5.52	3.35	3.12	3.09	2.82	2.39	2.45	2.07	1.81	1.82	1.56	1.8	1.92	1.91	1.84	2.17	2.11	2.04	2.48	2.94	3.45	3.87	3.25	3.78	4.18	3.8	2.93	2.48	2.11	1.89	2.39	2.89	3.29	3.58	3.4	3.5	5.52
	1	2.3	6.1	4.2	4.2	4.5	4.7	4.1	4.4	4	3.2	3.4	2.6	2.3	2.2	2.3	2.1	2	1.6	1.4	1.5	1.6	2.1	2.4	2.4	2.2	2.4	1.9	1.8	2	2.6	2.1	2.4	2.3	2.4	2.8	2.6	3.5	6.1
	2	1.9	6.2	4.4	4.7	5.4	5.2	4.2	3.7	3.4	2.9	3.3	2.6	2.8	2.2	2.3	2.4	2.3	2	1.6	2	2.1	2.6	2.8	2.4	2.3	2.4	2	1.4	1.5	1.9	1.6	1.8	1.4	2.2	2.5	2.5	2.6	6.2
	3	2	6.8	4.3	5.1	4.9	4.5	3.2	3.1	2.3	1.9	1.8	1.4	1.3	1.9	2.1	2.2	2.1	1.7	1.9	2.1	2.4	2.6	3.2	2.6	3.2	2.8	2.5	2.1	2.3	2.4	1.8	2.1	2.3	2.8	3	3.3	4.1	6.8
	4	1.8	5.7	3.3	2.9	2.7	2.4	2	2.4	1.9	1.8	1.6	1.3	1.9	2.1	2.2	2	2.1	2	2	2.1	3.2	3.4	3.9	3.2	3.6	4	4	3.2	2.4	1.7	1.7	2.1	3.2	4.1	4.5	3.7	3.6	5.7
	5	1.6	6.1	3.5	3.6	3.2	2.5	1.9	2	1.7	1.6	1.7	1.7	2.1	1.8	1.8	1.6	2.3	2.1	1.8	2	2.5	3	3.9	3.1	3.6	4	3.9	2.6	2.1	1.4	1.2	2.1	3.3	4.3	4.8	4.6	4.7	6.1
	6	1.9	5.5	3.5	2.6	3	2.4	2.2	2.2	1.8	1.8	1.8	1.7	2.5	2.4	2.5	2.2	2.6	2.4	2.2	2.8	3.5	3.8	3.7	3.1	3.7	4.8	4.1	2.8	1.8	0.9	0.7	1.4	2.9	3.1	3.3	3.9	4.2	5.5
	7	3.3	3.7	1.8	2	2.1	1.8	1.8	1.8	2	2.1	1.6	1.3	1.6	2.2	2	2.1	2.7	2.6	2.4	3	4	5.3	5.4	4.4	5.4	6.2	5.2	3.7	2.4	1.3	1	1.5	2.2	2.5	3.1	2.9	2.6	3.7
	8	2.7	4.1	2.4	1.6	1.4	1.2	0.9	1.1	0.9	0.9	1.1	1.2	1.3	2	2.1	1.8	2.6	2.6	3.1	4.1	4.8	5.9	5.8	4.3	5.8	6	5.5	3.9	3	1.6	1.3	1.9	2.6	3.2	2.9	2.6	2.6	4.1
	9	2.9	6.8	3.7	2.4	2.1	2.1	1.9	1.6	1.3	1	1.2	0.9	1.1	1.5	1.3	1.2	1.9	1.9	2.1	2.9	3.2	3.7	3.8	3.2	4.3	5	3.9	3.1	2.6	2.2	1.9	2.8	3.9	4.2	4.5	4.8	4.1	6.8
	10	2.4	5.3	2.7	2.5	2.5	1.8	1.7	1.9	1.3	1.3	1.3	1.4	1.6	1.8	2	1.9	2.2	2.2	2	2.7	2.9	3.5	4	3.6	4.5	5	4.3	3.1	2.5	2.3	2.3	3.4	4.1	4	3.9	3.2	3.6	5.3
	11	1.5	4.6	2.5	2.2	1.9	1.7	1.4	1.6	1.4	1.3	1.1	1	1.1	1.3	1.1	1.3	1.7	2.5	2.7	2.7	3.1	3.3	4.4	3.6	3.9	4.4	5.1	4.8	4.2	3.8	3.9	3.7	3.4	3.2	3.8	3.4	3.1	4.6
	12	1.7	5.4	3.9	3.6	3.5	3.5	3.3	3.5	2.9	2	1.9	1.7	1.9	1.7	1.3	1.3	1.7	1.5	1.3	1.6	1.9	2.1	3.1	2.9	3.1	3.3	3	2.7	2.9	3.4	3.4	3.5	3.1	3.6	3.8	3.3	3.4	5.4
FREQUENCY OF SPEED                                                              																																							
	Month	0	1	2	3	4	5	6	7	8	9	10	11	12	13	14	15	16	17	18	19	20	21	22	23	24	25												
	ALL	2.2	3	5.4	7.4	8.7	9.9	10	10.2	8.2	7.3	7.2	4.7	4.5	2.8	2.1	2.1	1	0.7	0.9	0.5	0.5	0.2	0.1	0.1	0.1	0.1												
	1	2.3	2.7	4.5	5.5	6.7	7.8	8	9.2	7.6	7.5	8.8	5.9	5.9	4	3	3.4	1.6	1.1	1.6	0.8	0.9	0.3	0.3	0.3	0.1	0.1												
	2	1.9	2.2	3.7	4.7	6.1	8.3	9	9.2	8.1	7.4	8.1	5.5	6	4	3.4	3.9	2.1	1.4	1.8	1	0.9	0.3	0.3	0.3	0.1	0.1												
	3	2	2.3	3.8	5.3	6.1	7.4	8.4	9.5	8.3	8	9.3	6.4	6.6	4.3	3.1	3.2	1.8	1.2	1.4	0.6	0.5	0.1	0.1	0.1	0.1	0.1												
	4	1.8	2.6	4.7	6.3	7.6	9.2	9.6	10.4	8.7	8	8.1	5.8	5.6	3.4	2.6	2.3	0.9	0.8	0.7	0.4	0.3	0.1	0.1	0.1	0	0												
	5	1.6	3.1	5.4	7.8	9.3	11.2	12	11.6	9.3	8	7.4	4.3	3.7	2	1.2	0.8	0.4	0.3	0.3	0.1	0.1	0	0	0	0	0												
	6	1.9	3.3	6.6	9.9	12.8	13.2	12.6	11.9	8.4	6.8	5.8	3	1.9	0.8	0.5	0.3	0.1	0.1	0.1	0	0	0	0	0	0	0												
	7	3.3	5.6	9.5	11.1	12.7	13	11.1	10.5	7.8	6.1	4.4	2.2	1.5	0.6	0.4	0.2	0.1	0.1	0	0	0	0	0	0	0	0												
	8	2.7	4.1	7.4	10.1	11.3	12.6	12.4	11.4	8.3	7.1	5	2.9	2.2	1	0.5	0.4	0.2	0.1	0.1	0.1	0	0	0	0	0	0												
	9	2.9	3.8	6.6	9.1	9.8	11.7	11.4	9.9	7.8	6.7	6.2	4.1	3.8	2.3	1.3	1	0.5	0.3	0.3	0.2	0.2	0.1	0.1	0	0	0
	10	2.4	2.8	5.2	7	8.4	9.1	9.4	10.1	8.5	7.2	7.7	4.7	4.8	3.3	2.4	2.2	1.3	0.9	1	0.5	0.4	0.2	0.1	0.1	0.1	0.1
	11	1.5	2.2	3.8	5.4	6.4	7.9	8.2	8.9	7.4	6.9	7.6	5.7	6.8	4.4	3.6	3.7	1.8	1.3	1.9	1.3	1.1	0.5	0.4	0.4	0.3	0.2
	12	1.7	1.8	3.9	5.7	6.7	7.7	8.1	9.3	8.1	7.7	8.6	5.8	5.9	3.9	3.1	3.6	1.7	1.2	1.8	0.9	1.1	0.3	0.4	0.3	0.1	0.1
PERCENT OF POWER BY SPEED                                                       																											
	Month	0	1	2	3	4	5	6	7	8	9	10	11	12	13	14	15	16	17	18	19	20	21	22	23	24	25
	ALL	0	0	0.1	0.3	0.7	1.6	2.7	4.5	5.2	6.4	8.6	7.6	9.6	7.4	6.8	8.2	4.9	4	5.9	3.7	4.1	1.7	1.7	1.9	1.1	1.1
	1	0	0	0	0.2	0.4	0.9	1.5	2.9	3.5	4.8	7.5	6.8	8.9	7.4	7	9.5	5.5	4.4	7.2	4.6	5.7	2.6	2.7	2.9	1.4	1.7
	2	0	0	0	0.1	0.4	0.9	1.7	2.8	3.5	4.5	6.6	6.1	8.7	7.2	7.5	10.4	6.9	5.3	7.7	5.1	5.5	2	2.1	2.8	1.3	0.9
	3	0	0	0	0.2	0.4	0.9	1.8	3.2	4.1	5.5	8.5	8	10.8	8.7	7.8	9.9	6.6	5	7.2	3.4	3.6	0.7	0.6	1.4	0.8	0.8
	4	0	0	0.1	0.2	0.6	1.4	2.5	4.5	5.4	6.9	9.4	9.1	11.6	8.8	8.3	8.9	4.1	4.1	4.4	3	2.2	1.2	1.1	0.7	0.7	0.8
	5	0	0	0.1	0.4	1.2	2.7	4.9	7.6	8.8	10.5	12.9	10.2	11.7	7.9	5.8	4.7	2.6	2.2	2.8	1.6	0.9	0	0.4	0.1	0	0
	6	0	0	0.2	0.8	2.3	4.5	7.3	11.1	11.4	12.9	14.8	10.4	8.3	4.3	3.5	2.6	1.5	1.1	1.4	0.6	0.3	0.2	0.1	0	0.2	0
	7	0	0	0.3	1.1	2.8	5.4	7.9	12	12.9	14	13.6	9.3	8	4.1	3.5	1.8	0.8	1	0.6	0.1	0.3	0.2	0.3	0	0.2	0
	8	0	0	0.2	0.8	2	4.2	7	10.3	10.8	12.9	12.2	9.6	9.3	5.6	3.6	3.3	2.3	1.5	1.9	0.9	0.5	0	0.1	0.6	0.2	0
	9	0	0	0.1	0.5	1.2	2.7	4.5	6.3	7.1	8.6	10.7	9.6	11.7	8.6	6.1	5.6	3.7	2.2	3	1.7	2.1	1.3	1	0.9	0.4	0.4
	10	0	0	0.1	0.3	0.7	1.4	2.4	4.2	5.1	6	8.6	7.2	9.6	8.1	7.5	8.3	5.7	4.8	6	3.9	3.5	1.7	1.2	1.6	0.9	1.3
	11	0	0	0	0.1	0.3	0.8	1.4	2.4	2.9	3.8	5.6	5.7	9	7.1	7.3	9.1	5.2	4.5	7.7	6	6.3	3.2	3.1	3.3	2.7	2.4
	12	0	0	0	0.2	0.4	0.8	1.5	2.8	3.5	4.6	7	6.4	8.6	7	6.8	9.7	5.5	4.7	7.9	4.8	6.8	2.4	3	2.8	1.1	1.8
PREVAILING DIRECTION BY HOUR                                                    																											
	Month	0	1	2	3	4	5	6	7	8	9	10	11	12	13	14	15	16	17	18	19	20	21	22	23	24	
	ALL	360	360	360	360	360	360	360	360	360	360	360	360	360	360	360	360	360	360	360	360	360	360	360	360	360	
	1	360	360	360	360	60	360	360	360	40	360	40	40	50	360	20	360	10	360	360	360	360	360	360	360	360	
	2	360	360	50	360	30	360	360	10	360	30	20	30	360	360	30	360	360	360	360	360	40	40	40	360	360	
	3	360	360	360	360	360	360	360	360	360	360	10	360	360	360	360	360	360	360	360	360	360	40	360	360	360	
	4	360	360	10	240	360	360	360	330	360	360	330	210	240	250	360	210	360	360	360	360	360	360	360	360	360	
	5	360	360	360	360	340	320	340	360	340	360	210	360	350	360	360	350	350	360	350	360	360	360	360	320	360	
	6	360	340	360	360	360	360	360	340	240	360	360	240	240	230	240	240	240	360	360	360	350	360	350	360	360	
	7	240	240	240	200	240	200	240	240	210	210	210	240	240	250	230	210	210	250	240	240	250	210	200	210	240	
	8	220	240	240	230	240	240	210	250	210	200	250	200	200	210	250	240	200	200	200	200	240	240	210	230	220	
	9	360	360	360	360	360	360	360	360	360	320	230	360	240	360	240	360	360	360	360	360	360	360	360	360	360	
	10	320	230	230	360	360	210	360	360	330	360	360	360	250	240	240	310	240	240	240	310	360	360	240	240	320	
	11	210	250	260	250	240	360	250	210	240	260	260	250	250	240	250	270	300	360	250	220	260	250	360	250	210
	12	330	360	360	20	360	360	360	360	300	360	360	360	360	360	360	10	360	360	360	360	360	360	360	10	330
SPEED FOR PREVAILING DIRECTION BY HOUR                                          																										
	Month	0	1	2	3	4	5	6	7	8	9	10	11	12	13	14	15	16	17	18	19	20	21	22	23	24
	ALL	6.83	6.87	6.94	6.87	7.09	7.07	7.21	7.45	7.41	7.51	7.45	7.63	7.89	7.8	7.79	8.16	7.56	7.56	7.71	7.54	7.24	7.26	7	7.07	6.83
	1	7.35	7.94	8.35	9.33	9.16	8.53	8.49	8.75	10.44	8.79	10.56	9.88	9.41	9.46	9.36	9.08	8.8	8.11	8.49	8.56	9	8.95	7.2	7.61	7.35
	2	8.43	8.69	9.79	8.13	8.61	8.15	8.16	8.02	9.04	8.96	8.07	9.4	8.81	8.42	9.16	9.4	8.79	8.96	8.53	9.02	9.52	9.08	8.52	8.29	8.43
	3	8.65	8.07	8.21	7.68	7.4	7.51	7.14	7.98	7.84	8.18	8.94	9.07	9.23	8.85	9.81	9.19	8.35	8.83	8.61	8.37	8.77	10.62	8.96	8.83	8.65
	4	6.57	5.4	6.87	10.48	7.3	7.78	7.63	8.97	6.89	6.9	9.24	7.91	8.94	8.56	8.23	9.82	7.54	8.14	8.06	7.39	6.44	6.46	6.46	6.69	6.57
	5	4.34	5.06	5.33	5.32	6.73	6.18	6.09	6.42	7.17	6.65	8.7	6.28	7.24	6.56	7.04	7.12	7.42	6.21	6.44	6.2	5.64	5.13	5.49	6.38	4.34
	6	6.62	6.63	5.91	5.91	6.23	5.9	6.19	6.43	6.44	5.91	6.39	6.49	6.68	6.88	6.68	7.11	7.27	6.85	7.18	6.96	6.54	6.67	6.71	5.4	6.62
	7	6.23	5.65	6.49	5.84	6.48	6.76	6.43	6.41	6.11	5.93	6.36	5.45	5.54	6.25	5.6	5.71	5.08	5.14	5.11	5.6	4.84	5.93	6.06	5.18	6.23
	8	7.33	6.02	6.28	7.5	6.81	7.87	7.06	5.97	7.06	7.53	5.98	7.31	7.11	5.53	5.78	6.58	7.55	7.21	7.74	7.3	6.36	6.9	7.5	7.52	7.33
	9	5.72	5.97	5.87	5.27	6.25	6.4	6.61	7.78	7.01	7	7.78	8.02	6.58	6.87	7.7	7.46	7.44	6.92	6.39	6.18	6.79	5.85	5.85	5.76	5.72
	10	7.79	10.38	10.25	6.03	6.06	10.01	6.56	6.98	7.87	7.66	8.02	7.34	8.85	9.04	9.27	7.66	8.72	8.2	8.37	6.29	6.67	6.84	8.34	8.7	7.79
	11	10.1	11.93	10	10.49	11.58	7.52	10.5	11.21	11.65	11.19	11.17	12.15	12.25	11.21	12.17	9.42	7.29	7.35	10.45	10.16	12.21	12.38	7.11	11.79	10.1
	12	7.76	8.46	8.15	9.21	8.41	7.85	8.4	8.47	6.69	8.46	7.82	7.84	8.36	8.59	8.07	9.33	8.03	7.81	9.27	8.92	8.14	9.44	8.28	8.24	7.76
