SITKA/JAPONSKI ARPT AK - 703710                                                 														
 57 deg    04' N  135 deg    21' W - Elev   20m   LST=GMT+99 hours   *NT= -9    														
 01/73-09/02                                                                    														
SPEED BY YEAR                                                                   														
	Year	ALL	JAN	FEB	MAR	APR	MAY	JUN	JUL	AUG	SEP	OCT	NOV	DEC
	ALL	3.77	4.28	4.2	3.87	3.76	3.53	3.28	3.01	2.89	3.29	4.34	4.41	4.43
	1973	3.66	3.95	3.59	3.42	3.91	3.96	3.73	2.69	2.75	2.73	4.91	3.65	4.64
	1974	3.74	3.63	4.73	3.09	3.49	3.49	3.22	3	2.58	2.97	5.21	4.4	5.14
	1975	3.59	4.92	5.12	3.11	3.43	3.21	3.27	2.61	2.53	2.57	3.71	3.87	4.94
	1976	3.72	4.85	3.48	3.74	3.52	4.27	2.94	2.85	2.8	3.11	3.65	5.05	4.26
	1977	3.67	3.41	5.77	4	4.05	3.41	2.89	2.67	3.09	2.71	5.56	3.79	2.83
	1978	3.53	3.07	4.6	4.28	3.09	3.43	3.03	2.83	2.2	3.23	4.74	3.44	4.32
	1979	3.34	2.8	3.41	3.99	2.61	3.2	2.95	2.86	2.61	3.09	4.16	4.3	4.07
	1980	4.18	4.04	4.08	3.65	4.77	4.04	3.76	3.19	3.25	3.72	5.39	5.6	4.78
	1981	4.02	5.49	3.6	4.5	4.16	3.13	3.41	3.8	3.29	4.09	3.61	4.67	4.4
	1982	3.7	4.08	3.91	2.78	4.5	4.7	3.1	3.78	2.67	2.64	4.71	3.32	4.26
	1983	3.84	5.58	4.93	3.52	3.53	3.31	3.38	3.38	3.27	3.58	4.59	4.27	2.75
	1984	4.19	4.74	5.81	4.45	4.38	3.8	3.66	3.27	3.06	3.61	4.5	4.68	4.34
	1985	4	5.44	4.91	4.82	4.84	4.06	3.72	2.92	2.95	3.24	3.89	3.5	3.79
	1986	3.8	5.51	3.82	4.74	4.44	3.14	3.61	2.72	2.99	2.27	3.39	4.31	4.68
	1987	4.49	5.17	5.08	3.71	5.13	4.24	4.02	3.77	3	4.16	4.86	5.64	5.14
	1988	4.03	4	4.94	4.63	4.24	3.87	3.46	3.01	2.99	3.62	4.14	5.16	4.36
	1989	3.6	5.22	2.38	3.58	3.29	3.47	3.33	3.03	2.71	3.21	4.16	4.65	4.09
	1990	3.75	3.93	4.52	3.96	3.39	3.11	3.16	2.93	2.8	3.92	4.54	4.69	4.1
	1991	3.95	3.28	4.58	3.41	4.29	3.8	3.48	3.07	3.4	3.72	4.21	5.21	5.09
	1992	4.23	5.31	4.39	4.44	4.11	4.53	4.11	3.68	3.23	3.71	4.25	4.75	4.33
	1993	3.43	4.03	3.1	4.07	2.57	2.8	2.9	2.88	3	2.79	3.43	4.5	5.15
	1994	3.48	3.42	3.66	4.21	3.21	3.6	2.61	2.63	2.61	3.43	4.4	4.33	3.77
	1995	3.27	3.3	3.37	3.34	3.33	2.15	3.08	2.98	2.47	2.68	4.02	4.29	4.17
	1996	3.47	2.99	3.62	3.29	3.81	2.66	3.58	2.64	2.94	3.28	4.39	3.87	4.58
	1997	3.5	3.97	4.04	4	3.47	2.87	2.57	2.53	2.5	2.73	3.8	4.09	5.57
	1998	3.7	3.84	5.3	3.25	3.72	3.33	3.55	3.11	2.98	3.22	3.96	3.68	4.62
	1999	3.95	3.88	5.04	3.78	3.99	3.71	3	3.23	2.74	3.72	4.72	5.06	4.56
	2000	3.49	4.06	2.82	4.43	3.35	3.33	2.78	2.39	2.89	3.22	4.22	4.16	4.19
	2001	4.3	5.49	3.08	4.44	3.5	4.39	3.31	3.57	3.49	4.43	4.92	5.06	5.32
	2002	3.21	4.38	4.19	3.21	2.88	3.05	2.8	2.38	2.83	2.39	-1	-1	-1
POWER BY YEAR                                                                   														
	Year	ALL	JAN	FEB	MAR	APR	MAY	JUN	JUL	AUG	SEP	OCT	NOV	DEC
	ALL	88	129	119	93	84	69	52	42	40	64	114	126	131
	1973	84	111	88	58	109	98	90	33	38	45	138	76	132
	1974	97	95	154	78	98	93	50	43	25	46	164	128	193
	1975	87	177	196	58	66	49	54	31	34	38	86	114	160
	1976	94	153	94	87	80	107	48	44	35	58	99	187	136
	1977	96	84	221	135	108	72	39	37	45	45	221	101	50
	1978	83	76	159	96	63	68	43	39	32	76	124	83	128
	1979	74	65	95	93	56	60	34	52	30	45	110	134	109
	1980	105	100	114	74	120	87	80	52	48	78	172	224	127
	1981	96	215	82	141	86	43	48	58	57	88	61	123	138
	1982	84	103	84	43	130	127	42	70	29	66	121	83	112
	1983	89	193	146	96	73	62	51	62	44	64	123	109	39
	1984	104	148	196	126	104	66	67	45	39	73	120	143	125
	1985	95	212	140	127	122	97	67	37	37	55	83	69	100
	1986	93	210	91	131	121	51	57	28	53	24	61	131	162
	1987	125	190	171	93	152	91	85	79	44	83	151	209	157
	1988	100	126	155	127	110	70	65	37	42	74	96	168	130
	1989	71	159	29	74	52	57	46	34	30	47	104	119	94
	1990	77	71	108	94	52	42	43	30	29	99	119	132	106
	1991	82	75	120	55	95	67	50	37	59	66	82	139	146
	1992	93	154	104	100	76	96	82	53	45	79	89	141	108
	1993	79	126	80	98	54	57	41	33	46	39	87	135	164
	1994	75	64	73	122	68	69	29	32	32	84	116	109	99
	1995	63	89	75	79	60	21	43	36	28	36	79	97	105
	1996	66	53	90	55	77	31	61	26	37	55	97	81	132
	1997	83	121	111	88	74	47	30	28	32	55	70	113	230
	1998	86	105	147	58	67	49	62	51	48	56	137	97	159
	1999	100	105	165	76	100	72	44	53	48	86	142	178	137
	2000	80	134	64	111	68	61	40	27	35	69	127	102	127
	2001	113	226	81	127	64	103	40	48	55	108	134	143	180
	2002	66	116	136	72	41	59	39	24	41	14	-1	-1	-1
NUMBER OF SPEED OBSERVATIONS BY YEAR                                            														
	Year	ALL	JAN	FEB	MAR	APR	MAY	JUN	JUL	AUG	SEP	OCT	NOV	DEC
	ALL	242239	20637	19086	20926	20364	20854	19935	20723	20632	19484	20051	19358	20189
	1973	6834	525	508	545	505	455	491	616	629	615	649	634	662
	1974	7372	641	540	649	612	600	607	600	617	627	632	616	631
	1975	7757	591	582	660	615	640	615	628	685	688	689	674	690
	1976	7571	718	661	705	701	702	669	664	639	396	529	570	617
	1977	7345	585	550	585	540	672	609	617	605	629	664	647	642
	1978	7695	656	607	652	673	632	547	581	655	652	682	674	684
	1979	8226	697	634	670	679	701	660	701	702	682	702	690	708
	1980	8156	709	658	691	677	698	665	691	686	684	669	637	691
	1981	8343	718	652	715	692	722	693	685	672	667	717	699	711
	1982	8333	714	632	716	684	719	703	682	699	696	702	681	705
	1983	8352	725	657	728	693	689	674	710	710	674	702	682	708
	1984	8394	719	653	727	699	726	697	696	693	673	719	690	702
	1985	8421	696	644	724	693	721	665	718	718	697	721	701	723
	1986	8400	714	652	714	697	703	686	715	724	692	711	695	697
	1987	8261	693	630	719	687	708	677	697	688	671	702	676	713
	1988	8332	715	661	698	689	701	674	707	690	687	714	679	717
	1989	8386	701	634	709	689	722	704	714	711	704	713	672	713
	1990	8423	714	654	701	690	710	689	724	712	702	716	686	725
	1991	8521	724	661	728	703	727	707	713	712	701	730	706	709
	1992	8095	725	675	729	706	727	708	728	734	673	566	555	569
	1993	8233	564	519	724	709	724	709	729	734	698	705	700	718
	1994	8340	695	607	725	701	728	688	720	727	689	718	654	688
	1995	8065	709	640	662	676	713	693	711	564	639	701	647	710
	1996	8266	704	667	710	691	723	666	654	677	673	717	685	699
	1997	8295	682	676	717	683	679	691	749	733	687	656	646	696
	1998	8363	651	676	703	691	727	675	702	689	728	735	703	683
	1999	8767	724	696	721	725	745	705	731	746	729	748	709	788
	2000	8901	773	677	745	718	726	738	780	761	759	753	729	742
	2001	8008	753	662	737	737	684	547	650	529	651	689	621	748
	2002	5784	702	721	717	709	730	683	710	791	21	0	0	0
NUMBER OF SPEED OBSERVATIONS BY HOUR                                            														
	Hour	ALL	JAN	FEB	MAR	APR	MAY	JUN	JUL	AUG	SEP	OCT	NOV	DEC
	0	10122	846	796	874	856	885	833	869	876	820	824	805	838
	1	9974	839	771	877	858	861	824	860	851	808	815	788	822
	2	9924	831	766	870	839	866	823	847	865	788	804	794	831
	3	9891	837	769	862	833	851	800	876	869	803	804	781	806
	4	9961	845	772	872	860	881	825	850	860	795	806	776	819
	5	10038	839	782	868	859	883	842	872	841	819	825	787	821
	6	10119	874	795	874	859	876	825	857	840	814	850	809	846
	7	10103	869	805	870	859	871	818	862	852	810	845	801	841
	8	10103	856	812	874	844	870	844	857	857	800	836	808	845
	9	10057	856	805	862	827	855	825	857	861	825	850	805	829
	10	10133	865	811	876	830	870	840	880	859	800	841	815	846
	11	10120	862	796	872	853	871	815	863	870	809	846	806	857
	12	10157	859	803	865	857	875	847	865	850	810	852	824	850
	13	10167	857	818	883	850	877	842	864	861	816	842	817	840
	14	10187	866	807	878	867	870	834	881	856	808	835	828	857
	15	9883	850	789	855	814	799	809	849	843	803	838	797	837
	16	10102	867	789	869	845	872	836	870	845	819	837	807	846
	17	10143	870	798	869	846	874	838	860	862	819	841	822	844
	18	10178	870	805	881	844	861	838	879	862	814	847	822	855
	19	10154	872	794	869	849	880	837	857	871	804	844	815	862
	20	10210	876	795	888	850	860	851	864	885	830	846	818	847
	21	10142	881	797	864	853	879	841	851	865	822	830	812	847
	22	10193	880	804	871	854	896	831	868	867	814	845	813	850
	23	10178	870	807	883	858	871	817	865	864	834	848	808	853
	24	10122	846	796	874	856	885	833	869	876	820	824	805	838
SPEED BY HOUR                                                                   														
	Hour	ALL	JAN	FEB	MAR	APR	MAY	JUN	JUL	AUG	SEP	OCT	NOV	DEC
	0	3.38	4.28	4.08	3.5	3.22	2.84	2.53	2.35	2.3	2.95	4.23	4.24	4.29
	1	3.34	4.18	3.98	3.49	3.09	2.75	2.5	2.22	2.28	2.82	4.25	4.32	4.34
	2	3.32	4.19	4.05	3.4	3.13	2.58	2.41	2.29	2.24	2.88	4.19	4.26	4.36
	3	3.32	4.2	4.11	3.41	3.13	2.64	2.32	2.25	2.18	2.84	4.3	4.36	4.35
	4	3.28	4.12	4.04	3.47	3.08	2.61	2.39	2.18	2.11	2.87	4.16	4.31	4.29
	5	3.31	4.23	4.13	3.46	3.1	2.69	2.41	2.19	2.13	2.75	4.17	4.38	4.33
	6	3.32	4.17	4.09	3.42	3.06	2.69	2.47	2.15	2.17	2.91	4.12	4.33	4.31
	7	3.38	4.21	4.02	3.42	3.17	2.98	2.67	2.3	2.2	2.85	4.06	4.37	4.37
	8	3.5	4.17	3.98	3.49	3.51	3.3	3	2.55	2.44	2.86	4.15	4.31	4.32
	9	3.69	4.26	4.04	3.78	3.87	3.6	3.27	2.85	2.69	3.08	4.19	4.36	4.37
	10	3.89	4.28	4.07	3.91	4.12	3.91	3.65	3.16	3.07	3.35	4.26	4.46	4.45
	11	4.11	4.27	4.2	4.16	4.39	4.24	4.03	3.52	3.36	3.69	4.46	4.51	4.54
	12	4.26	4.48	4.34	4.29	4.66	4.4	4.05	3.76	3.58	3.85	4.67	4.56	4.5
	13	4.38	4.4	4.45	4.59	4.69	4.58	4.22	3.91	3.75	4	4.66	4.66	4.63
	14	4.39	4.31	4.48	4.64	4.74	4.61	4.21	4.02	3.84	4.16	4.7	4.52	4.5
	15	4.42	4.46	4.6	4.71	4.66	4.47	4.24	4.01	3.89	4.14	4.7	4.59	4.58
	16	4.35	4.37	4.47	4.59	4.6	4.51	4.19	4	3.86	3.93	4.56	4.64	4.45
	17	4.25	4.35	4.37	4.4	4.45	4.4	4.14	3.93	3.69	3.87	4.46	4.38	4.51
	18	4.12	4.34	4.3	4.14	4.26	4.2	3.89	3.78	3.53	3.57	4.39	4.5	4.58
	19	3.96	4.31	4.27	3.91	3.88	4.01	3.77	3.5	3.32	3.32	4.37	4.39	4.52
	20	3.79	4.24	4.25	3.82	3.62	3.58	3.42	3.27	2.98	3.22	4.35	4.35	4.41
	21	3.65	4.25	4.18	3.7	3.48	3.33	3.16	2.92	2.73	3.08	4.3	4.32	4.4
	22	3.53	4.26	4.1	3.64	3.25	3.04	2.95	2.71	2.48	3.01	4.3	4.25	4.41
	23	3.47	4.3	4.09	3.55	3.25	2.92	2.67	2.46	2.43	3	4.23	4.35	4.4
	24	3.38	4.28	4.08	3.5	3.22	2.84	2.53	2.35	2.3	2.95	4.23	4.24	4.29
POWER BY HOUR                                                                   														
	Hour	ALL	JAN	FEB	MAR	APR	MAY	JUN	JUL	AUG	SEP	OCT	NOV	DEC
	0	77	131	117	77	65	46	32	26	25	54	115	118	129
	1	77	129	110	82	65	44	33	23	24	55	110	128	133
	2	77	134	115	73	69	40	30	32	24	59	112	121	129
	3	76	128	116	76	65	40	28	22	24	52	115	124	128
	4	76	123	124	89	65	40	32	23	22	53	109	121	124
	5	75	131	120	78	65	42	28	22	22	47	111	130	121
	6	77	132	130	77	63	42	29	21	25	50	110	124	120
	7	78	127	111	80	73	53	33	23	25	55	95	139	123
	8	80	126	110	85	72	56	54	27	26	52	105	123	131
	9	86	129	121	95	85	77	45	31	30	66	105	124	126
	10	90	126	117	101	95	73	57	37	40	63	107	138	132
	11	101	131	119	109	103	86	79	45	72	81	118	132	138
	12	100	135	123	101	120	91	68	54	50	75	120	128	130
	13	105	134	122	115	115	102	74	62	58	87	117	130	143
	14	104	129	119	115	118	105	75	77	60	83	121	119	132
	15	108	142	125	121	116	97	79	70	64	96	124	123	135
	16	105	123	120	122	114	102	80	70	71	74	123	128	129
	17	101	125	120	109	105	106	80	68	60	75	117	116	133
	18	97	130	121	99	94	91	70	67	57	66	116	125	133																									
	19	92	128	114	87	81	87	67	57	49	58	113	129	136																									
	20	87	125	121	88	75	67	56	49	39	57	115	129	130																									
	21	85	125	122	87	70	60	46	40	35	57	120	124	139																									
	22	81	129	116	80	66	54	40	33	25	56	124	124	130																									
	23	80	132	114	81	68	48	37	26	28	57	114	127	131																									
	24	77	131	117	77	65	46	32	26	25	54	115	118	129																									
SPEED BY DIRECTION                                                              																																							
	Month	calm	0	10	20	30	40	50	60	70	80	90	100	110	120	130	140	150	160	170	180	190	200	210	220	230	240	250	260	270	280	290	300	310	320	330	340	350	360
	ALL	0	2.95	2.79	2.84	2.82	2.91	3.1	3.32	3.3	3.46	3.78	4.47	5.25	5.48	5.29	4.85	4.53	4.8	5.26	5.2	4.95	4.68	4.44	4.17	4.02	3.96	3.88	3.87	3.94	3.93	4.07	4.08	3.98	3.82	3.76	3.64	3.32	2.95
	1	0	3	3	3.1	3.1	3.3	3.3	3.4	3.5	3.5	3.9	4.8	5.8	6	5.9	5.5	5.4	6.2	6.4	7.1	6.7	6.3	6.5	6.4	6.2	6.2	6.2	6	5.8	4.6	4.8	4.2	4	3.5	3.5	3.7	3.3	3
	2	0	3	2.7	3.2	3.2	3.6	3.6	3.9	3.7	4	4.3	4.9	5.6	5.8	5.7	5.3	5.2	5.7	6.1	6.2	5.9	5.7	5.7	5.5	6	5.8	5.4	5.1	4.5	4.6	4.1	3.8	3.4	3.4	3.6	3.5	3.3	3
	3	0	2.9	2.8	2.9	3	3.2	3	3.5	3.3	3.6	3.9	4.5	5.3	5.6	5.3	4.8	4.6	4.5	5.1	5.1	5	4.6	4.6	4.7	4.2	4.3	4.2	4.2	3.9	3.6	4	3.7	3.7	3.6	3.6	3.6	3.4	2.9
	4	0	3	2.6	2.9	2.7	3	3.1	3.4	3.8	3.6	3.9	4.3	5.2	5.4	5.4	5.1	4.6	4.3	5	5.2	5	4.9	4.5	4.2	3.9	4	3.8	3.6	3.8	4.1	3.6	3.8	3.8	3.9	3.8	3.6	3.2	3
	5	0	2.9	2.8	2.4	2.3	2.3	2.5	2.7	2.8	3.3	3.7	4.3	4.8	5.1	5	4.7	4.4	4.2	4.5	4.7	4.6	4.7	4.4	3.9	3.7	3.5	3.4	3.4	3.6	3.9	4.2	4.3	4.2	4.1	3.8	3.7	3.3	2.9
	6	0	2.8	2.4	2.2	2.3	2.3	2.5	2.7	2.8	2.8	3.1	3.7	4.3	4.6	4.5	4.1	3.8	3.6	3.8	4.1	4.3	4.5	4.2	4	3.7	3.5	3.3	3.1	3.5	3.7	4.1	4.3	4.2	3.9	3.8	3.6	3.3	2.8
	7	0	2.9	2.8	2.3	2.3	2.3	2	2.6	2.5	2.6	2.7	3.1	3.5	3.7	3.5	3.5	3.5	3.5	3.6	3.9	4.3	4.2	3.9	3.6	3.5	3.3	3.1	2.9	3.1	3.4	3.9	4.1	4.1	4	4.1	3.8	3.3	2.9
	8	0	2.8	2.4	2.2	2.6	2.2	2.4	2.4	2.4	2.5	2.7	3.2	3.6	3.9	3.9	3.5	3.3	3.6	4	4	4.1	4	3.9	3.6	3.5	3.2	3	3	3.1	3.6	3.8	3.9	3.8	3.6	3.7	3.6	3.2	2.8
	9	0	2.8	2.7	2.4	2.4	2.4	2.4	2.8	2.7	3	3.2	3.7	4.3	4.7	4.5	4.3	4	4.4	5.1	5.3	4.9	4.7	4.4	4.1	3.9	4	3.6	3.3	3.4	3.7	3.6	3.7	3.7	3.6	3.5	3.4	3.1	2.8
	10	0	3	2.6	3	2.7	2.8	3.2	3.4	3.6	3.4	3.9	4.6	5.3	5.5	5.5	5.2	5.1	5.7	6.3	6	5.8	5.3	5.1	4.9	5.2	5.2	4.9	5.1	4.7	4.3	3.9	3.6	3.8	3.9	3.5	3.9	3.6	3
	11	0	2.9	2.8	3	3.1	2.8	3.3	3.4	3.5	3.6	4.1	4.8	5.5	6	5.7	5.4	5.5	6.5	6.7	7	6.6	6	6	6.5	6.3	6	6	5.8	5.8	4.5	4.9	4.5	4.1	3.7	3.6	3.6	3.5	2.9
	12	0	3.2	3.2	3.1	3	3.1	3.5	3.5	3.5	3.7	3.9	4.9	5.8	5.9	5.8	5.3	5	6.1	6.8	6.8	6.3	5.7	6.1	6.8	6.5	5.6	5.6	6.1	6.1	5.6	5.2	4.6	4.5	4.1	3.9	3.7	3.4	3.2
FREQUENCY BY DIRECTION                                                          																																							
	Month	calm	0	10	20	30	40	50	60	70	80	90	100	110	120	130	140	150	160	170	180	190	200	210	220	230	240	250	260	270	280	290	300	310	320	330	340	350	360
	ALL	13.6	1.48	0.84	0.74	0.73	0.91	1.15	1.88	2.61	3.87	5.57	7.57	9.46	9.7	5.45	3.12	1.82	1.79	1.9	2.48	2.23	2.28	2.3	2.49	2.58	2.35	1.58	1.38	1.42	1.58	1.96	2.83	2.65	2.77	2.45	2.29	1.79	1.48
	1	12.6	2.3	1.3	1	0.9	1.1	1.6	2.6	3.6	5.5	7.8	10.9	13.8	13.2	6.1	3.1	1.4	1.3	1.7	1.5	0.9	0.7	0.7	0.7	0.7	0.9	0.8	0.8	0.7	0.6	1	1.3	1.1	1.6	1.6	2.4	2.4	2.3
	2	13.6	1.7	1	0.9	1	1.3	1.8	2.7	3.3	5.1	7.3	10.3	12.4	12.9	7.2	3.6	1.9	2	1.8	1.9	1.3	1	0.8	0.7	0.9	1	0.7	0.6	0.8	0.8	1	1.2	1.4	1.7	2	2.2	1.8	1.7
	3	13.1	1.4	0.7	0.9	0.8	1	1.4	2.4	3.1	4.6	6.5	8.8	11.4	12.5	6.8	3.8	2.1	1.8	1.6	1.8	1.4	1.3	1.3	1.3	1.5	1.3	0.9	1	1.1	1.6	1.4	2.1	2	2.2	2.1	2.1	1.7	1.4
	4	14.1	1.2	0.7	0.9	0.6	0.9	1	1.5	2.6	3.6	5.2	7.3	9.4	10.4	6.5	3.7	2.1	1.9	2.1	2.3	2.2	2.2	2.2	2.6	2.6	2.4	1.8	1.3	1.4	2.2	1.9	2.5	2.5	2.5	2.1	1.8	1.7	1.2
	5	14.5	1.3	0.7	0.5	0.6	0.6	0.6	1.1	1.8	2.6	3.6	4.7	6.3	6.9	4.6	3.1	2.1	1.9	2	2.8	3	3.2	4.1	4.1	4	3.6	2.3	1.8	2.2	2.6	2.7	4.4	3.8	3.8	2.9	2.4	1.5	1.3
	6	14.4	1.3	0.6	0.4	0.5	0.5	0.5	1	1.3	1.8	2.5	3.1	3.3	4	2.8	2	1.4	1.4	1.4	2.4	3	4	4.6	5.5	5.7	5	3	2.5	2.8	2.8	4.5	6	5.4	4.9	3.4	2.8	1.9	1.3
	7	16.5	1.2	0.6	0.4	0.5	0.5	0.6	0.8	1.2	1.7	2.2	2.7	3	2.7	1.8	1.6	1.5	1.7	1.6	3.2	3.5	4.8	4.8	5.4	5.9	4.8	3	2.5	2.4	2.6	3.6	5.8	5.4	5.6	4.8	3.4	2	1.2
	8	17.7	1.4	0.7	0.6	0.5	0.6	0.7	1.1	1.5	2.1	3.1	4.1	4.5	4.6	3.2	2.2	1.7	2.2	2.4	4	3.8	3.9	4.3	4.6	4.4	3.8	2.4	2	1.7	2.2	3.1	4.7	4.4	4.5	3.8	3.1	2.1	1.4
	9	16.8	1.2	0.7	0.6	0.5	0.8	0.9	1.5	2.1	3.4	5.2	6.9	8.8	9.2	5.7	3.9	2.5	2.1	2.9	3.8	3.2	2.8	2.5	2.4	2.6	2.4	1.5	1.3	1.3	1.2	1.8	2.8	2.5	2.7	2.2	2.3	1.5	1.2
	10	8.7	1.4	0.7	0.7	0.7	0.9	1.1	1.8	2.7	4.3	6.7	10.2	12.3	12.8	7.4	4.4	2.3	2.2	2.4	3.1	2.4	1.7	1.3	1.3	1.1	1.2	0.9	1	0.9	0.7	1	1.2	1.3	1.5	1.5	1.4	1.3	1.4
	11	10.1	1.5	1.1	0.9	1	1.3	1.7	2.7	3.8	5.7	8.6	11	13.6	13.9	7.1	3.1	1.4	1.3	1.2	1.4	1	0.9	0.6	0.7	0.9	1	0.8	0.9	0.8	0.8	0.9	1.1	1.1	1.3	1.5	1.8	1.6	1.5
	12	10.8	1.7	1.2	1	0.9	1.4	1.8	3.1	4	5.8	7.8	10.5	13.9	12.6	6.1	2.8	1.6	1.6	1.7	1.7	1.2	1	0.7	0.7	0.8	1.1	0.9	0.9	1	0.9	1	1.1	1	1.3	1.5	1.8	1.8	1.7
FREQUENCY OF SPEED                                                              																																							
	Month	0	1	2	3	4	5	6	7	8	9	10	11	12	13	14	15	16	17	18	19	20	21	22	23	24	25												
	ALL	13.6	5.7	21.7	15.7	12	11	7.9	6.4	2.4	1.7	1.1	0.4	0.3	0.1	0	0	0	0	0	0	0	0	0	0	0	0												
	1	12.6	5	19.9	13.3	10.2	10.4	8.5	8.8	3.6	3.3	2.4	0.9	0.5	0.2	0.1	0.1	0	0	0	0	0	0	0	0	0	0												
	2	13.6	5.2	18	12.7	10.3	12	9.7	8.9	3.6	2.6	1.8	0.7	0.4	0.1	0	0.1	0	0	0	0	0	0	0	0	0	0												
	3	13.1	5.6	20.6	15.3	11.6	11.6	8.6	7	2.9	2	0.9	0.4	0.1	0	0	0	0	0	0	0	0	0	0	0	0	0												
	4	14.1	5.7	19.9	15.5	12.2	12.2	8.4	6.6	2.1	1.7	1	0.3	0.2	0	0	0	0	0	0	0	0	0	0	0	0	0												
	5	14.5	6	21.9	16.5	13.2	11.3	7.6	5.3	1.8	1.1	0.6	0.2	0.1	0	0	0	0	0	0	0	0	0	0	0	0	0												
	6	14.4	6.2	24.2	18.8	13.7	10.8	6.3	3.6	1.1	0.7	0.1	0	0	0	0	0	0	0	0	0	0	0	0	0	0	0												
	7	16.5	7.2	26.3	18.7	13.3	9.4	4.8	2.6	0.7	0.4	0.1	0	0	0	0	0	0	0	0	0	0	0	0	0	0	0												
	8	17.7	7.7	28.2	18.2	11.8	8.4	4.5	2.4	0.6	0.3	0.1	0	0	0	0	0	0	0	0	0	0	0	0	0	0	0												
	9	16.8	6.8	24.6	16	11.6	9.7	6.5	4.4	1.5	1	0.7	0.3	0.1	0	0	0	0	0	0	0	0	0	0	0	0	0
	10	8.7	4.3	18.7	15.6	12.8	13	10.1	8.2	2.9	2.3	1.8	0.6	0.5	0.1	0.1	0.1	0	0	0	0	0	0	0	0	0	0
	11	10.1	3.8	18.9	14.3	11.7	12.2	10.2	9	3.6	2.6	2	0.7	0.6	0.1	0.1	0.1	0	0	0	0	0	0	0	0	0	0
	12	10.8	4.3	18.8	13.2	11.3	11.3	9.7	9.8	4	3	2.1	0.8	0.5	0.1	0.1	0.1	0	0	0	0	0	0	0	0	0	0
PERCENT OF POWER BY SPEED                                                       																											
	Month	0	1	2	3	4	5	6	7	8	9	10	11	12	13	14	15	16	17	18	19	20	21	22	23	24	25
	ALL	0	0.1	2	4.2	6.7	11.6	14.3	18.9	10	10.1	8.7	4.4	3.6	1.2	0.9	1.1	0.3	0.2	0.2	0.2	0	0.3	0	0.3	0.1	0.5
	1	0	0.1	1.3	2.4	4	7.6	10.8	18.2	10.5	13.3	12.7	6.5	5.1	2	1.7	0.9	1	0.6	0.3	0.3	0	0.2	0	0	0	0.4
	2	0	0.1	1.3	2.6	4.4	9.5	13.3	20	11.5	11.3	10.6	5.6	4.6	1.4	0.8	1.2	0.4	0.1	0.2	0.4	0	0	0	0	0	0.9
	3	0	0.1	1.9	3.9	6.2	11.7	15	20.1	11.9	11	7	4	2	0.6	0.6	1	0.1	0.2	0.2	0.5	0.3	0.3	0	0	0.4	1
	4	0	0.1	1.9	4.4	7.2	13.5	16.1	20.4	9.5	10.3	7.9	3.8	2.7	0.9	0.2	0.1	0	0	0	0	0	0.4	0	0	0	0.6
	5	0	0.2	2.6	5.6	9.6	15.3	17.7	20.2	10.1	7.8	5.7	2.1	1.6	0.2	0.1	0	0	0	0	0	0	0	0	0.6	0	0.7
	6	0	0.2	3.7	8.3	12.8	19	19	17.4	8.1	6.3	1.7	0.7	0.2	0	0	0	0	0	0	0	0	1.7	0	0.7	0	0
	7	0	0.4	5	10.1	15.5	20.5	18	16.1	5.7	4.7	1.7	0.6	0.2	0	0	0	0	0	0	0	0	0.7	0	0.9	0	0
	8	0	0.4	5.6	10.3	14.3	19.2	17.7	15	5.6	4	1.9	0.9	1	0.6	0	0	0	0	0	0	0	1.4	0	0.9	0	1.2
	9	0	0.2	3.1	5.8	8.8	13.9	16	18	8.4	7.8	7.3	3.8	2.1	0.4	0.4	0.9	0.2	0	0	0.7	0	0	0	0.6	0	1.6
	10	0	0.1	1.4	3.3	5.5	10.5	14	18.7	9.6	10.3	10.5	4.7	5	1.5	1.6	1.8	0.3	0.3	0.3	0	0	0.3	0	0.3	0	0
	11	0	0.1	1.2	2.7	4.6	9	13	18.8	10.5	10.4	10.8	5.5	5.7	1.8	1.5	2.5	0.4	0.5	0.6	0.2	0	0.2	0	0	0	0
	12	0	0.1	1.2	2.4	4.4	8.1	12	19.9	11.5	11.9	11	6	4.8	1.7	1.7	1.5	0	0	0.5	0	0	0	0	0.6	0.3	0.4
PREVAILING DIRECTION BY HOUR                                                    																											
	Month	0	1	2	3	4	5	6	7	8	9	10	11	12	13	14	15	16	17	18	19	20	21	22	23	24	
	ALL	110	110	110	110	110	110	120	110	120	120	120	120	120	120	120	120	120	120	120	110	110	110	120	110	110	
	1	120	120	120	110	110	110	120	110	120	110	120	120	110	120	110	110	110	110	120	120	110	110	120	110	120	
	2	110	120	110	120	110	110	120	110	110	120	110	120	120	120	120	120	120	120	110	110	110	110	120	110	110	
	3	110	110	120	100	90	120	120	110	110	120	120	120	120	120	120	120	120	120	120	110	120	110	110	110	110	
	4	110	110	100	110	120	110	120	120	120	110	110	120	120	120	120	120	120	120	120	110	120	100	120	120	110	
	5	90	110	120	110	110	110	120	120	120	120	240	230	240	230	240	230	210	300	310	310	120	110	110	110	90	
	6	100	110	110	100	100	120	320	300	320	300	230	230	220	230	230	230	240	300	300	310	320	320	320	320	100	
	7	340	330	100	110	100	110	330	320	320	300	240	230	230	230	230	230	300	220	220	310	320	320	320	320	340	
	8	100	120	110	100	110	100	110	120	320	300	230	220	230	220	230	230	240	220	300	320	320	340	100	110	100	
	9	100	110	110	110	90	120	110	110	120	120	120	120	120	240	240	120	120	120	120	100	110	110	120	110	100	
	10	120	110	110	110	120	110	100	120	110	120	120	120	120	120	120	120	120	110	110	110	100	100	100	110	120	
	11	120	110	110	100	110	110	120	110	110	120	120	120	110	120	120	120	110	120	120	110	120	120	120	110	120
	12	110	110	110	120	120	110	110	110	110	120	110	110	120	110	110	110	110	110	110	110	110	100	110	110	110
SPEED FOR PREVAILING DIRECTION BY HOUR                                          																										
	Month	0	1	2	3	4	5	6	7	8	9	10	11	12	13	14	15	16	17	18	19	20	21	22	23	24
	ALL	4.9	4.83	4.9	4.81	4.77	4.94	5.21	5.1	5.44	5.44	5.73	5.77	5.92	5.86	5.86	5.84	5.78	5.75	5.6	5.39	5.2	5.16	5.33	4.94	4.9
	1	5.46	6.3	6.36	5.86	5.75	5.74	6.18	5.99	6.19	6.02	5.94	5.73	5.64	5.54	5.69	5.51	5.34	5.69	6.02	5.84	6.01	5.84	6.25	5.93	5.46
	2	5.82	5.76	5.41	5.78	5.05	5.87	5.66	5.62	5.78	5.59	5.39	5.62	6.42	6.19	6.22	5.98	5.63	5.72	5.61	5.41	5.53	5.7	6.04	5.15	5.82
	3	4.9	4.92	5.33	4.52	3.46	5.29	5.22	5.2	4.81	5.19	5.56	5.73	6.04	6.52	5.59	6.01	5.92	5.72	5.38	5.16	5.22	4.78	5.23	4.84	4.9
	4	4.55	4.54	3.84	4.77	5.1	4.62	5.12	5.44	5.45	5.67	5.74	6.07	6.07	6.05	6.28	5.91	5.67	5.34	5.39	5.4	5.05	3.48	4.98	5.03	4.55
	5	3.26	3.74	4.59	3.95	4.4	3.83	4.35	4.78	5.07	5.31	3.16	3.42	3.87	4	3.92	3.99	4.42	5.08	4.71	4.93	5.24	4.89	4.54	4.02	3.26
	6	3.11	3.8	3.96	2.76	3.12	3.94	3	2.97	3.23	3.26	3.72	3.95	3.92	3.94	3.8	3.79	3.9	5.07	4.91	5.04	4.48	4.19	4.28	3.7	3.11
	7	3.48	3.63	2.55	2.89	2.68	2.82	3.51	3.17	3.28	2.79	3.05	3.35	3.68	3.87	3.96	3.44	5.36	3.79	3.83	5.12	4.65	4.29	3.87	3.79	3.48
	8	2.62	2.99	2.94	2.61	2.81	2.92	3.48	3.66	3.29	2.73	3	3.75	3.4	3.49	3.71	3.8	3.34	3.7	4.65	4.26	3.85	3.82	2.87	2.68	2.62
	9	3.3	3.66	3.89	3.94	2.82	4.45	3.81	3.58	4.53	4.36	4.85	5.08	5.03	3.68	3.48	5.03	4.94	5.08	4.8	3.53	3.85	4.13	4.71	4.15	3.3
	10	5.31	4.96	5.12	5.21	5.28	5.14	4.86	5.26	4.95	5.08	5.41	5.5	5.6	5.7	5.68	5.69	6.08	5.62	5.4	5.36	4.28	4.14	4.27	4.89	5.31
	11	6.01	5.24	5.51	4.67	5.43	5.68	6.05	5.64	5.77	6.25	6.13	6.16	5.61	6.39	6.01	5.85	5.91	6.12	5.57	5.57	5.33	6.19	5.29	5.64	6.01
	12	6	5.83	6.03	5.86	5.85	5.86	5.45	5.86	6.23	5.96	6.01	5.91	6.02	6.07	6.1	5.8	5.42	5.78	5.94	6.11	5.91	4.85	5.48	5.78	6
