SITKINAK (CGS)      AK - 703570                                                 														
 56 deg    33' N  154 deg    08' W - Elev   17m   LST=GMT+99 hours   *NT=-10    														
 01/73-01/79                                                                    						Adjusted to Alaska Timezone (GMT-9)								
SPEED BY YEAR                                                                   														
	Year	ALL	JAN	FEB	MAR	APR	MAY	JUN	JUL	AUG	SEP	OCT	NOV	DEC
	ALL	7.21	8.49	8.76	8.19	7.21	6.88	6.12	6.01	6.02	6.43	7.81	8.94	9.02
	1973	7.64	10.37	6.15	6.71	7.69	6.25	6.24	10.2	6.61	6.73	9.48	10.85	7.76
	1974	7.69	7.59	11.26	8.26	8.6	7.02	4.73	6.4	9.4	5.43	11.77	-1	-1
	1975	7.83	-1	7.02	9.98	8.28	8.48	6.89	5.74	6.15	5.81	8.36	10.41	9.53
	1976	7.36	8.02	8.46	9.8	6.56	7.31	6.19	6	6.03	7.51	7.33	7.78	8.13
	1977	7.52	8.97	8.97	8.35	8.44	6.07	5.32	12.37	-1	-1	-1	-1	-1
	1978	6.54	-1	11.63	7.06	6.55	6.45	6.22	5.76	5.84	5.86	7.14	6.95	8.85
	1979	11.42	11.42	-1	-1	-1	-1	-1	-1	-1	-1	-1	-1	-1
POWER BY YEAR                                                                   														
	Year	ALL	JAN	FEB	MAR	APR	MAY	JUN	JUL	AUG	SEP	OCT	NOV	DEC
	ALL	574	870	1037	814	604	413	310	280	317	350	697	1118	946
	1973	636	1290	276	436	443	239	290	657	299	440	978	1609	815
	1974	624	1039	1275	815	600	476	84	182	857	181	183	-1	-1
	1975	760	-1	599	996	897	714	511	236	463	219	831	1627	1174
	1976	664	816	1063	1409	547	518	343	349	309	548	660	786	755
	1977	670	713	1026	978	925	245	237	1443	-1	-1	-1	-1	-1
	1978	347	-1	1627	412	399	327	270	205	214	272	453	405	647
	1979	1521	1521	-1	-1	-1	-1	-1	-1	-1	-1	-1	-1	-1
NUMBER OF SPEED OBSERVATIONS BY YEAR                                            														
	Year	ALL	JAN	FEB	MAR	APR	MAY	JUN	JUL	AUG	SEP	OCT	NOV	DEC
	ALL	6789	285	358	720	768	836	880	726	619	424	433	360	380
	1973	182	13	17	29	20	8	9	1	16	15	12	13	29
	1974	83	18	5	7	16	12	13	2	3	3	4	0	0
	1975	1470	0	33	54	100	116	126	145	177	178	174	170	197
	1976	1854	179	170	165	179	202	169	165	168	146	167	92	52
	1977	797	59	91	161	146	157	162	21	0	0	0	0	0
	1978	2387	0	42	304	307	341	401	392	255	82	76	85	102
	1979	16	16	0	0	0	0	0	0	0	0	0	0	0
NUMBER OF SPEED OBSERVATIONS BY HOUR                                            														
	Hour	ALL	JAN	FEB	MAR	APR	MAY	JUN	JUL	AUG	SEP	OCT	NOV	DEC
	0	614	26	34	62	79	84	80	61	44	40	44	32	28
	1	181	3	5	23	24	29	23	20	20	10	7	9	8
	2	145	2	1	18	22	26	22	21	12	9	7	2	3
	3	619	28	43	73	76	71	72	53	52	45	54	17	35
	4	166	6	7	18	26	24	27	23	12	6	6	6	5
	5	130	0	1	14	22	24	20	19	14	7	4	1	4
	6	646	25	37	66	88	78	71	54	58	55	53	28	33
	7	130	4	1	15	21	21	16	19	13	7	6	5	2
	8	102	2	5	14	19	12	10	15	13	3	3	2	4
	9	605	44	46	67	57	56	58	55	54	46	42	41	39
	10	112	5	3	14	6	10	17	15	11	2	5	8	16
	11	78	1	3	8	4	6	14	14	12	0	2	5	9
	12	559	35	37	49	54	58	68	55	55	39	32	36	41
	13	97	4	6	8	6	13	23	11	11	3	7	1	4
	14	58	1	7	2	0	9	17	9	7	1	1	3	1
	15	520	32	31	44	55	65	56	52	44	35	34	36	36
	16	88	1	7	8	3	10	17	13	11	2	3	6	7
	17	69	0	1	5	2	10	20	16	5	0	1	7	2
	18	628	31	31	65	53	74	86	67	48	45	42	47	39
	19	125	1	6	17	9	13	20	18	11	4	10	8	8
	20	129	2	4	19	17	12	20	19	14	5	4	6	7
	21	659	26	30	71	77	79	80	53	67	49	52	42	33
	22	170	4	10	21	24	25	19	21	15	6	8	8	9
	23	159	2	2	19	24	27	24	23	16	5	6	4	7

SPEED BY HOUR                                                                   														
	Hour	ALL	JAN	FEB	MAR	APR	MAY	JUN	JUL	AUG	SEP	OCT	NOV	DEC
	0	7.04	9.77	7.71	8.35	7.35	6.38	4.96	5.41	5.92	6.01	8.21	8.77	10.69
	1	6.21	10.77	9.42	7.6	5.57	5.52	5.33	5.68	4.71	3.98	6.26	9.1	10.11
	2	6.34	15.4	10.2	6.11	5.86	7.19	6.05	5.77	4.37	4.82	6.43	10.5	11.97
	3	6.98	7.67	8.99	8.17	8.12	6.29	5.46	5.92	4.68	5.73	7.76	8.79	8.04
	4	6.32	12.03	8.34	6.93	6.8	6.22	5.22	5.08	5.52	4.85	3.3	9.47	7.46
	5	6.3	-1	5.1	7.33	6.97	6.27	5.94	5.75	5.17	5.54	7.05	2.5	9.2
	6	6.96	8.78	8.29	7.52	7.17	5.75	5.52	4.87	5.89	5.79	8.15	12.43	9.12
	7	6.3	12.7	17.5	6.11	5.49	6.69	4.78	6.51	5.18	5.04	8.35	6.66	8.2
	8	6.08	10.75	7.76	6.68	4.97	7.11	6.04	5.71	4.91	6.5	3.57	2.55	10.37
	9	7.37	8.74	8.33	8.42	6.75	6.73	6.18	6.11	5.93	6.05	8.07	9.39	8.97
	10	7.96	11.7	6.83	9.04	6.22	6.79	6.21	6.9	7.67	12.3	7.14	9.09	9.68
	11	7.53	7.2	8.2	7.47	6.5	7.6	7.39	6.9	7.58	-1	7.65	9.32	7.96
	12	8.06	8.23	9.44	9.4	8.17	8.12	6.88	6.81	6.86	7.27	9.49	9.07	8.88
	13	7.87	4.45	8.53	9.99	8	7.56	7.56	7.05	7.3	6.63	8.63	7.7	12.05
	14	7.87	13.8	9.66	3.55	-1	7.9	6.66	7.84	7.76	4.1	13.3	11.97	5.1
	15	8.12	7.5	8.4	10.02	8.63	8.18	6.72	7.13	7.05	8.39	7.79	8.99	9.29
	16	8.57	12.8	13.33	7.16	7.13	7.92	8.3	6.92	6.55	17.45	8.37	9.2	10.33
	17	6.82	-1	4.6	6.94	7.4	6.99	7.48	5.45	6.34	-1	11.3	7.39	7.65
	18	7.64	7.59	8.97	9.1	8.06	7.71	6.9	6.87	6.49	7.01	7.17	7.96	8.64
	19	7.19	0	12.73	8.34	6.2	7.38	5.67	5.76	6.27	5.88	8.28	7.1	10
	20	6.54	0.25	12.05	7.49	6.92	5.62	6.36	4.96	5.91	7.98	6.03	7.83	7.44
	21	7.04	7.99	6.68	8.33	7.08	7.31	5.75	5.59	5.92	6.55	7.9	8.56	8.18
	22	7.01	11.55	10.97	7.46	6.54	6.07	6.15	5.15	5.55	7.83	5.22	10.31	10.19
	23	6.29	5.6	17.45	7.21	6.46	6.29	6.38	5.01	6.07	3.94	7.13	3.28	7.23

POWER BY HOUR                                                                   														
	Hour	ALL	JAN	FEB	MAR	APR	MAY	JUN	JUL	AUG	SEP	OCT	NOV	DEC
	0	608	1036	942	894	705	363	190	306	329	282	783	1182	1457
	1	381	1152	918	473	425	183	197	194	119	67	233	1206	1328
	2	365	2315	662	304	313	532	272	217	116	136	508	736	1093
	3	629	783	1284	766	860	350	327	314	231	222	866	1497	910
	4	441	1129	1350	541	382	397	263	147	254	146	47	1943	295
	5	370	-1	82	573	415	431	323	266	177	196	605	10	699
	6	669	820	906	971	668	316	477	228	576	265	864	2165	904
	7	372	1674	3363	387	274	434	145	313	142	240	612	233	507
	8	291	789	467	445	203	328	232	193	134	203	49	42	980
	9	702	865	1162	1135	573	391	286	292	279	306	769	1610	1094
	10	561	1793	533	650	162	282	243	308	421	1973	469	861	799
	11	434	223	547	569	239	343	355	363	409	-1	651	806	455
	12	693	774	1294	1044	623	583	350	326	397	401	951	1090	1091
	13	549	110	648	1262	484	385	417	325	352	239	837	291	1746
	14	527	1743	750	34	-1	468	280	454	358	43	1447	2132	84
	15	689	527	823	1099	990	551	351	402	435	644	628	1134	922
	16	630	1288	1983	281	412	416	486	282	221	3481	531	704	781
	17	324	-1	60	344	348	289	408	170	265	-1	890	391	590
	18	579	707	817	1051	694	515	358	423	302	347	429	728	816
	19	488	0	2029	785	299	511	220	158	178	583	468	361	884
	20	343	0	1932	356	349	232	212	103	181	681	480	583	504
	21	527	1065	311	811	582	469	267	231	328	357	700	859	766
	22	509	2626	1615	417	422	304	223	151	211	497	144	867	1341
	23	343	331	3644	395	416	301	273	138	208	58	605	31	550																									

SPEED BY DIRECTION                                                              																																							
	Month	calm	0	10	20	30	40	50	60	70	80	90	100	110	120	130	140	150	160	170	180	190	200	210	220	230	240	250	260	270	280	290	300	310	320	330	340	350	360
	ALL	0	5.3	4.08	5.68	6.04	6.76	8.49	8.62	7.82	7.91	7.84	7.5	7.78	7.55	8.21	7.08	6.74	6.5	6.09	5.91	6.18	6.24	6.1	5.67	5.08	5.38	5.18	5.41	5.03	6.31	6.53	8.08	10.05	11.73	12.47	8.65	6.41	5.3
	1	0	4.4	4.4	7.6	9	5.4	9.9	11	9.2	10.2	10	5.2	8.2	11.1	10.5	9.3	7.8	10.4	6.5	8.3	6.9	7.9	3	7.2	8.9	8.2	5.5	5.1	4	3.9	7.8	9.2	8.3	15.3	16.4	6.5	10.3	4.4
	2	0	4.4	2.5	8.9	5.6	7.6	6.5	8.2	10.3	9.9	9.9	10.9	8	9.7	10.2	8.9	8.3	10.8	8.1	6.8	8.7	5.3	5.8	6.2	3.9	4.9	2.8	3.8	4.6	5.8	4.5	10.1	11.5	14.9	14.8	10.4	7.7	4.4
	3	0	5.8	4.8	5.5	4.8	7.1	6.9	7.8	7.7	10.3	10	8.7	9.1	8.8	8.1	8.1	6.6	7.5	7.4	7.6	5.7	8.9	7.4	5.8	5.8	6	5.9	5.8	6	7.9	7.6	8.9	11	12.2	12.2	10.3	5.6	5.8
	4	0	6.7	3	3.6	5.9	7.6	9.9	10.1	8.3	6.7	7.2	7	7.4	7.2	8.8	7.1	7.2	4.9	5.6	5.2	4.9	6.2	6.2	5.9	4.8	4.6	4.7	5.2	5.1	3.8	6	7.7	10.6	11.8	12.8	8.6	5.9	6.7
	5	0	5.4	4.6	5.1	6.4	8.2	9.6	9.5	8.7	6.8	8.1	5.7	7.5	6.6	7	6	6.7	6.6	5.9	5.7	6.4	6.2	4.9	5.4	4.4	5.5	5	4.3	4.6	6.6	6.8	7.4	8.1	9	10.2	7.7	8	5.4
	6	0	4.6	4.1	5.2	3.4	6.9	7	8.8	6.6	6.4	5.9	7.1	6.3	5.2	5.3	4.8	5.1	6.2	5	4.9	5.9	6.4	7.2	5.7	4.8	5	4.3	5.7	4.4	5.9	6.5	8.2	8.6	8.6	8.8	6.8	6	4.6
	7	0	3.2	3.6	3.7	6.6	5.2	7.2	6.4	6.9	6.3	6.9	6	6.8	5.4	6.2	6.4	5.1	2.8	4.4	5.1	5.8	5.3	4.7	4.9	4.7	4.1	5.6	4.2	5.1	7.1	5	8.3	8.2	9.9	11.7	8.5	5.1	3.2
	8	0	3.4	4.1	3.5	4.5	5.5	6.6	6.7	5	4.9	5	6.3	8.4	5.4	6.1	4.9	6.2	4.5	3.8	4	5	4.8	4.4	5.3	5.7	4	4.3	5.7	3.8	6.1	6	7.4	8	10.3	11.1	8.6	3	3.4
	9	0	6.2	2.5	4.3	9.4	3.6	14.9	8	7	8.4	10.2	10	6.3	6.2	10.8	8.4	5.6	5.5	7.5	6.7	6.9	6.5	6	6	4.4	4.9	5	6.1	4.7	6	6.5	6.2	7.2	7.5	9.8	6.4	7.4	6.2
	10	0	5.4	3.4	6.9	2.3	12.3	6.5	6.7	3.9	9.1	5.6	7.9	8.6	9.7	6.9	7.9	7.8	7.4	5.1	8.4	8.3	6.6	6.9	6.5	6.7	5.1	5.4	6.6	7	5.4	7.6	7	13.7	12.2	12	8.4	4.8	5.4
	11	0	3	7.2	4.6	7.8	6.4	10.2	10.5	7.4	8.2	8	10.9	9	12	9.6	8.8	7.2	8.1	7.4	6.8	5.8	6.8	5.8	3.5	4.1	6	7.6	6.7	5.4	7	6.8	11.1	12.7	17.3	15.8	9.6	5	3
	12	0	8.5	2	5.6	3.7	6.7	14	11	10.1	8.6	11.1	9.5	8.9	10.6	11.2	6.8	7.9	7.5	8.4	5.4	6.5	5.3	5.5	6.8	4.8	8	5.7	5.3	7.9	10.7	6.3	8.7	12.3	13.6	15	9.5	7.6	8.5
FREQUENCY BY DIRECTION                                                          																																							
	Month	calm	0	10	20	30	40	50	60	70	80	90	100	110	120	130	140	150	160	170	180	190	200	210	220	230	240	250	260	270	280	290	300	310	320	330	340	350	360
	ALL	3.76	1.13	0.84	1.18	1.34	2.61	3.18	3.85	3.5	2.89	2.58	2.69	2.63	2.78	2.03	2.09	1.74	1.63	1.83	2.98	3.08	3.68	3.56	3.66	2.82	2.89	2.32	2.05	2.52	2.24	3.27	5.19	6.34	4.98	4.17	2.47	1.27	1.13
	1	4.9	2.5	1.8	4.3	4	4	3.3	8.3	6.9	6.9	3.6	1.4	3.3	2.9	2.9	1.8	1.8	1.1	1.4	2.5	1.8	2.2	1.4	3.3	1.4	2.2	2.2	0.4	2.9	1.4	1.4	1.8	3.3	3.3	3.3	1.1	1.8	2.5
	2	5	1.5	0.6	1.8	1.2	2.9	1.5	2.9	4.4	4.7	5.3	2.9	2.6	3.2	2.3	3.5	4.1	0.9	3.5	2.9	2.6	2.6	1.8	1.5	2.1	2.9	0.6	1.5	0.6	1.5	1.8	2.6	8.5	6.5	6.7	1.8	1.8	1.5
	3	4.3	1.2	0.6	1.3	1.3	1.6	2.6	2.5	2.5	2.5	2.2	3.6	3	2.2	1.9	2.2	1.5	2	0.6	1.3	1.2	2.2	2.5	3.6	4.2	3.9	2	1.3	1.9	3	3.2	6	8.9	9.9	6	2.3	1.6	1.2
	4	4.3	0.7	0.4	0.5	1.2	2.3	2.2	3.5	2.3	2	4.1	4.1	2.6	3	2.2	1.9	1.4	1.9	1.9	3	2.6	3.7	4.6	2.6	2.7	2.4	1.5	2.2	2.6	1.9	3.4	5.8	6.2	5.4	5.6	4.1	1.5	0.7
	5	2.4	0.9	1.1	1.5	2.6	4	5.6	4.5	4.8	2.9	2	2.6	3.8	2.1	1.6	1.5	1.7	1.6	2.3	2.9	2.3	3.2	3.2	3.1	2.8	2.9	1.8	2.2	2.9	1.6	3.8	6.2	5	4	2.6	1.5	1.1	0.9
	6	4.2	0.9	0.9	1.3	0.4	2.8	3	2.8	2.4	1.9	1.5	2.4	1.8	2.1	1.1	1.5	1.5	0.9	1.8	3.8	5.2	7	7.9	6.5	3.1	3	3	2.4	2.8	2.7	2.5	5.7	6.9	1.9	2.1	1.4	1.1	0.9
	7	3.6	0.6	1	0.6	1.1	4.1	5.3	5.7	4.9	4	3.9	3.9	3.1	5.1	2.1	2.6	1.9	0.6	1.7	3.9	5.9	3.4	3.3	3.9	2.3	1.7	2.3	1.1	2.1	0.9	2	4	3.3	3.6	2.4	1.3	0.6	0.6
	8	4.7	0.7	0.7	0.7	0.8	2.2	4.4	4.6	3.4	1.5	2.4	1.9	1.4	2	2.7	2.4	0.8	1.5	1.4	1.4	2.2	3.7	2.7	4.2	2.9	2.2	2.2	2.7	3.6	3.2	5.4	6.8	7.5	5.1	4.7	3.7	0.3	0.7
	9	3.8	1.7	1	1	0.7	1.5	0.5	3.2	1.7	3.4	1.5	1.7	1.7	2.5	2.2	2.9	1.7	2.7	4.2	6.4	5.1	4.9	3.4	3.4	2.9	4.4	3.9	2.9	3.7	2	3.4	3.9	4.4	4.9	1.5	1.2	1.7	1.7
	10	1.8	1.9	0.9	1.2	1.4	0.9	0.7	2.1	1.2	0.9	1.9	1.4	2.6	2.4	1.6	1.9	1.4	3.5	1.4	2.4	3.1	4.2	4	3.8	2.8	3.8	2.8	1.9	3.1	3.5	5.2	4.7	5.9	5.2	7.8	5.2	1.4	1.9
	11	3.3	1.1	1.1	1.1	1.1	1.7	2.9	2.9	5.2	4.3	2	1.7	3.2	3.4	1.4	2.6	2	1.4	1.1	3.2	1.7	1.7	1.4	2.3	2.9	1.7	2.6	2.3	0.9	3.7	4	4.6	8	7.2	4.9	3.7	2.6	1.1
	12	2.9	1.9	0.3	0.5	1.3	1.9	3	4.3	4.8	3.2	1.3	2.4	2.4	3	3.8	1.3	2.7	2.2	1.3	2.4	1.1	2.4	1.1	3.2	2.4	3.8	3.5	3.5	2.2	1.6	2.4	6.2	8.9	4.3	5.1	3.2	1.1	1.9
FREQUENCY OF SPEED                                                              																											
	Month	0	1	2	3	4	5	6	7	8	9	10	11	12	13	14	15	16	17	18	19	20	21	22	23	24	25
	ALL	3.8	3.2	9.3	7.4	8.5	14.2	8.1	10.7	4.6	4.7	8	3.3	4.1	1.4	1.4	3.1	0.7	0.2	1.3	0.5	1	0.1	0.2	0.1	0.1	0.2
	1	4.9	6.7	5.3	3.9	6.7	9.5	3.5	11.9	4.2	1.4	10.2	6	7.7	1.8	2.5	7	0.7	0.4	2.1	1.1	2.1	0	0.4	0.4	0	0
	2	5	3.4	8.9	7	5.6	8.7	3.6	9.8	2.8	4.2	11.7	2.8	5.9	0.6	2.8	5	1.1	0.8	3.9	0.8	2.8	0.6	0.6	0	0.3	0.8
	3	4.3	1.8	7.9	4.2	7.9	11.7	7.1	10	6	5.4	9.7	3.8	4.7	2.2	1.8	5.4	1.2	0.1	1	0.6	1.2	0.1	0.4	0.1	0	1.1
	4	4.3	3.5	9	7.9	8.9	13.2	8.2	10.7	4.6	3.1	7.2	3	5.5	1.7	1.4	2.3	1.4	0.4	1.4	0.7	0.9	0.3	0	0.3	0.1	0.1
	5	2.4	2.6	7.9	7.7	8.4	17	9	13.9	5.1	4.8	8.6	3	3.3	0.7	1	2.8	0.4	0	1.2	0.1	0.2	0	0	0	0	0
	6	4.2	1.8	12.3	9	10	16.9	9.1	10.3	4.2	6.1	7.4	3.1	2.5	0.3	0.5	1.5	0	0.1	0.2	0.1	0.1	0.1	0	0.1	0	0
	7	3.6	1.9	11.2	9.6	10.1	18.9	12.1	10.1	4.7	4.1	6.1	2.3	1.8	1.1	0.4	0.8	0.4	0.1	0.6	0	0.1	0	0	0	0	0
	8	4.7	3.7	11.6	10.2	9.7	16.5	8.9	10.5	3.4	5	6.3	1.9	2.7	1	0.6	2.1	0.3	0	0.5	0.2	0	0	0	0	0.2	0
	9	3.8	4.7	9.9	7.8	7.8	15.8	9	11.1	3.8	7.8	9.2	2.8	1.7	0.5	0.7	2.8	0.2	0	0.2	0	0.5	0	0	0	0	0
	10	1.8	5.5	8.1	6	10.4	10.9	6.5	10.6	5.3	3.9	8.8	2.5	4.2	2.8	2.5	3	1.6	0	2.3	0.5	2.1	0.2	0	0	0	0.2
	11	3.3	3.6	9.2	6.7	5.8	9.2	5.3	7.5	5.6	4.2	6.7	4.4	7.8	1.4	1.9	5.6	0.3	0	3.9	0.8	3.3	0.3	0.8	1.1	0.3	0.8
	12	2.9	3.2	6.3	3.7	5.5	10.8	7.1	9.5	4.5	5	6.8	6.6	6.3	4.7	2.9	4.7	1.8	0.3	2.1	2.1	1.8	0	0.8	0.3	0	0
PERCENT OF POWER BY SPEED                                                       																											
	Month	0	1	2	3	4	5	6	7	8	9	10	11	12	13	14	15	16	17	18	19	20	21	22	23	24	25
	ALL	0	0	0.1	0.3	0.8	2.2	2.2	5	3	4.2	9.5	5.4	9.1	3.9	4.5	12.7	3.7	1	8.6	3.6	9.2	1.3	2.2	2	1	4.5
	1	0	0	0	0.1	0.4	1	0.6	3.8	1.9	0.8	8	6.8	11.7	3.4	5.3	18.8	2.4	1.4	8.8	5.5	13.4	0	2.8	3.1	0	0
	2	0	0	0.1	0.2	0.3	0.7	0.6	2.6	1	2.1	7.7	2.6	7.4	0.8	5.1	11.5	3.2	2.7	14.3	3.9	14.7	3.5	3.9	0	2.6	8.7
	3	0	0	0.1	0.1	0.5	1.3	1.3	3.3	2.8	3.5	8.4	4.3	7.6	4.2	4.3	15.7	4.6	0.6	4.5	3.1	8.5	1.1	3.6	1.4	0	15.1
	4	0	0	0.1	0.3	0.8	1.9	2.1	4.8	2.8	2.6	8.1	4.7	11.9	4.5	4.6	9.1	6.8	2.2	8.8	5	8.3	2.7	0	3.3	2.1	2.4
	5	0	0	0.2	0.4	1.1	3.7	3.4	9.1	4.8	5.9	14	6.8	10.3	2.8	4.4	15.5	2.4	0	10.7	1.4	3.2	0	0	0	0	0
	6	0	0	0.3	0.7	1.6	4.9	4.5	8.9	5.2	10.1	16.1	9.3	10.3	1.7	2.8	10.9	0	1.2	2.6	1.7	2	2.3	0	2.8	0	0
	7	0	0	0.3	0.8	1.8	6	6.7	9.3	6.3	7.4	14.8	7.8	7.9	6.1	2.9	6.7	4	1.6	7.1	0	2.6	0	0	0	0	0
	8	0	0	0.3	0.7	1.5	4.6	4.2	8.7	4	7.9	13.4	5.7	10.7	4.4	3.8	14.9	2.8	0	5.7	2.2	0	0	0	0	4.4	0
	9	0	0	0.3	0.5	1.1	4	4	8.5	4	11	17.7	7.7	5.8	2.2	3.7	18.1	1.8	0	2.6	0	7	0	0	0	0	0
	10	0	0	0.1	0.2	0.8	1.3	1.4	4.1	2.9	2.8	8.6	3.5	7.7	6.3	7	9.8	6.7	0	12.1	3	16	2.1	0	0	0	3.6
	11	0	0	0.1	0.1	0.3	0.7	0.7	1.8	2	1.9	4.1	3.9	9	2	3.3	11.7	0.7	0	13.1	3.4	16.3	1.5	5.2	7.8	2.4	8.1
	12	0	0	0.1	0.1	0.3	1	1.1	2.7	1.8	2.8	5	6.6	8.6	8	6.1	11.7	5.6	1	8.6	10.1	10.5	0	6	2.1	0	0
PREVAILING DIRECTION BY HOUR                                                    																											
	Month	0	1	2	3	4	5	6	7	8	9	10	11	12	13	14	15	16	17	18	19	20	21	22	23		
	ALL	330	220	220	310	110	210	320	220	310	310	310	310	310	190	-1	320	300	200	310	120	220	310	200	250
	1	20	-1	-1	70	30	-1	70	-1	-1	70	20	-1	60	-1	-1	80	-1	-1	60	-1	-1	20	-1	-1
	2	320	70	-1	310	80	-1	330	-1	170	140	-1	-1	310	190	70	150	70	-1	310	10	-1	310	70	-1
	3	320	320	70	320	60	310	230	320	60	320	340	200	320	320	-1	310	300	-1	320	320	50	310	110	100
	4	310	110	90	310	110	90	310	200	90	180	-1	-1	290	-1	-1	330	-1	-1	310	40	210	300	50	100
	5	300	210	60	320	110	50	270	50	20	310	40	-1	80	200	40	220	140	200	300	200	40	70	30	50
	6	120	220	220	300	210	200	40	210	310	40	210	210	50	200	190	200	200	210	200	190	220	40	210	250
	7	40	190	70	80	50	70	60	180	170	50	90	70	110	100	130	60	50	130	60	60	90	40	40	120
	8	290	250	210	60	270	210	270	210	220	300	310	310	300	310	280	320	70	-1	70	80	300	50	290	290
	9	180	180	40	320	100	40	80	20	-1	190	-1	-1	120	-1	-1	130	-1	-1	220	-1	-1	310	300	-1
	10	230	200	290	270	240	-1	330	220	-1	330	-1	-1	290	330	-1	190	-1	-1	160	110	-1	250	10	130
	11	320	70	-1	310	120	-1	310	80	-1	310	60	70	320	-1	-1	320	340	120	40	70	10	110	70	-1
	12	300	100	-1	60	110	-1	240	-1	-1	310	70	260	310	-1	-1	80	250	-1	50	150	310	130	60	70
SPEED FOR PREVAILING DIRECTION BY HOUR                                          																									
	Month	0	1	2	3	4	5	6	7	8	9	10	11	12	13	14	15	16	17	18	19	20	21	22	23
	ALL	11.26	4.66	5.49	10.11	7.22	5.03	11.25	4.59	9.81	12.14	9.54	9.91	10.57	7.96	-1	12.95	8.7	8.7	10.49	7.6	5.13	9.97	5.88	3.09
	1	7.95	-1	-1	7.8	14.4	-1	7.67	-1	-1	11.52	15.4	-1	14.62	-1	-1	11.77	-1	-1	9.32	-1	-1	1.17	-1	-1
	2	10.66	11.3	-1	11.12	4.6	-1	17.47	-1	7.65	8.17	-1	-1	16.12	10.25	12.8	6.33	12.8	-1	10.12	2.5	-1	11.8	13.6	-1
	3	10.66	7.52	6.63	11.65	8.7	11.5	6.04	4.55	5.6	14.71	5.1	5.85	13.97	14.9	-1	12.6	7.15	-1	13.97	8.45	6.65	10.15	10.25	8.7
	4	12.92	4.6	7.87	10.67	5.6	6.8	11.06	8.45	7.5	5.62	-1	-1	9.21	-1	-1	15.79	-1	-1	11.76	5.1	4.6	9.3	13.85	7.7
	5	6.77	4.85	9.88	5	7.3	12.93	3.55	8.33	10.2	8.82	3	-1	9.1	7.45	3.6	8.28	6.35	8.95	10.05	5.93	7.4	10.31	7.65	9.73
	6	5.95	4.48	6.3	5.08	6.12	8.87	8.8	8.17	8.03	6	6.1	8.37	8.11	8.43	7.3	6.54	8.7	10.23	4.53	5.47	6.65	8.61	9.53	3.03
	7	8.33	6.8	8.7	5.38	7.4	8.95	4.9	5.97	2.87	6.86	7.15	6.35	7.58	3.8	5.85	6.02	3.8	3.9	6.87	6.4	5.8	4.68	4.23	4.93
	8	6.03	3.53	2.8	5.22	4.8	6.1	2.4	5.8	4.85	9.85	9.85	11.6	9.03	8.87	9	10.66	5.35	-1	7.53	5.6	5.1	4.8	4.07	4.6
	9	6.03	4.85	9.2	5.88	5.1	7.7	6.25	1	-1	4.7	-1	-1	4.4	-1	-1	11.93	-1	-1	5.77	-1	-1	6.12	7.4	-1
	10	8.05	7.7	3.3	7.04	3.3	-1	14.27	3.3	-1	10.22	-1	-1	11.02	9.95	-1	6.12	-1	-1	7.98	12	-1	6.32	5.6	10.75
	11	14.2	7.7	-1	15.23	20.5	-1	13.07	7.7	-1	16.95	15.4	5.6	13.74	-1	-1	18.38	12.8	9.2	7.16	11.8	1.5	8.2	6.1	-1
	12	14.37	18	-1	6	6.1	-1	6.47	-1	-1	13.63	7.7	4.85	13.22	-1	-1	13.17	9.75	-1	16.4	9.5	8.95	11.1	12.8	11
