SKAGWAY             AK - 703620                                                 														
 59 deg    28' N  135 deg    18' W - Elev    5m   LST=GMT+99 hours   *NT= -9    														
 01/73-09/02                                                                    														
SPEED BY YEAR                                                                   														
	Year	ALL	JAN	FEB	MAR	APR	MAY	JUN	JUL	AUG	SEP	OCT	NOV	DEC
	ALL	4.55	6.23	5.6	5.03	4.23	4.33	4.18	3.78	3.43	3.54	3.95	4.74	5.44
	1973	4.75	6.97	7.56	5.32	3.3	3.23	4.14	3.54	4.22	1.78	3.09	7.38	5.41
	1974	4.47	7.96	6.59	5.6	4.65	3.72	4.26	3.32	2.4	3.19	4.17	3.52	3.85
	1975	4.5	5.96	7.48	4.32	3.98	4.4	4.23	2.84	2.44	3.71	3.69	3.97	6.9
	1976	3.63	4.9	4.82	4.01	3.89	3.94	3.2	2.65	1.72	2.34	3.76	3.48	4.34
	1977	3.81	3.59	3.78	3.64	4.61	3.23	2.9	2.25	1.44	3.38	3.54	4.76	7.98
	1978	4.12	7.06	4.8	4.48	3.65	3.49	4.62	3.33	2.31	1.45	5.24	4.28	4.75
	1979	3.98	6.94	8.7	4.29	2.48	3.79	2.94	1.95	2.19	3.02	3.53	2.8	5.06
	1980	4.65	6.75	4.86	4.77	3.69	3.94	3.36	4.01	4.03	2.3	2.91	4.77	9.72
	1981	3.73	2.77	3.95	3.96	4.59	3.33	3.17	3.84	3.4	2.11	3.69	4.4	5.47
	1982	4.56	8.35	6.62	4.03	5.39	4.55	3.77	3	2.51	3.5	4.17	4.02	5.64
	1983	4.65	6.9	5.69	5.9	4.76	4.34	3.51	2.42	3.43	3.23	4.06	4.37	7.11
	1984	4.06	5.78	5.09	4.15	3.66	4.42	4.33	4.07	3.39	1.7	3.76	3.36	5.05
	1985	4.42	2.9	6.7	5.22	5.39	4.92	4.51	3.61	3.63	3.69	3.33	5.65	3.5
	1986	4.09	3.98	6.04	4.5	4.27	4.54	4.75	3.52	3.47	2.15	3.6	4.79	3.44
	1987	4.14	4	3.82	5.88	4.27	4.25	4.32	3.38	2.94	4.09	4.34	3.14	5.37
	1988	4.69	7.15	6.12	4.31	5.43	4.38	4.39	4.03	3.12	3.35	3.35	4.47	6.21
	1989	4.46	7.5	6.17	6.38	3.91	4.45	3.86	2.66	2.36	3.74	3.25	5.99	5.08
	1990	4.88	6.67	8.02	4.72	5.08	3.99	3.94	3.78	2.94	5.47	3.29	5.92	4.43
	1991	4.46	6.22	4.95	5.54	3.51	4.59	4.3	4.54	3.77	3.51	3.89	4.36	4.09
	1992	4.88	4.68	6.04	6.02	4.52	4.42	4.01	3.97	3.57	4.07	5.2	4.69	7.22
	1993	4.48	5.21	6.01	5.69	4.24	3.92	4.49	3.85	4.03	4.78	3.2	4.01	4.71
	1994	4.33	6.21	6	4.25	3.95	4.23	4.18	3.81	3.23	3.31	3.53	4.11	5.11
	1995	3.87	4.45	4.68	3.78	3.61	3.96	3.71	3.73	3.56	2.77	2.46	4.62	5.08
	1996	4.5	7.38	4.54	4.95	3.71	3.17	3.9	3.86	3.11	3.21	3.03	6.45	5.5
	1997	3.94	7.35	3.41	4.68	3.02	4	3.82	3.33	3.01	2.43	3.75	4.26	4.06
	1998	4.63	8.19	4.94	5.52	4.1	4.14	4.25	3.16	4.35	3.82	3.68	4.57	4.83
	1999	4.9	5.64	6.8	2.78	4.93	4.23	4.25	4.43	2.97	5.11	5.49	4.97	6.75
	2000	4.79	7.38	5.2	4.82	4.81	4.3	5.03	4.03	3.66	4.7	4	4.49	4.86
	2001	5.8	5.02	5.27	6.35	4.09	6.65	5.41	5.86	4.86	5.84	6.9	6.32	7.38
	2002	5.55	7.55	6.37	6.62	4.89	4.65	4.42	5.04	5.46	2.5	-1	-1	-1
POWER BY YEAR                                                                   														
	Year	ALL	JAN	FEB	MAR	APR	MAY	JUN	JUL	AUG	SEP	OCT	NOV	DEC
	ALL	192	400	303	212	144	137	118	100	101	127	153	210	292
	1973	223	470	566	217	97	47	103	73	122	33	99	388	314
	1974	198	638	322	244	195	107	117	66	61	100	168	120	184
	1975	193	429	500	196	118	111	125	54	43	108	94	127	424
	1976	118	241	220	126	111	102	70	49	27	63	113	111	161
	1977	160	136	131	105	169	70	47	42	24	92	116	208	710
	1978	156	482	267	158	84	73	126	69	36	33	194	183	182
	1979	179	598	576	122	47	81	54	32	34	130	105	106	264
	1980	213	372	254	178	114	100	69	85	107	60	95	169	864
	1981	122	105	150	129	139	120	79	90	87	64	99	153	236
	1982	193	600	356	167	204	144	67	53	56	140	132	161	271
	1983	205	487	309	270	191	145	123	53	94	85	134	159	403
	1984	139	296	209	149	85	115	125	103	94	35	113	135	219
	1985	167	111	380	194	207	142	131	78	101	107	88	296	167
	1986	141	156	303	169	133	134	138	88	87	51	141	172	122
	1987	150	153	141	297	150	121	128	77	81	130	162	116	256
	1988	187	434	318	142	203	118	121	104	79	114	121	162	321
	1989	181	481	372	342	125	151	99	60	43	110	111	248	204
	1990	207	405	508	206	172	105	104	96	77	197	103	244	222
	1991	167	467	190	203	96	141	126	121	98	100	134	160	149
	1992	187	179	322	249	133	120	100	96	92	134	175	177	477
	1993	140	284	304	216	111	94	115	86	82	122	62	108	138
	1994	105	244	218	91	77	82	78	66	42	55	71	102	136
	1995	98	174	127	89	99	81	69	71	70	39	36	128	194
	1996	165	359	111	117	75	51	79	72	73	109	90	347	245
	1997	156	640	115	156	82	106	104	87	89	55	111	151	152
	1998	186	494	301	234	120	132	116	82	147	118	134	121	210
	1999	265	404	400	72	203	136	121	134	82	286	415	386	543
	2000	250	628	248	262	214	168	197	135	116	265	177	263	294
	2001	304	303	356	414	179	350	175	208	144	312	412	310	441
	2002	280	479	487	335	194	168	161	193	297	67	-1	-1	-1
NUMBER OF SPEED OBSERVATIONS BY YEAR                                            														
	Year	ALL	JAN	FEB	MAR	APR	MAY	JUN	JUL	AUG	SEP	OCT	NOV	DEC
	ALL	116000	9932	9530	9745	9663	9796	9777	9849	9643	9383	9679	9081	9922
	1973	2203	186	183	167	154	23	168	204	215	215	234	219	235
	1974	2513	222	199	217	210	214	209	139	201	221	232	215	234
	1975	2622	208	200	224	209	227	218	145	220	242	256	242	231
	1976	2933	248	229	251	255	259	266	251	154	265	262	239	254
	1977	2890	246	221	251	243	269	138	186	273	279	281	245	258
	1978	3056	256	230	266	233	278	259	257	266	253	275	234	249
	1979	2925	252	229	243	257	277	252	274	149	250	259	235	248
	1980	2596	247	239	209	234	234	216	223	144	220	199	202	229
	1981	2143	226	196	139	221	127	226	206	201	180	68	140	213
	1982	2439	196	202	222	103	168	220	210	218	187	243	235	235
	1983	2923	243	242	254	264	254	253	243	248	218	230	241	233
	1984	2959	240	222	250	240	257	253	247	243	241	264	254	248
	1985	2831	239	211	252	244	250	232	207	233	242	217	244	260
	1986	2918	230	217	243	210	276	249	253	261	205	256	258	260
	1987	2956	256	210	235	230	252	259	279	257	230	263	236	249
	1988	3041	274	266	275	234	237	234	251	220	265	286	280	219
	1989	3218	206	205	210	226	316	276	274	283	317	316	281	308
	1990	3494	319	292	310	296	319	193	287	300	227	288	321	342
	1991	3783	329	285	338	286	319	328	330	257	338	338	294	341
	1992	3621	343	323	334	313	329	299	295	295	252	283	280	275
	1993	3438	285	252	270	178	255	264	270	353	333	331	337	310
	1994	3568	322	275	331	289	225	302	318	321	275	308	297	305
	1995	3229	243	294	190	259	291	305	320	225	266	299	222	315
	1996	4918	319	289	291	264	87	300	304	385	658	669	675	677
	1997	7763	678	630	647	629	644	658	681	669	635	613	632	647
	1998	7235	614	637	680	655	686	614	640	546	642	632	268	621
	1999	7606	531	662	402	681	709	683	709	689	635	579	648	678
	2000	8007	708	649	677	668	654	697	615	664	665	684	656	670
	2001	6749	689	630	683	684	607	523	530	456	404	514	451	578
	2002	5423	577	611	684	694	753	683	701	697	23	0	0	0
NUMBER OF SPEED OBSERVATIONS BY HOUR                                            														
	Hour	ALL	JAN	FEB	MAR	APR	MAY	JUN	JUL	AUG	SEP	OCT	NOV	DEC
	0	1882	161	157	156	163	173	157	153	159	147	149	142	165
	1	1897	161	161	159	170	170	156	160	160	147	155	140	158
	2	1894	159	161	155	167	175	156	156	157	155	150	142	161
	3	1930	161	162	159	163	170	176	163	166	151	150	142	167
	4	2454	159	152	161	179	243	239	272	255	258	230	140	166
	5	5138	259	258	245	448	599	593	595	568	562	528	235	248
	6	8294	664	655	688	700	719	746	720	718	711	733	594	646
	7	8818	787	740	739	734	708	734	735	728	718	730	706	759
	8	8706	758	716	735	730	732	730	730	717	693	724	691	750
	9	8528	741	731	731	688	696	725	698	673	678	733	699	735
	10	7844	719	679	692	648	626	633	661	616	607	624	637	702
	11	6356	548	523	545	501	535	521	556	532	501	524	501	569
	12	7668	643	619	646	662	643	644	644	652	618	631	612	654
	13	8506	730	693	709	696	708	700	720	703	687	731	698	731
	14	8595	737	708	750	727	686	723	714	714	697	722	685	732
	15	7655	702	635	664	626	624	615	604	611	613	655	623	683
	16	5300	477	471	479	433	418	420	423	391	393	418	478	499
	17	3302	429	378	406	232	176	170	174	169	149	190	398	431
	18	1901	161	155	152	165	169	164	172	158	154	153	135	163
	19	1863	160	154	152	161	163	154	158	161	146	154	139	161
	20	1879	157	151	159	163	169	159	164	167	147	143	135	165
	21	1844	153	157	155	169	163	151	156	149	151	146	136	158
	22	1884	155	157	153	170	164	158	163	162	148	156	138	160
	23	1862	151	157	155	168	167	153	158	157	152	150	135	159
	24	1882	161	157	156	163	173	157	153	159	147	149	142	165
SPEED BY HOUR                                                                   														
	Hour	ALL	JAN	FEB	MAR	APR	MAY	JUN	JUL	AUG	SEP	OCT	NOV	DEC
	0	4.01	6.63	4.88	4.44	2.66	2.93	2.82	2.76	2.79	3.43	4.17	4.99	5.66
	1	4.07	6.61	4.87	4.63	2.8	2.88	2.82	2.72	2.76	3.88	4.05	5.43	5.66
	2	4.01	6.66	4.95	4.67	3.07	2.89	2.75	2.52	2.61	3.7	4.07	5.01	5.36
	3	4.03	6.96	4.99	4.77	2.99	3.17	2.67	2.42	2.7	3.28	3.85	5.22	5.57
	4	3.54	6.76	5.01	4.75	2.96	2.72	2.34	2.25	2.07	2.65	3.85	5.32	5.25
	5	3.09	6.55	5.4	4.55	2.4	2.36	2.01	1.96	1.97	2.62	3.54	4.49	5.27
	6	3.48	6.03	5.46	4.14	2.68	2.51	2.17	2.11	1.89	2.47	3.39	4.35	5.37
	7	3.7	6.04	5.61	4.05	2.86	2.95	2.63	2.19	2.03	2.66	3.4	4.36	5.36
	8	3.93	6.12	5.65	4.38	3.3	3.37	3.11	2.6	2.37	2.8	3.51	4.41	5.4
	9	4.28	6.1	5.7	4.7	4.03	4.18	3.75	3.15	2.75	3.17	3.59	4.54	5.43
	10	4.69	6.01	5.73	5.16	4.7	4.93	4.65	3.89	3.4	3.5	3.78	4.67	5.44
	11	5.13	6.27	6.13	5.71	5.45	5.52	5.21	4.5	4.18	4.04	4.4	4.77	5.33
	12	5.24	6.09	6.07	5.79	5.68	5.63	5.42	4.65	4.29	4.2	4.38	5.01	5.66
	13	5.43	6.09	6.1	5.9	5.8	5.78	5.85	5.24	4.8	4.37	4.44	5.15	5.65
	14	5.51	6.18	6.13	5.86	5.89	5.91	6.05	5.6	5.04	4.42	4.42	4.93	5.59
	15	5.5	6.12	5.84	5.82	5.69	6.04	6.11	5.85	5.27	4.57	4.32	4.86	5.5
	16	5.42	6.2	5.43	5.51	5.66	6.23	6.32	5.9	5.32	4.68	4.06	4.59	5.14
	17	5.24	6.03	5.38	5.27	4.91	6.1	6.34	5.76	5.11	4.16	4.1	4.65	4.97
	18	4.93	6.6	4.81	4.63	4.2	5.53	5.89	5.47	4.31	3.65	3.88	4.72	5.27
	19	4.55	6.66	4.62	4.56	3.68	4.46	4.95	4.58	3.43	3.43	3.99	4.85	5.31
	20	4.26	6.6	4.82	4.53	3.19	3.56	3.66	3.54	3.14	3.47	4.42	4.83	5.54
	21	4.13	6.65	4.53	4.19	2.82	3.24	3.28	3.36	3.06	3.39	4.18	5.09	5.94
	22	4.04	6.95	4.71	4.26	2.72	3.21	3.02	2.93	2.75	3.37	4.26	4.77	5.78
	23	4.05	7.06	4.77	4.21	2.86	2.99	2.81	2.9	2.79	3.49	4.17	5.11	5.77
	24	4.01	6.63	4.88	4.44	2.66	2.93	2.82	2.76	2.79	3.43	4.17	4.99	5.66
POWER BY HOUR                                                                   														
	Hour	ALL	JAN	FEB	MAR	APR	MAY	JUN	JUL	AUG	SEP	OCT	NOV	DEC
	0	197	472	274	215	102	117	81	79	97	146	246	238	294
	1	202	479	280	226	114	116	74	78	88	194	200	286	305
	2	197	479	268	237	124	111	73	75	86	153	193	269	310
	3	203	509	284	235	123	138	74	71	90	137	181	279	340
	4	164	470	312	222	123	99	56	63	69	97	159	306	277
	5	129	467	312	197	79	71	53	48	61	90	128	223	289
	6	149	381	296	167	102	80	53	50	56	80	114	195	269
	7	158	372	300	159	100	90	73	51	64	93	112	183	271
	8	170	395	322	192	124	99	75	58	65	99	128	189	282
	9	184	395	322	214	139	131	89	69	75	136	131	192	290
	10	195	383	315	240	161	141	117	90	97	119	141	198	286
	11	210	400	356	264	186	162	144	107	118	132	170	215	258
	12	211	380	332	247	188	163	150	115	115	148	159	215	327
	13	218	364	322	245	186	176	182	147	131	142	161	239	317
	14	219	389	315	231	204	185	182	155	142	138	159	208	310
	15	216	360	295	221	179	195	189	178	154	146	156	196	299
	16	208	361	249	194	180	207	202	185	156	161	142	176	245
	17	226	355	262	200	157	225	218	188	176	171	177	186	246
	18	211	449	223	182	121	178	193	164	128	151	197	237	312																									
	19	200	481	238	176	108	132	140	123	102	162	205	231	301																									
	20	195	454	288	200	106	107	94	89	103	147	236	232	307																									
	21	196	502	251	166	88	102	88	87	100	160	188	256	376																									
	22	198	518	290	184	94	115	81	78	91	147	222	209	368																									
	23	202	530	273	187	102	112	76	82	97	157	227	268	343																									
	24	197	472	274	215	102	117	81	79	97	146	246	238	294																									
SPEED BY DIRECTION                                                              																																							
	Month	calm	0	10	20	30	40	50	60	70	80	90	100	110	120	130	140	150	160	170	180	190	200	210	220	230	240	250	260	270	280	290	300	310	320	330	340	350	360
	ALL	0	4.49	5.21	6.06	6.54	6.94	6.57	4.65	3.74	3.04	2.59	2.37	2.26	3.83	3.42	3.87	4.66	4.4	5.76	5.36	5.83	6.79	7.23	6.8	5.47	4	3.62	3.07	2.76	3.02	3.05	3.29	3.79	3.81	3.15	3.56	3.71	4.49
	1	0	5.3	7	8.1	8.1	8.6	8.4	6.2	4.4	3.8	2.7	1.9	1.9	2	2.8	-1	1.5	6.1	5.5	5.4	6	7.3	9	8.8	7.4	4	2	2.8	4	2.2	4.6	2.4	4.6	3.4	6.4	3.8	3.8	5.3
	2	0	4.9	5.7	6.8	7.6	7.6	7.1	5.6	4.2	3.1	2.7	2.6	1.8	1.8	4.4	3.5	6	4.6	4.6	5.5	5.5	7.4	8.7	9.1	7.4	4.6	3.1	2.5	1.8	3.2	3.9	2.9	1.5	5.4	2.7	3.8	4.8	4.9
	3	0	5.3	6	6.1	6.7	7.1	6.5	4.8	4.3	4	2.7	3.8	4.1	6.8	5.7	6.2	6.3	5.5	5.2	4.8	5.2	6.9	7.5	7.4	5.9	4	2.9	2.8	7	2.7	6	4.7	3.3	4.2	3.1	4.3	4.9	5.3
	4	0	4.2	4.1	5.1	5.4	5.6	5.1	3.8	3.6	2.5	2.2	3	2.1	3.8	2	8.9	6.3	3.2	3.6	4.2	5.8	6.7	6.5	6.7	5.5	4.1	3.4	3.2	3.5	2.9	2.8	4.8	3	6.7	2.7	3.8	3.8	4.2
	5	0	3.8	4	4.3	4.6	5	4.7	3.2	3	2.4	3.2	1.5	2.3	5.9	-1	6	6.6	4.1	6.9	5.3	5.9	6.5	6.6	6.2	5.2	4	3.6	3.5	3.4	3.7	3	3.3	4.1	3.4	3.1	4	3.4	3.8
	6	0	2.9	2.5	2.9	3.3	3.5	2.6	2.3	3	1.8	2	6.2	2.9	2.5	8.2	1.9	12.7	5.3	6.2	5.8	6.1	6.6	6.3	6	5.1	4	3.8	3.1	2.6	2.4	2.4	3	5.2	4.1	1.8	3.5	2.8	2.9
	7	0	2.2	2.2	2.5	2.5	2.9	2.4	2	1.8	1.8	2.8	1.9	2.5	3	1.8	2.7	2	1.5	3.4	4.7	5.8	6.5	6.3	5.7	5	4	3.7	3.3	2.7	2.4	2.5	2.9	5.8	5.4	1.9	2.5	2.5	2.2
	8	0	2	2.5	3.4	3.4	3.5	2.8	2.2	1.9	2.1	2.5	2.1	1.5	3.2	1.5	2.5	1.9	3.5	7	5.8	5.8	6.5	6.9	6	4.7	3.9	3.6	3	2.6	2.1	2.8	2.9	3.6	2.6	3	2.8	2.7	2
	9	0	3.2	3.4	3.7	4	4	3.1	2.4	2.6	2.3	1.8	1.5	1.5	5.6	4	2.4	1.9	3.4	3.6	4.5	5.7	6.9	7.3	6.9	5.4	3.6	3.1	2.8	2.4	3.9	3.4	3	4.2	2.5	2.5	3	2.2	3.2
	10	0	4.5	4.7	4.8	5	4.9	4	2.9	2.7	3	2.1	2.2	2.1	3.8	1.6	2.1	2.2	3.8	6.2	5.1	5.5	6.9	7.8	7.8	6.4	4.3	3.8	2.7	2.6	3.5	2.1	3.2	3.6	3.3	3	3.6	3.5	4.5
	11	0	5	5.3	6.4	6.8	6.8	6.2	4.5	3.7	2.8	2.4	2.1	2.5	2.8	2.3	1.5	2.5	4.3	6.3	5.5	5.6	6.9	8.8	7.9	7.1	4.5	4.2	1.8	1.8	2.4	2	3.1	2.9	4.4	3.8	3.7	3.7	5
	12	0	4.9	6.2	6.8	7.1	7.4	7.4	5.7	4.7	4.6	3.1	2.5	1.7	4.9	3.7	2	5.1	5.2	6.7	6.3	6.7	7.5	9.3	8.5	7.4	4.9	3.6	2.5	2.1	5.3	2.5	3.9	3.2	3.6	2.9	3.4	3.8	4.9
FREQUENCY BY DIRECTION                                                          																																							
	Month	calm	0	10	20	30	40	50	60	70	80	90	100	110	120	130	140	150	160	170	180	190	200	210	220	230	240	250	260	270	280	290	300	310	320	330	340	350	360
	ALL	27.51	0.98	2.48	5.8	9.62	12.32	5.91	1.64	0.54	0.22	0.11	0.08	0.06	0.08	0.06	0.07	0.1	0.16	0.34	0.89	2.68	16.13	12.19	11.74	9.32	2.66	1.22	0.52	0.27	0.15	0.14	0.21	0.18	0.23	0.2	0.38	0.34	0.98
	1	22.3	0.9	3.2	9.8	16.4	26.1	13.8	3.1	0.9	0.2	0.2	0.1	0	0	0.1	0	0	0	0.1	0.5	1	9	6.4	5	1.9	0.2	0.1	0.1	0.1	0	0	0.2	0.1	0.1	0.1	0.2	0.2	0.9
	2	23	1.3	3.1	8.3	18.2	23.6	11.4	2.9	0.7	0.2	0.1	0.1	0	0.1	0	0.1	0.1	0	0.2	0.7	1.6	10.7	6.5	5.4	2.8	0.4	0.1	0.1	0	0.1	0.1	0.2	0	0.1	0.1	0.3	0.4	1.3
	3	23.9	1.1	3.6	7.8	14.3	18.9	7.1	1.5	0.5	0.2	0.1	0.1	0.1	0.1	0.1	0.2	0.2	0.3	0.5	0.7	1.3	11.9	10.9	9.2	6.3	0.8	0.4	0.2	0	0.1	0.1	0.2	0.1	0.1	0.2	0.4	0.4	1.1
	4	27.8	0.7	1.4	4	8	10.6	5	1.4	0.3	0.3	0.1	0.1	0.1	0.1	0.1	0	0.1	0.1	0.2	0.6	3.1	19.1	15.1	14.7	9.6	2.4	0.8	0.4	0.3	0	0.2	0.2	0.1	0.2	0.1	0.3	0.2	0.7
	5	24.3	0.5	1.2	2.4	3.5	4.7	1.9	0.8	0.4	0.2	0.1	0	0.1	0.1	0	0.1	0	0.1	0.3	1	3.9	21.8	16.8	18.6	14.6	3.6	1.6	0.5	0.2	0.1	0.1	0.2	0.2	0.2	0.1	0.1	0.1	0.5
	6	23.7	0.3	0.7	1.7	2.2	2.4	1.3	0.7	0.2	0.1	0	0	0	0	0	0.1	0.1	0.3	0.4	1.5	3.8	19.3	17.2	20.1	17.2	5.4	2.7	0.9	0.4	0.2	0.1	0.2	0.1	0.1	0	0.1	0.2	0.3
	7	28.7	0.3	0.6	1.5	1.5	1.5	0.9	0.5	0.2	0.1	0.1	0.1	0	0.1	0	0	0.1	0	0.2	0.4	3.9	21	17.3	16.3	19.6	6.5	3.5	1.6	0.7	0.3	0.2	0.3	0.1	0.2	0.2	0.2	0.1	0.3
	8	34	0.4	1.1	2.2	3.2	3.6	1.7	1.2	0.2	0.2	0.1	0.2	0.1	0.1	0	0.1	0.1	0.2	0.5	1.4	3.8	19.9	14.2	14.2	15.7	7.8	3.5	1.5	0.8	0.3	0.2	0.3	0.3	0.4	0.2	0.3	0.1	0.4
	9	37.9	0.8	1.9	4	4.9	4.6	2.6	1.1	0.6	0.3	0.1	0.1	0.1	0.1	0.1	0.1	0.1	0.2	0.2	0.7	3.1	24.3	16.5	14	11.4	3.1	1.6	0.7	0.4	0.4	0.2	0.2	0.3	0.2	0.2	0.4	0.3	0.8
	10	33.3	2.4	4.6	6.3	8.7	8.6	3.5	1.3	0.6	0.2	0.1	0.1	0.1	0.1	0.1	0.1	0.1	0.2	0.5	1.6	3.3	17.2	12.3	13.2	8	1.5	0.6	0.3	0.2	0.2	0.1	0.2	0.3	0.5	0.5	1	1.1	2.4
	11	27.7	2.1	5	11.9	17.8	18.3	7.4	1.8	0.5	0.2	0.2	0.2	0.1	0.2	0.1	0	0.2	0.3	0.5	0.9	1.6	10.7	7	6.4	3.1	0.4	0.2	0.1	0.1	0	0.1	0.2	0.3	0.4	0.4	0.8	0.6	2.1
	12	24.2	1	3.4	9.2	14.8	21.2	12.4	3.1	1.2	0.4	0.2	0.1	0	0.1	0	0	0.1	0.2	0.4	0.9	2.1	11.3	7.3	4.9	3	0.4	0.1	0	0.1	0.1	0.1	0.2	0.3	0.2	0.4	0.6	0.4	1
FREQUENCY OF SPEED                                                              																																							
	Month	0	1	2	3	4	5	6	7	8	9	10	11	12	13	14	15	16	17	18	19	20	21	22	23	24	25												
	ALL	27.5	4	5.5	6.7	6.3	9.3	9.4	15.5	4.6	4.5	3	1.3	1.3	0.4	0.3	0.2	0.1	0.1	0	0	0	0	0	0	0	0												
	1	22.3	2.6	3.4	4	3.2	5.1	6.6	17.4	6	7.8	8.8	3.8	4.9	1.5	1.4	0.7	0.3	0.2	0.1	0	0	0	0	0	0	0												
	2	23	3.3	4	4.3	4.4	8.4	7.3	18.1	5.4	7.6	6.1	2.5	3.1	0.9	0.7	0.4	0.2	0.3	0.1	0	0	0	0	0	0	0												
	3	23.9	3	4.4	4.8	5.9	10	10	18.9	5.9	6.2	3.5	1.3	1	0.4	0.3	0.2	0.1	0.1	0	0	0	0	0	0	0	0												
	4	27.8	4	5.7	7.2	7.7	10.5	10.4	15.2	4.5	3.7	1.8	0.8	0.5	0.2	0	0.1	0	0	0	0	0	0	0	0	0	0												
	5	24.3	3.4	5	9.1	9.2	12.4	12.2	14.5	3.8	3.2	1.5	0.7	0.4	0.2	0.1	0	0	0	0	0	0	0	0	0	0	0												
	6	23.7	4.2	7	8.9	8.4	12.4	12.4	15.1	4.1	2.4	0.7	0.4	0.2	0	0	0	0	0	0	0	0	0	0	0	0	0												
	7	28.7	4.7	6.8	9.1	8.4	11.9	11.5	11.9	3.7	2.4	0.8	0.2	0	0	0	0	0	0	0	0	0	0	0	0	0	0												
	8	34	5.3	8.8	9.3	6.7	8.8	8.5	11.2	3.4	2	1	0.5	0.2	0.1	0.1	0	0	0	0	0	0	0	0	0	0	0												
	9	37.9	5.5	6.5	5.9	5.4	7.7	8.2	13.3	3.4	2.9	1.3	0.6	0.4	0.3	0.2	0.2	0.1	0.1	0	0	0	0	0	0	0	0
	10	33.3	4.8	6.2	6.3	6.5	8.6	8.4	14.2	3.8	3.3	1.9	0.9	0.7	0.5	0.3	0.2	0.1	0.1	0.1	0	0	0	0	0	0	0
	11	27.7	3.8	3.8	6	5.3	7.8	9.2	18.8	5.2	5.7	3.1	1.1	1.1	0.3	0.3	0.2	0	0.1	0.1	0.1	0	0	0	0	0	0
	12	24.2	3.1	4	5	4.5	8	7.7	17.4	5.5	7.1	5.5	2.6	2.8	0.9	0.6	0.4	0.2	0.2	0.1	0.1	0	0	0	0	0	0
PERCENT OF POWER BY SPEED                                                       																											
	Month	0	1	2	3	4	5	6	7	8	9	10	11	12	13	14	15	16	17	18	19	20	21	22	23	24	25
	ALL	0	0	0.2	0.8	1.6	4.4	7.7	22.3	9.1	12.6	11.4	6.6	8.7	3.7	3.6	2.6	1	1.4	1	0.4	0.2	0.2	0.1	0.1	0	0.1
	1	0	0	0.1	0.2	0.4	1.2	2.7	12.5	6	10.7	16.1	9.6	16.5	6.4	7.5	4.7	2	1.9	1.2	0.4	0	0	0	0	0	0
	2	0	0	0.1	0.3	0.7	2.6	3.9	17.1	7	13.3	14.5	8.1	13.2	4.9	4.6	3.4	1.6	2.8	1	0.2	0.2	0.4	0	0	0	0
	3	0	0	0.2	0.5	1.4	4.4	7.8	25	11	15.7	11.8	5.9	6	3.1	2.7	2.2	0.7	0.8	0.4	0.4	0	0	0	0	0	0
	4	0	0.1	0.3	1.2	2.7	6.5	11.4	28.8	11.9	13.5	9.2	5.3	4.6	1.8	0.4	1	0	0	0	0	0.3	0.4	0	0.5	0	0
	5	0	0.1	0.3	1.5	3.3	8.1	14	28.5	10.3	12.4	7.8	5	3.3	2.1	1.3	0.7	0.2	0	0.3	0	0.4	0	0	0.6	0	0
	6	0	0.1	0.5	1.7	3.4	9.3	16.2	33.9	12.9	10.7	4.4	2.8	2.1	0.3	0	0.4	0	0	0	0	0	0.5	0	0	0	0.9
	7	0	0.1	0.5	2.1	4	10.3	17.7	31.3	13.4	12.4	5.3	1.7	0.2	0.1	0.2	0	0	0	0	0	0.5	0	0	0	0	0
	8	0	0.1	0.7	2	3.2	7.7	13.1	29.5	12.4	10.5	6.8	5.1	2.7	1.6	1.4	0.7	0	0.6	0.4	0.5	0.5	0.6	0	0	0	0
	9	0	0.1	0.4	1	2.1	5.4	10	27.9	10	12	6.9	4.4	3.9	3.8	3.2	3.6	1.1	2	0.3	0.4	0	0	0.6	0	0	0.9
	10	0	0.1	0.3	1	2.1	5.1	8.7	25.4	9.2	11.1	9	5.8	5.3	4.8	3.7	3.2	1.1	1.9	1.7	0	0	0	0.5	0	0	0
	11	0	0	0.1	0.7	1.3	3.4	7.1	25.3	9.7	14.4	11	5.4	7	2.3	2.8	1.8	0.6	1.2	2	1.4	0.8	0.7	0.4	0.4	0	0
	12	0	0	0.1	0.4	0.8	2.6	4.3	17	7.3	13.1	13.8	9	12.6	4.8	4	3.3	1.7	1.7	1.9	0.8	0.4	0.2	0	0.3	0	0
PREVAILING DIRECTION BY HOUR                                                    																											
	Month	0	1	2	3	4	5	6	7	8	9	10	11	12	13	14	15	16	17	18	19	20	21	22	23	24	
	ALL	200	200	200	200	210	200	200	40	200	200	200	200	200	200	220	200	200	200	200	200	200	200	200	200	200	
	1	40	40	40	40	40	40	40	40	40	40	40	40	40	40	40	40	40	40	30	40	40	40	40	40	40	
	2	30	40	40	30	40	30	30	40	40	40	40	40	40	40	40	40	40	40	40	40	30	40	40	40	30	
	3	30	30	30	20	30	30	40	40	40	40	40	40	40	40	40	40	200	200	20	20	30	30	30	30	30	
	4	200	200	200	200	200	210	200	200	200	200	200	200	220	220	220	220	200	200	200	200	200	200	200	200	200	
	5	200	200	200	200	210	200	200	220	200	200	200	200	200	220	220	200	200	200	210	200	200	210	200	200	200	
	6	200	200	200	210	210	200	200	220	220	230	230	230	220	220	220	220	200	210	220	210	200	200	200	200	200	
	7	200	200	200	200	210	200	200	220	230	230	230	230	230	230	230	230	200	200	200	200	200	200	210	200	200	
	8	200	200	200	200	210	200	200	200	200	200	200	230	230	230	230	230	230	210	200	210	200	210	200	200	200	
	9	200	200	200	200	200	200	200	200	200	200	200	200	200	200	200	200	200	200	200	200	200	200	200	200	200	
	10	210	210	210	200	220	200	200	200	200	200	200	200	200	200	220	200	200	210	210	210	210	210	210	210	210	
	11	30	30	30	20	30	20	40	30	30	40	40	40	40	40	40	30	30	30	30	30	30	20	30	30	30
	12	200	40	40	40	30	20	40	40	40	40	40	40	40	40	40	40	40	40	40	30	50	40	40	40	200
SPEED FOR PREVAILING DIRECTION BY HOUR                                          																										
	Month	0	1	2	3	4	5	6	7	8	9	10	11	12	13	14	15	16	17	18	19	20	21	22	23	24
	ALL	7.25	6.99	6.93	7.02	7.94	6.82	6.74	7.05	6.75	6.41	6.6	6.72	6.65	6.86	6.61	6.92	6.92	6.97	6.75	6.67	6.63	6.68	6.76	7.02	7.25
	1	8.51	8.91	8.54	7.98	9.21	9.39	8.77	8.48	8.67	9.25	8.96	8.91	8.6	8.47	8.67	8.2	8.21	7.56	8.36	8.41	9.16	9.02	8.78	9.28	8.51
	2	6.55	5.5	5.1	6.54	4.77	7.43	7.81	7.73	7.95	7.71	7.89	8.04	8.52	8.58	8.03	8.02	7.38	7.53	6.31	6.18	4.29	6.16	5.32	5.48	6.55
	3	5.35	6.28	6.43	7.12	6.04	6.23	6.3	6.95	6.95	7.57	7.75	7.8	7.53	7.5	7.35	6.99	6.95	6.7	5.29	5.21	6.39	5.6	5.66	5.57	5.35
	4	6.66	6.94	6.76	7	7.4	6.95	6.89	6.67	7	6.06	6.06	6.82	6.49	6.57	6.29	6.58	6.82	6.46	6.37	6.81	6.56	6.17	6.55	6.73	6.66
	5	6.41	6.84	6.34	6.72	7.51	6.42	6.59	5.54	6.1	5.75	6.3	6.5	6.3	6.17	6.29	6.79	6.89	6.49	6.56	6.23	6.06	6.04	6.39	6.72	6.41
	6	6.57	6.4	6.49	6.71	6.47	6.25	6.52	4.72	4.88	4.32	4.82	4.91	6.03	6.19	6.49	6.74	6.77	6.91	6.46	6.75	6.15	6.03	6.17	5.84	6.57
	7	7.25	6.77	6.36	6.38	6.54	6.53	6.34	4.95	3.96	4.25	4.42	4.57	4.73	5.14	5.6	6.11	6.94	7.05	6.86	6.8	6.08	6.64	6.65	6.86	7.25
	8	7.56	6.91	6.45	6.64	7.89	6.6	6.32	6.38	7.06	5.79	6.11	4.45	4.56	4.53	5.18	5.42	5.48	7.42	6.32	7.2	6.57	7.86	6.71	6.86	7.56
	9	7.22	7.22	6.73	6.55	7.2	6.94	6.79	6.54	6.57	6.67	6.87	6.75	6.75	7.2	6.96	6.92	6.87	7.12	6.66	6.97	6.96	7.14	7.04	7.36	7.22
	10	9.05	8.94	9.48	7.97	8.34	7.25	6.95	6.9	7.23	6.96	6.76	6.51	6.62	6.7	6.96	6.59	6.78	8.9	8.77	8.72	8.85	9.03	9.82	10	9.05
	11	6.51	7.16	6.41	6.73	6.96	6.64	6.65	6.67	6.74	6.83	6.83	7.2	7.2	7.09	7.03	6.42	6.19	6.31	6.61	6.86	5.18	6.68	6.16	6.93	6.51
	12	7.89	6.15	6.47	5.59	5.37	6.87	7.66	7.64	7.83	7.54	7.65	7.46	8.15	7.46	7.43	7.71	6.82	7.21	6.06	5.92	6.9	7.71	7.27	6.8	7.89
