SLEETMUTE           AK - 703407                                                 														
 61 deg    43' N  157 deg    09' W - Elev   54m   LST=GMT+99 hours   *NT=-10    														
 03/94-08/02                                                                    							Adjusted to Alaska Timezone (GMT-9)							
SPEED BY YEAR                                                                   														
	Year	ALL	JAN	FEB	MAR	APR	MAY	JUN	JUL	AUG	SEP	OCT	NOV	DEC
	ALL	1.27	1.03	1.03	1.45	1.54	1.68	1.39	1.23	1.24	1.11	1.33	1.09	0.94
	1994	1.43	-1	-1	2.07	1.55	0.6	2.21	1.43	1.37	1.29	1.53	2	1.12
	1995	1.17	0.56	1.41	1.79	1.61	1.39	1.19	1.24	0.94	0.72	1.21	1.5	0.54
	1996	1.57	1.07	1.64	1.83	1.72	1.61	1.73	2.4	-1	-1	-1	-1	1.38
	1997	1.21	1.02	0.9	2.03	1.33	1.72	1.24	0.83	1.31	0.81	1.57	0.66	0.98
	1998	1.27	0.94	0.63	0.94	1.92	2.09	1.5	1.14	1.56	1.73	1.37	0.44	0.9
	1999	1.17	1.28	0.74	1.34	1.75	1.5	1.2	1.27	1.13	1.01	1.01	0.94	0.84
	2000	1.16	1.65	0.68	1.12	1.31	1.61	1.16	1.23	1.08	1.15	0.95	0.96	0.75
	2001	1.46	0.66	0.92	1.09	1.15	1.88	2.25	2.21	2.1	1.99	2.12	2.26	2.09
	2002	1.25	2.06	1.79	1.54	1.75	1.02	-1	-1	0.25	-1	-1	-1	-1
POWER BY YEAR                                                                   														
	Year	ALL	JAN	FEB	MAR	APR	MAY	JUN	JUL	AUG	SEP	OCT	NOV	DEC
	ALL	8	9	11	10	11	11	13	5	6	5	8	7	5
	1994	9	-1	-1	9	5	3	12	6	8	6	8	18	8
	1995	8	2	21	14	12	9	4	6	3	3	11	11	2
	1996	18	13	16	13	15	9	54	11	-1	-1	-1	-1	12
	1997	7	7	5	16	7	11	5	3	7	4	9	4	4
	1998	8	6	2	6	16	18	10	6	10	12	8	1	5
	1999	6	14	5	7	14	7	5	6	5	4	4	4	3
	2000	7	11	18	6	5	8	6	5	6	5	5	6	4
	2001	8	6	10	6	7	10	10	9	7	6	10	10	9
	2002	7	8	18	9	10	3	-1	-1	1	-1	-1	-1	-1
NUMBER OF SPEED OBSERVATIONS BY YEAR                                            														
	Year	ALL	JAN	FEB	MAR	APR	MAY	JUN	JUL	AUG	SEP	OCT	NOV	DEC
	ALL	53656	4551	3967	4946	5114	4675	4588	4273	4661	3961	4339	3946	4635
	1994	3657	0	0	9	181	5	8	293	728	705	730	411	587
	1995	8180	677	644	674	695	649	688	674	667	694	716	685	717
	1996	4697	700	674	716	682	733	606	8	0	0	0	0	578
	1997	7913	567	682	709	725	726	611	644	571	643	716	647	672
	1998	7615	611	673	701	703	708	693	720	628	419	585	612	562
	1999	8772	580	493	713	633	659	948	983	983	695	649	718	718
	2000	7959	721	319	682	654	724	709	712	740	641	699	675	683
	2001	4549	671	467	705	714	459	325	239	245	164	244	198	118
	2002	314	24	15	37	127	12	0	0	99	0	0	0	0
NUMBER OF SPEED OBSERVATIONS BY HOUR                                            														
	Hour	ALL	JAN	FEB	MAR	APR	MAY	JUN	JUL	AUG	SEP	OCT	NOV	DEC
	0	2249	192	154	185	226	197	194	193	199	185	175	164	185
	1	2255	192	188	223	218	198	190	166	184	162	172	166	196
	2	2539	224	177	230	245	226	210	199	216	177	227	195	213
	3	1872	156	134	163	183	155	165	158	182	135	134	146	161
	4	2212	185	182	233	219	177	180	177	182	154	169	165	189
	5	2177	190	167	205	206	182	185	167	187	139	190	162	197
	6	2188	183	141	184	209	203	193	182	198	177	174	158	186
	7	2227	188	177	226	222	179	185	172	190	151	181	163	193
	8	2476	203	169	224	237	225	221	207	211	195	215	164	205
	9	1904	163	137	160	172	158	179	160	161	140	147	150	177
	10	2281	178	171	226	224	195	203	172	189	173	193	166	191
	11	2236	182	164	215	215	191	194	196	198	149	183	160	189
	12	2265	185	151	184	200	211	217	182	208	192	183	166	186
	13	2309	190	176	232	224	199	200	176	192	172	183	167	198
	14	2589	233	180	237	240	222	213	208	229	204	218	186	219
	15	1910	165	139	157	169	176	176	153	168	142	147	149	169
	16	2321	193	181	228	221	200	182	177	200	179	186	161	213
	17	2219	191	167	204	216	199	191	174	186	157	189	160	185
	18	2256	185	159	181	201	207	189	186	215	186	180	160	207
	19	2304	206	180	231	218	200	195	170	197	154	180	170	203
	20	2541	205	183	225	232	226	211	207	231	190	227	189	215
	21	1896	171	144	163	180	169	156	153	167	138	136	144	175
	22	2256	193	183	226	224	192	178	166	184	174	175	167	194
	23	2174	198	163	204	213	188	181	172	187	136	175	168	189

SPEED BY HOUR                                                                   														
	Hour	ALL	JAN	FEB	MAR	APR	MAY	JUN	JUL	AUG	SEP	OCT	NOV	DEC
	0	0.91	1.11	0.84	1.12	0.88	1.04	0.67	0.65	0.83	0.79	1.1	0.96	0.9
	1	0.91	1.11	0.86	1.03	0.98	0.88	0.66	0.65	0.82	0.88	1.1	1.08	0.87
	2	0.91	1.07	0.86	1.04	1	0.87	0.61	0.64	0.83	0.85	1.09	0.95	1.03
	3	0.94	0.94	1.1	1.09	1.01	0.93	0.68	0.74	0.9	0.89	1.13	1.2	0.76
	4	0.92	1.09	0.84	1.13	1.02	0.95	0.61	0.61	0.89	0.88	1.03	1.04	0.83
	5	0.88	0.98	0.84	1.07	0.89	0.79	0.65	0.74	0.83	0.77	1.02	1.03	0.87
	6	0.94	1.08	0.92	1.06	0.89	0.93	0.75	0.76	0.81	0.86	1.18	1.1	1
	7	0.98	0.97	0.87	1.02	1.02	1.03	0.93	0.86	1	0.93	1.12	1.02	0.95
	8	1.05	0.92	0.83	0.97	1.12	1.41	1.11	1.11	1.06	0.93	1.09	1.06	0.94
	9	1.23	0.86	1.08	1.33	1.39	1.65	1.53	1.34	1.31	0.97	1.25	1.1	0.96
	10	1.39	0.9	0.98	1.34	1.69	2.13	1.77	1.58	1.58	1.28	1.34	1.07	0.88
	11	1.54	0.84	1.25	1.66	1.97	2.22	1.98	1.75	1.77	1.32	1.45	1.11	0.88
	12	1.73	0.95	1.41	1.98	2.18	2.38	2.23	1.87	1.92	1.71	1.62	1.22	0.93
	13	1.76	1.03	1.26	1.96	2.35	2.47	2.17	1.99	1.95	1.7	1.8	1.22	0.95
	14	1.82	1.24	1.29	2.23	2.37	2.52	2.37	1.92	1.8	1.63	1.91	1.2	1.12
	15	1.87	0.97	1.53	2.26	2.52	2.65	2.18	2.11	1.96	1.72	2.02	1.26	1.05
	16	1.78	0.98	1.32	2.27	2.66	2.56	2.1	1.84	1.69	1.59	1.8	1.31	0.98
	17	1.73	1.02	1.26	2.12	2.44	2.55	2.2	1.65	1.71	1.6	1.68	1.14	0.97
	18	1.53	1.11	1.04	1.92	2.25	2.45	1.82	1.56	1.47	1.16	1.31	1.1	0.94
	19	1.37	1.14	0.95	1.56	1.96	2.2	1.58	1.4	1.24	0.81	1.17	1.06	1.01
	20	1.18	1.19	0.94	1.18	1.43	1.75	1.58	1.31	0.97	0.74	1.1	0.94	0.88
	21	1.06	0.93	0.88	1.27	1.12	1.4	1.28	1.01	0.87	0.72	1.25	1.03	0.87
	22	0.98	1.14	0.94	1.15	1.05	1.1	0.8	0.77	0.77	0.9	1.09	1.01	0.96
	23	0.95	1.11	0.75	1.17	1.02	1.01	0.8	0.68	0.79	0.81	1.15	1.1	0.96

POWER BY HOUR                                                                   														
	Hour	ALL	JAN	FEB	MAR	APR	MAY	JUN	JUL	AUG	SEP	OCT	NOV	DEC
	0	5	10	10	6	5	5	3	2	4	4	6	5	5
	1	5	9	8	6	6	4	2	2	4	4	6	7	4
	2	5	9	8	5	6	3	2	3	4	3	5	6	5
	3	6	9	10	5	7	4	2	4	4	3	5	10	4
	4	5	10	6	6	7	5	2	2	4	4	5	7	3
	5	5	9	7	6	6	3	2	2	4	3	4	5	4
	6	5	9	8	6	6	4	2	3	4	3	6	7	4
	7	5	8	8	5	5	4	3	4	5	3	5	9	5
	8	5	7	9	5	6	7	4	4	5	4	5	8	4
	9	7	7	16	8	8	9	6	6	6	6	6	6	5
	10	9	7	18	9	10	14	8	7	7	6	7	6	4
	11	10	5	20	15	13	15	10	8	10	6	8	6	4
	12	12	7	19	22	16	17	13	9	11	8	8	9	4
	13	11	7	16	13	18	18	11	9	10	9	11	7	5
	14	16	8	14	17	18	19	59	9	9	8	13	8	12
	15	13	9	14	19	19	22	12	11	12	9	14	9	8
	16	12	8	9	16	23	17	12	9	9	8	13	10	7
	17	15	7	9	17	21	20	52	7	10	8	12	7	6																									
	18	10	11	10	14	16	19	9	7	7	5	11	6	5																									
	19	8	10	10	10	13	14	7	5	5	4	7	5	5																									
	20	11	11	7	6	9	9	59	5	4	4	5	5	5																									
	21	6	9	8	7	7	7	4	4	5	4	9	6	5																									
	22	6	10	10	6	7	5	3	3	3	5	6	5	5																									
	23	6	11	8	6	8	5	3	3	3	5	5	6	5																									

SPEED BY DIRECTION                                                              																																							
	Month	calm	0	10	20	30	40	50	60	70	80	90	100	110	120	130	140	150	160	170	180	190	200	210	220	230	240	250	260	270	280	290	300	310	320	330	340	350	360
	ALL	0	2.59	2.52	2.33	2.34	2.12	2.16	2.26	2.11	2.13	2.52	2.64	2.69	2.73	2.67	2.64	2.63	2.61	2.64	2.57	2.43	2.54	2.46	2.42	2.26	2.24	2.14	2.24	2.23	2.29	2.3	2.25	2.26	2.31	2.29	2.37	2.62	2.59
	1	0	3	2.7	1.9	1.7	1.6	1.5	1.9	1.8	2	2.4	3.1	3.3	3.4	3.6	2.6	2	2.4	2.5	2.3	2.6	2.5	2.9	2.3	3.7	2.4	2.6	2.8	2.6	2.6	2.3	2.4	2.3	2.4	2.2	2.6	3	3
	2	0	3.2	3.8	2.6	1.6	2.3	2.4	2.5	2.1	2.1	3.2	3.1	2.9	3	2.8	2.9	2.8	2.3	3.3	3.1	2.7	1.9	2.1	1.5	2.8	3.2	2.7	2.6	2.7	2.8	2.5	2.2	2	2.1	2.1	2.8	3.3	3.2
	3	0	2.8	2.8	2.7	2.5	2.5	2.1	2.6	2.3	2	2.5	2.6	2.6	2.8	2.3	2.2	2.2	2.4	2.5	2.2	2.1	2.8	2.5	2.7	2.1	2.6	2.1	2.6	2.7	2.6	2.6	2.4	2.6	2.6	2.6	2.6	2.9	2.8
	4	0	2.8	2.5	2.7	2.3	2.1	2.4	2.3	2.4	2.2	2.7	3	3.2	3.1	3.1	3	3.1	3.2	2.7	2.6	2.5	2.8	2.8	2.7	2.4	2.4	2	2.6	2.5	2.2	2.4	2.1	2.2	2.2	2.3	2.2	2.6	2.8
	5	0	2.8	2.8	2.6	2.7	2.2	2.7	2.6	2.1	2.6	2.9	2.7	3	2.9	2.9	3	2.9	2.9	2.7	2.7	2.8	2.8	2.6	2.4	2.3	2.1	2.1	2.1	2.2	2.4	2.2	2.2	2.2	2.4	2.2	2.3	2.5	2.8
	6	0	2.2	1.9	2	2.2	2.3	2	2.2	2.3	2.3	2.9	2.7	2.4	2.6	2.6	2.4	2.7	2.6	2.5	2.6	2.4	2.4	2.4	2.3	1.8	2.1	2.2	2.4	2	2	2	2.1	2.2	2.1	2	2.2	2.2	2.2
	7	0	2	1.9	1.9	2.7	2	1.8	2.1	2	2	2.2	2.3	2.4	2.5	2.4	2.3	2.3	2.4	2.5	2.6	2.5	2.7	2.4	2.2	2.4	1.9	1.9	1.9	1.7	2	2.1	1.9	1.8	1.9	2	2	2.1	2
	8	0	1.7	1.9	1.9	1.8	1.6	2.1	2.3	1.9	2.1	2.3	2.4	2.5	2.7	2.7	2.6	2.5	2.7	2.7	2.8	2.4	2.4	2.3	2.2	2.2	2.3	2	2	1.8	1.9	1.9	2	1.9	1.9	1.9	1.9	1.8	1.7
	9	0	1.8	1.8	1.7	2.2	2.3	2	2	1.8	2.2	2.3	2.5	2.6	2.6	2.5	2.8	2.8	2.6	2.3	2.2	2	2.6	2.3	2.5	2	2	1.8	1.8	1.8	2	2.1	2.2	1.9	2	2	2.1	1.9	1.8
	10	0	2.2	2.4	2	1.9	2	1.8	1.6	1.7	1.9	2.2	2.4	2.1	2.3	2.3	3.2	3.7	3	2.6	1.7	2.1	2.1	2.2	2	2	2.1	2.2	2.1	2.2	2.3	2.3	2.4	2.4	2.3	2.4	2.2	2.3	2.2
	11	0	2.7	2.3	2.3	2.9	1.9	2.2	1.9	1.9	1.9	2.5	2.8	2.8	2.6	1.9	2.4	2.1	2.3	2.2	2.7	2	2.4	2.1	5.8	3.1	3.5	2.6	2.3	2.3	2.3	2.4	2.2	2.2	2.3	2.3	2.5	2.9	2.7
	12	0	2.2	1.9	2.2	2.1	2.2	2.2	2	2	2.1	2.5	2.4	2.2	2.2	2.1	2.2	2	1.9	2.1	1.6	1.9	2	2.8	2.8	2.9	2.5	2.3	2.1	2.2	2.4	2.4	2.4	2.2	2.4	2.4	2.2	2.2	2.2
FREQUENCY BY DIRECTION                                                          																																							
	Month	calm	0	10	20	30	40	50	60	70	80	90	100	110	120	130	140	150	160	170	180	190	200	210	220	230	240	250	260	270	280	290	300	310	320	330	340	350	360
	ALL	48.15	3.47	1.83	1.06	0.61	0.52	0.53	0.64	0.84	1.38	2.49	3.79	4.47	4.87	4.93	4.08	3.15	2.71	2.19	1.8	1.44	1.49	1.66	1.15	1.11	0.98	1.06	1.32	2.2	3.48	4.59	6.19	7.08	6.08	5.29	4.88	4.63	3.47
	1	60.7	4.8	2.1	0.9	0.4	0.2	0.1	0.3	0.3	0.6	1.8	3.1	4.8	3.3	4.3	2.6	1.8	0.9	1.1	0.8	0.6	0.4	0.8	0.5	0.4	0.6	0.4	0.4	0.8	1.6	3.8	7.8	12	10.8	7.8	8.3	8.9	4.8
	2	61.6	5.1	2.3	0.5	0.4	0.4	0.3	0.3	0.5	1	1.5	2.5	3.2	4.1	4.2	4.1	3.6	3.5	3.4	2.6	1.4	0.7	0.9	0.1	0.5	0.5	1.1	0.9	2	2.7	3.7	4.2	5.5	7.6	8.2	8.7	8.1	5.1
	3	43.5	5.3	3.4	1.8	1.1	0.8	0.8	1	0.9	1.3	2	2.5	2.8	2.5	2.1	1.8	1.9	2.3	1.1	1.4	1	1	0.9	0.7	0.8	0.6	0.8	1	1.9	3.3	4	6.4	9.4	9.3	8.7	7.8	6	5.3
	4	40.9	5.3	3	1.6	0.6	0.6	0.6	0.8	1.1	1	2.5	4	5.7	5.5	4.8	3.6	2.7	2.2	2	1.3	1	0.9	1.1	1.1	0.9	0.7	0.9	1.9	3.1	4	4.2	5.4	6.1	5.5	5.3	4.3	5.1	5.3
	5	34.7	2.6	1.7	1.3	1	0.4	0.7	0.8	1.1	1.2	1.8	3.2	4	5.9	5.3	5.5	4.8	3.4	3.3	2.3	2.1	2.3	2.3	2	1.7	2	2.3	2.7	3.1	4.6	3.3	3.6	4.6	3.4	3.4	2.9	3.4	2.6
	6	41.5	1.4	0.8	0.4	0.5	0.4	0.7	0.8	1.3	2.1	3.6	5.3	6.1	6.9	8	6.1	4.7	4.5	3.5	2.8	2.4	1.7	2	1.3	1.5	0.9	1.1	1.3	1.5	2.4	3.4	3.1	3.9	3.9	3.2	3.7	2.5	1.4
	7	45.5	0.9	0.4	0.6	0.3	0.5	0.3	0.9	0.9	2.4	4.5	6	7.1	8.2	8.3	6.5	4.9	4.5	3.5	3	2.9	3	3	1.6	1.5	1.5	1.1	1.5	1.3	1.8	3.5	4.3	2.8	2.5	1.8	1	1.2	0.9
	8	46.6	0.9	0.6	0.5	0.2	0.5	0.4	0.8	1.4	2.1	4	5.4	6.1	8	9.3	6.4	4	3.6	3.9	2.8	1.7	2.7	3	2.3	2	1.8	1.2	1.1	2.2	2.7	3.6	4.6	3.1	2.8	2.3	1.2	1.1	0.9
	9	50.7	3.1	1.9	1.4	0.4	0.5	0.9	0.7	0.8	1.8	3.4	5.1	6.3	5.5	5.4	5.4	4.3	2.6	1.5	1.7	1.9	2.5	2.9	1.8	1.3	1.3	0.8	0.7	1.5	3.1	4.5	4.9	4.8	3.8	4	4.3	3.2	3.1
	10	42.8	3.7	1.9	1.2	0.6	0.9	0.6	0.4	0.4	1.1	1.2	2.7	1.7	1.9	1.4	1.4	1.1	1.3	0.5	0.5	0.6	0.9	1	0.6	1	0.4	0.9	1.7	3.4	5.5	8	10.8	10.8	8.2	8.2	6.9	6.5	3.7
	11	54.5	5.3	2	1.3	0.8	0.7	0.3	0.4	0.7	1.1	1.8	3	3.2	3.1	3.2	2.7	1.8	1.3	0.7	0.9	0.3	0.2	0.3	0.2	0.4	0.4	0.9	1.3	2.8	5.2	7.5	10.1	9.5	7.2	5.2	6.9	7	5.3
	12	58.8	4.8	1.9	0.9	0.7	0.2	0.4	0.2	0.1	0.6	1	1.9	1.8	1.7	1.5	2	1.3	1.6	1	1	0.8	0.6	1.1	0.8	0.7	0.3	0.8	0.4	1.8	4.1	6.6	11.6	16	10.9	7.2	5.9	5.7	4.8
FREQUENCY OF SPEED                                                              																																							
	Month	0	1	2	3	4	5	6	7	8	9	10	11	12	13	14	15	16	17	18	19	20	21	22	23	24	25												
	ALL	48.1	16	21.9	9.4	3.1	1	0.3	0.1	0	0	0	0	0	0	0	0	0	0	0	0	0	0	0	0	0	0												
	1	60.7	11.4	15.4	7.2	2.9	1.5	0.8	0.2	0.2	0	0	0	0	0	0	0	0	0	0	0	0	0	0	0	0	0												
	2	61.6	13	12.9	5.9	3.2	1.9	0.8	0.5	0.1	0.1	0	0	0	0	0	0	0	0	0	0	0	0	0	0	0	0												
	3	43.5	14.4	23.9	11.7	4.9	1.2	0.3	0.1	0	0	0	0	0	0	0	0	0	0	0	0	0	0	0	0	0	0												
	4	40.9	14.9	23.9	12.7	4.9	1.9	0.6	0.1	0	0	0	0	0	0	0	0	0	0	0	0	0	0	0	0	0	0												
	5	34.7	17.2	26.2	14.5	5.3	1.5	0.3	0.1	0	0	0	0	0	0	0	0	0	0	0	0	0	0	0	0	0	0												
	6	41.5	18.1	26.5	11.2	2.2	0.4	0	0	0	0	0	0	0	0	0	0	0	0	0	0	0	0	0	0	0	0												
	7	45.5	18.9	24	9.4	2	0.1	0	0	0	0	0	0	0	0	0	0	0	0	0	0	0	0	0	0	0	0												
	8	46.6	18.5	22.4	8.8	2.8	0.8	0.1	0	0	0	0	0	0	0	0	0	0	0	0	0	0	0	0	0	0	0
	9	50.7	18.2	20.9	7.1	2.2	0.7	0.1	0	0	0	0	0	0	0	0	0	0	0	0	0	0	0	0	0	0	0
	10	42.8	19.4	25.2	9.4	2.3	0.5	0.2	0	0.1	0	0	0	0	0	0	0	0	0	0	0	0	0	0	0	0	0
	11	54.5	14.5	19.7	7.7	2.4	0.8	0.3	0.1	0	0.1	0	0	0	0	0	0	0	0	0	0	0	0	0	0	0	0
	12	58.8	13.7	19.5	6	1.4	0.4	0.1	0	0	0	0	0	0	0	0	0	0	0	0	0	0	0	0	0	0	0
PERCENT OF POWER BY SPEED                                                       																											
	Month	0	1	2	3	4	5	6	7	8	9	10	11	12	13	14	15	16	17	18	19	20	21	22	23	24	25
	ALL	0	4.1	20.4	26.2	18.7	11.3	6.1	2.4	1.8	1.2	0.5	0.2	0.3	0.4	0	0	0	0.7	0	0	1.2	1.3	1.5	1.7	0	0
	1	0	3	15.2	20.5	18	17.4	15.1	4.5	6.3	0	0	0	0	0	0	0	0	0	0	0	0	0	0	0	0	0
	2	0	2.7	9.7	13.4	16.2	18.1	11.7	11.5	4.3	6.7	1.8	0	0	3.9	0	0	0	0	0	0	0	0	0	0	0	0
	3	0	3.3	20.2	28.9	26.5	11.9	5.4	1.7	0.9	1.3	0	0	0	0	0	0	0	0	0	0	0	0	0	0	0	0
	4	0	3	17.1	27.7	23.4	16.7	9	1.8	1.4	0	0	0	0	0	0	0	0	0	0	0	0	0	0	0	0	0
	5	0	3.5	19.4	32.1	24.8	13.7	4.2	1.5	0.7	0	0	0	0	0	0	0	0	0	0	0	0	0	0	0	0	0
	6	0	3	15.6	19.7	8.1	3.1	0.5	0	0.6	0	0	0	0	0	0	0	0	5.6	0	0	9.2	9.8	11.6	13.1	0	0
	7	0	7.3	33.4	38.5	17.2	2.2	1.4	0	0	0	0	0	0	0	0	0	0	0	0	0	0	0	0	0	0	0
	8	0	6.2	27	31.5	21.3	10.9	3.2	0	0	0	0	0	0	0	0	0	0	0	0	0	0	0	0	0	0	0
	9	0	7.1	28.1	29.7	19.4	10.7	3.7	1.3	0	0	0	0	0	0	0	0	0	0	0	0	0	0	0	0	0	0
	10	0	5.6	26	28.9	15.1	6.5	4.6	1.4	4.4	0	4.4	3.1	0	0	0	0	0	0	0	0	0	0	0	0	0	0
	11	0	4.7	23.5	26.5	18.6	11.7	6.9	2.9	1.5	3.7	0	0	0	0	0	0	0	0	0	0	0	0	0	0	0	0
	12	0	5.9	30.4	27.3	14.4	6.8	4.2	0.9	0	4.3	0	0	5.7	0	0	0	0	0	0	0	0	0	0	0	0	0
PREVAILING DIRECTION BY HOUR                                                    																											
	Month	0	1	2	3	4	5	6	7	8	9	10	11	12	13	14	15	16	17	18	19	20	21	22	23		
	ALL	310	310	310	310	310	310	310	310	310	310	300	310	300	120	120	140	320	310	310	310	310	340	310	300		
	1	320	320	320	330	310	330	310	310	310	330	310	310	310	300	310	330	310	310	320	350	310	320	310	310		
	2	330	340	340	320	340	100	340	330	350	350	320	130	350	310	320	180	330	140	340	320	360	350	340	350		
	3	320	350	340	340	310	340	340	320	340	330	310	330	330	320	320	340	320	320	320	320	310	340	310	300		
	4	120	350	310	330	110	350	350	310	310	300	130	310	120	320	110	140	120	130	120	110	280	330	300	340		
	5	310	130	120	320	330	350	310	130	120	300	140	140	120	120	150	150	140	150	140	120	120	120	130	120		
	6	130	130	310	110	130	290	100	100	110	110	110	120	130	140	120	150	130	130	130	140	130	130	120	130		
	7	130	100	120	90	110	80	130	120	110	120	130	130	120	120	110	130	130	130	110	140	130	120	130	130		
	8	130	120	140	130	140	110	130	120	120	120	110	110	110	120	130	110	130	130	140	130	130	120	120	120		
	9	310	140	100	140	130	120	110	330	300	340	110	90	290	280	130	150	140	140	110	120	120	100	110	100		
	10	310	320	330	310	300	310	320	350	320	330	300	340	300	300	310	320	310	290	310	300	300	310	310	300
	11	310	310	300	320	310	300	310	300	300	310	280	100	300	280	320	290	290	310	310	300	300	300	300	310
	12	300	320	310	310	320	310	320	310	310	310	310	300	300	310	300	290	300	310	310	310	310	310	310	300
SPEED FOR PREVAILING DIRECTION BY HOUR                                          																									
	Month	0	1	2	3	4	5	6	7	8	9	10	11	12	13	14	15	16	17	18	19	20	21	22	23
	ALL	2.02	2.11	2.14	2.13	2.12	2.15	2.2	2.23	2.13	2.38	2.31	2.41	2.28	2.78	2.89	2.81	2.41	2.29	2.19	2.23	2.25	2.48	2.25	2.13
	1	2.65	2.74	2.38	2.78	2.38	2.67	2.45	2.37	2.05	2.34	2.59	1.92	2.52	2.53	2.25	2.22	1.99	2.49	2.76	2.98	2.36	2.16	2.32	2.21
	2	1.87	2.2	2.71	2.13	2.6	2.46	3.19	2.09	2.87	3.17	1.97	3.84	3.63	2.31	2.17	2.47	2.15	2.61	3.11	2.04	2.46	2.44	2.62	3.43
	3	2.17	2.54	2.64	2.28	2.38	2.34	2.46	2.45	2.7	2.48	2.38	2.95	3.04	2.88	2.73	2.51	2.62	2.81	2.55	2.89	2.72	2.39	2.35	2.31
	4	2.59	1.84	1.98	2.03	3.1	2.56	2.35	2.36	2.51	2.06	2.82	2.37	3.27	2.39	3.27	3.07	3.76	3.74	2.6	3.12	2.23	2.03	1.63	2.14
	5	1.81	1.99	2.62	1.93	1.87	2.08	2.06	2.61	2.56	2.34	3.21	3.1	2.97	3.8	2.81	3.72	2.68	3.28	3.03	3.32	2.17	2.38	2.66	2.41
	6	2.28	2.16	1.95	2.16	1.99	1.95	2.25	2.05	2.13	1.88	2.34	2.68	2.67	2.56	2.84	3.07	3.27	3.18	2.76	2.54	2.92	2.58	2.28	2.13
	7	2.46	1.88	2.57	2.5	1.86	1.98	1.78	2.07	2.24	2.57	2.17	2.27	2.51	2.59	2.4	2.41	2.72	2.35	2.57	2.08	2.44	1.87	2.34	2.3
	8	2.42	2.77	2.24	2.22	2.4	2.43	3.13	2.76	2.85	2.64	2.54	2.54	2.84	2.46	2.79	2.56	2.92	3.21	2.41	2.67	2.44	2.43	2.64	2.49
	9	1.71	2.48	2.73	2.68	3.75	2.73	2.72	1.72	2.07	2.14	2.4	1.89	2.11	1.85	2.36	2.49	2.03	2.79	2.87	1.91	2.18	2.57	2.65	2.32
	10	2.17	1.95	1.99	2.08	2.42	2.19	2.14	2.2	2.2	2.35	2.23	2.43	2.41	2.72	2.92	2.14	2.34	2.56	2.38	1.97	2.25	2.2	2.41	2.25
	11	2.25	1.92	2.42	2.45	2.32	2.39	2.17	2.32	2.46	2.19	2.37	2.47	2.06	2.3	2.55	2.51	2.51	2.09	1.73	2.06	2.16	2.42	2.38	2.51
	12	2.31	2.62	2.1	2.06	2.15	2.14	1.97	2.49	1.92	2.45	2.11	2.18	2.24	2.1	3.02	2.49	2.14	2.29	2.22	2.27	2.22	2.24	2.56	2.32
