SOLDOTNA            AK - 702595                                                 														
 60 deg    29' N  151 deg    02' W - Elev   33m   LST=GMT+99 hours   *NT=-10    														
 05/83-09/83 03/85-03/85 06/92-09/02                                            								Adjusted to Alaska Timezone (GMT-9)						
SPEED BY YEAR                                                                   														
	Year	ALL	JAN	FEB	MAR	APR	MAY	JUN	JUL	AUG	SEP	OCT	NOV	DEC
	ALL	1.65	1.29	1.31	1.59	1.91	2.23	2.06	1.76	1.54	1.63	1.47	1.3	1.4
	1983	2.62	-1	-1	-1	-1	3.07	2.42	2.36	2.13	1.68	-1	-1	-1
	1985	1.89	-1	-1	1.89	-1	-1	-1	-1	-1	-1	-1	-1	-1
	1992	1.6	-1	-1	-1	-1	-1	2.17	1.66	1.74	1.77	1.24	1.74	1.45
	1993	1.76	1.3	1.66	1.95	2.06	2.08	2.09	1.71	1.73	1.87	1.48	1.5	1.78
	1994	1.57	1.02	1.13	1.79	1.89	2.65	2.05	1.54	1.48	1.44	1.71	0.89	1.06
	1995	1.46	1.04	1.29	1.33	1.74	2.15	1.73	1.31	1.41	1.48	1.32	1.08	1.61
	1996	1.34	0.88	0.92	1.15	2.04	2.01	1.83	1.84	1.56	1.43	1.24	0.85	0.52
	1997	1.58	1.06	1.8	1.58	2.13	2.19	1.94	1.61	1.3	1.42	1.34	1.17	1.42
	1998	1.63	1.29	1.25	1.52	2.13	2.42	2.01	1.53	1.79	1.75	1.61	0.96	1.03
	1999	1.62	1.5	1.02	1.58	1.77	2.33	1.81	1.93	1.33	1.76	1.27	1.45	1.51
	2000	1.52	1.04	0.86	1.69	1.52	1.99	2.14	1.65	1.6	1.35	1.34	1.4	1.54
	2001	2.28	1.79	1.42	1.85	2.12	2.95	3.07	2.58	2.51	2.55	2.62	2.33	2.55
	2002	1.8	2.97	1.86	1.38	1.7	1.89	2.1	1.92	1.35	0.73	-1	-1	-1
POWER BY YEAR                                                                   														
	Year	ALL	JAN	FEB	MAR	APR	MAY	JUN	JUL	AUG	SEP	OCT	NOV	DEC
	ALL	15	10	11	13	21	28	20	14	11	13	10	8	10
	1983	42	-1	-1	-1	-1	70	21	19	35	12	-1	-1	-1
	1985	21	-1	-1	21	-1	-1	-1	-1	-1	-1	-1	-1	-1
	1992	12	-1	-1	-1	-1	-1	8	11	17	13	5	16	9
	1993	16	10	17	20	25	25	17	13	20	17	13	10	13
	1994	15	5	8	17	21	44	18	14	10	12	16	5	8
	1995	13	10	10	9	21	42	12	7	8	13	8	6	10
	1996	10	3	6	7	22	20	13	15	9	11	5	3	3
	1997	14	14	21	9	26	24	16	11	8	8	6	7	15
	1998	14	7	6	12	26	34	19	9	14	17	11	5	5
	1999	13	10	7	14	13	28	14	17	11	20	8	7	9
	2000	12	6	5	16	12	18	23	11	13	7	10	9	16
	2001	21	19	14	15	30	31	26	17	14	19	25	12	22
	2002	17	35	21	8	16	15	29	17	7	2	-1	-1	-1
NUMBER OF SPEED OBSERVATIONS BY YEAR                                            														
	Year	ALL	JAN	FEB	MAR	APR	MAY	JUN	JUL	AUG	SEP	OCT	NOV	DEC
	ALL	87310	6335	6322	6686	6852	8655	8170	8987	9032	6600	6781	6583	6307
	1983	810	0	0	0	0	349	211	137	66	47	0	0	0
	1985	63	0	0	63	0	0	0	0	0	0	0	0	0
	1992	4263	0	0	0	0	0	3	718	730	688	721	670	733
	1993	7907	723	656	722	623	649	633	721	615	635	650	660	620
	1994	8249	663	590	679	636	740	689	733	742	706	734	624	713
	1995	8258	653	657	678	688	729	705	710	670	696	709	665	698
	1996	8316	721	662	724	713	720	638	515	727	706	749	710	731
	1997	7716	605	510	230	694	691	696	751	729	689	720	695	706
	1998	7986	647	634	712	672	706	686	710	731	672	677	711	428
	1999	8518	664	653	724	679	780	732	762	755	676	656	708	729
	2000	8462	728	674	724	713	717	714	728	735	717	717	713	582
	2001	6058	631	631	715	715	539	463	413	365	344	448	427	367
	2002	10704	300	655	715	719	2035	2000	2089	2167	24	0	0	0
NUMBER OF SPEED OBSERVATIONS BY HOUR                                            														
	Hour	ALL	JAN	FEB	MAR	APR	MAY	JUN	JUL	AUG	SEP	OCT	NOV	DEC
	0	3566	254	235	251	285	351	333	384	384	269	284	273	263
	1	3616	257	288	294	288	343	330	361	365	267	286	278	259
	2	3477	266	261	272	279	325	295	350	351	257	287	278	256
	3	3552	256	242	251	281	348	335	383	387	277	280	266	246
	4	3562	257	270	297	284	326	326	348	357	267	280	282	268
	5	3512	260	262	273	280	338	307	338	362	260	285	280	267
	6	3518	242	240	251	262	366	356	374	354	267	277	267	262
	7	3748	267	278	303	332	363	337	377	397	289	282	270	253
	8	3512	274	260	274	278	341	310	363	345	266	254	281	266
	9	3666	243	245	251	285	377	350	394	397	291	311	264	258
	10	3756	274	284	308	301	360	357	382	370	283	296	276	265
	11	3658	267	256	285	277	366	347	383	373	265	294	278	267
	12	3739	243	260	272	278	395	372	384	406	298	295	281	255
	13	3756	282	283	304	308	368	332	392	369	277	283	287	271
	14	3698	281	279	284	290	368	331	367	385	283	287	278	265
	15	3705	264	244	274	264	384	370	403	394	293	283	267	265
	16	3747	266	284	294	300	371	351	396	384	286	281	266	268
	17	3709	272	286	291	280	371	356	371	386	275	294	271	256
	18	3677	249	245	268	283	384	358	401	394	291	274	266	264
	19	3708	283	278	283	287	383	352	373	389	267	274	272	267
	20	3596	267	266	281	287	358	344	356	353	258	279	276	271
	21	3644	254	232	255	267	383	370	397	394	287	269	270	266
	22	3640	273	284	293	299	343	340	364	372	272	272	271	257
	23	3548	284	260	277	277	343	311	346	364	255	274	285	272

SPEED BY HOUR                                                                   														
	Hour	ALL	JAN	FEB	MAR	APR	MAY	JUN	JUL	AUG	SEP	OCT	NOV	DEC
	0	1.02	1.2	1.13	1.01	0.98	0.94	0.74	0.73	0.97	1.08	1.27	1.12	1.3
	1	1.03	1.16	1.23	1.08	1.09	1.02	0.72	0.62	0.92	1.01	1.18	1.13	1.4
	2	1.02	1.24	1.18	1.18	1.01	0.98	0.59	0.57	0.9	1.12	1.27	1.16	1.27
	3	1	1.29	0.97	1.13	0.96	0.94	0.65	0.6	0.77	1.15	1.37	1.31	1.2
	4	1.03	1.41	1.15	1.05	0.97	0.89	0.74	0.65	0.77	1.3	1.2	1.22	1.33
	5	1.09	1.27	1.23	1.15	1.03	0.86	0.91	0.63	0.95	1.36	1.3	1.28	1.41
	6	1.11	1.22	1.28	1.14	0.96	1.13	0.98	0.77	0.84	1.32	1.28	1.3	1.37
	7	1.21	1.3	1.14	1.18	1.2	1.29	1.11	0.9	1.1	1.32	1.28	1.42	1.43
	8	1.34	1.26	1.12	1.31	1.55	1.66	1.33	1.13	1.05	1.5	1.47	1.34	1.41
	9	1.61	1.28	1.4	1.5	1.94	2.17	1.75	1.58	1.36	1.65	1.6	1.42	1.39
	10	1.82	1.25	1.34	1.83	2.27	2.47	2.18	1.93	1.69	1.9	1.74	1.51	1.36
	11	2.09	1.39	1.58	2.16	2.67	3	2.6	2.33	1.89	2.02	1.98	1.58	1.38
	12	2.34	1.28	1.61	2.29	3.02	3.35	3.04	2.77	2.16	2.35	2.09	1.64	1.58
	13	2.49	1.53	1.59	2.57	3.21	3.52	3.3	2.93	2.47	2.44	2.2	1.69	1.68
	14	2.53	1.42	1.85	2.6	3.37	3.64	3.49	2.93	2.66	2.53	2.19	1.48	1.49
	15	2.56	1.39	1.76	2.55	3.34	3.75	3.63	3.04	2.6	2.56	2.06	1.27	1.48
	16	2.55	1.45	1.73	2.62	3.51	3.8	3.59	3.19	2.71	2.54	1.87	1.1	1.32
	17	2.33	1.26	1.28	2.2	3.23	3.67	3.6	3.04	2.58	2.15	1.38	1.12	1.31
	18	2.19	1.15	1.11	1.87	2.77	3.55	3.46	3.01	2.25	1.76	1.14	1.16	1.46
	19	1.87	1.36	1.09	1.31	2.13	3.24	3.04	2.63	1.85	1.14	0.97	1.17	1.41
	20	1.58	1.15	1.08	1.03	1.54	2.52	2.72	2.03	1.46	1.07	1.05	1.11	1.44
	21	1.35	1.27	1.26	0.97	1.05	1.85	1.94	1.66	0.97	1.14	1.07	1.15	1.4
	22	1.14	1.18	1.12	0.98	0.98	1.21	1.41	1.08	0.89	1.16	1.08	1.27	1.4
	23	1.07	1.23	1.2	1.07	0.94	0.99	1	0.82	0.86	1.19	1.17	1.19	1.3

POWER BY HOUR                                                                   														
	Hour	ALL	JAN	FEB	MAR	APR	MAY	JUN	JUL	AUG	SEP	OCT	NOV	DEC
	0	7	9	10	7	6	7	5	3	5	8	7	6	9
	1	7	8	11	8	8	7	5	2	6	7	7	6	9
	2	9	8	10	7	9	30	4	2	5	9	10	6	9
	3	6	10	5	7	6	5	3	3	3	8	11	7	11
	4	7	13	9	8	6	6	4	2	4	8	7	6	9
	5	7	10	10	8	8	4	4	2	5	9	9	7	10
	6	7	10	10	8	7	6	4	3	4	9	7	7	9
	7	7	10	9	8	8	9	6	3	6	7	7	8	10
	8	9	9	9	7	13	13	7	5	6	9	12	8	9
	9	12	10	12	9	17	20	10	10	10	11	8	10	12
	10	14	10	12	14	20	24	15	12	13	14	12	11	12
	11	19	11	14	22	33	37	23	17	14	17	14	10	8
	12	24	9	16	20	38	49	33	24	18	26	15	10	10
	13	27	12	14	28	42	60	39	28	22	27	16	12	13
	14	27	9	19	24	48	54	40	28	24	25	18	11	10
	15	28	11	15	24	42	57	46	30	23	27	14	7	13
	16	30	18	19	26	53	66	47	31	24	24	12	8	12
	17	25	14	12	19	46	55	48	31	20	16	10	7	11
	18	22	11	12	15	31	47	41	30	15	14	9	6	12
	19	18	13	10	8	23	42	35	21	12	8	9	6	10
	20	13	10	8	7	16	26	26	12	9	8	8	7	10
	21	9	10	9	7	8	15	14	9	7	9	6	6	11																									
	22	7	7	8	6	8	8	8	5	6	7	6	8	10																									
	23	7	10	9	7	7	7	8	3	4	8	6	6	8																									

SPEED BY DIRECTION                                                              																																							
	Month	calm	0	10	20	30	40	50	60	70	80	90	100	110	120	130	140	150	160	170	180	190	200	210	220	230	240	250	260	270	280	290	300	310	320	330	340	350	360
	ALL	0	2.46	2.52	2.42	2.53	2.59	2.55	2.52	2.54	2.8	2.97	2.61	2.46	2.44	2.34	2.32	2.51	2.57	2.58	2.67	2.91	3	3	2.95	3.07	3.02	3.08	3.18	3	2.98	2.66	2.3	2.18	2.02	2.13	2.19	2.31	2.46
	1	0	2.6	2.4	2.3	2.7	2.7	2.5	2.5	2.4	2.6	2.6	2.4	2.4	2.8	2.4	1.9	2.7	2.6	2.6	2.9	3.2	3.2	3	3	2.9	3.2	2.9	1.7	2.2	1.7	1.9	1.5	1.5	1.9	1.8	2.8	2	2.6
	2	0	2.7	3.2	2.6	2.5	2.5	2.5	2.4	2.4	2.7	2.7	2.3	2.5	2.5	2.3	2.3	3.3	3.6	3	2.8	3.2	2.4	3.5	3.4	2.5	3.8	2.6	2.1	2	2	2	1.6	1.5	1.9	1.5	2	2.5	2.7
	3	0	2.4	2.4	2.5	2.6	2.7	2.7	2.7	2.6	2.8	2.8	2.4	2.4	2.3	2.4	2.3	2.6	3	3	3.2	3.2	3.2	3	3.4	3.2	3	2.9	2.9	2.4	2.5	2.2	2.1	2	2	2.4	2.3	2.4	2.4
	4	0	2.4	2.4	2.6	2.6	2.7	2.7	2.9	3.2	3.4	4.1	3.3	3.1	2.8	2.2	2.8	2.5	2.7	2.5	2.4	2.8	3	3.1	3.4	3.4	3.4	3.3	3.1	2.9	2.8	2.6	2.3	2.4	2.3	2.3	2.3	2.4	2.4
	5	0	2.5	2.5	2.4	2.4	2.8	3.2	2.8	3.2	3.8	4.1	3.5	3	3	2.5	2.6	2.8	2.8	2.6	2.7	2.8	2.9	3.1	3	3.4	3.4	3.4	3.7	3.5	3.3	2.9	2.6	2.3	2.3	2.4	2.2	2.5	2.5
	6	0	2.4	2.2	2.6	2.2	2.3	2.2	2.3	2.7	3.3	4.1	3.6	2.9	2.8	2.7	2.1	2.3	2.1	2.3	2.6	2.7	2.9	2.7	2.6	2.9	2.9	3.2	3.4	3.3	3.2	2.9	2.4	2.4	2	2.1	2.1	2.1	2.4
	7	0	2.1	2	2.1	2.1	2	2.1	2.2	2.6	3.1	3.2	2.8	2.5	2.3	2.2	2	2	2.4	2.4	2.3	2.7	3	2.8	2.7	2.8	2.9	3	3.1	2.9	3	2.7	2.3	2.1	1.8	1.9	2.1	2	2.1
	8	0	2.2	2.1	2	2.1	2.3	2.2	2.1	2.4	2.8	2.6	2.5	2.3	1.8	1.9	2.2	2.4	2.3	2.5	2.4	2.8	2.9	2.9	2.9	3	2.8	2.9	2.9	2.7	2.7	2.5	2.3	2	1.7	1.9	2	1.9	2.2
	9	0	2.9	2.6	2.4	2.6	2.6	2.4	2.3	2.5	2.8	2.7	2.6	2.2	2.2	2	2.2	2.3	2.5	2.3	2.8	3	3.1	3.3	3.4	3.3	3.2	2.7	2.8	2.6	2.7	2.3	2	2	2.1	1.8	2.1	2.6	2.9
	10	0	2.4	2.7	2.3	2.6	2.6	2.4	2.4	2.3	2.6	2.4	2.1	2	2.1	2	2	2	2.3	2.7	2.8	3	2.9	3	3	3.3	3	3.1	2.4	2.2	2.4	2.1	1.7	2	1.8	1.8	2	2	2.4
	11	0	3.1	2.5	2.1	2.5	2.4	2.5	2.5	2.2	2.3	2.4	2.2	2.2	2.1	2.3	3	2.6	2.5	2.8	2.8	3	3.1	2.8	2.8	2.6	2.3	2.2	2.3	2.2	1.8	1.7	1.5	1.5	1.8	2.5	3	2.7	3.1
	12	0	3.5	3	2.3	2.5	2.6	2.5	2.6	2.4	2.4	2.5	2.3	2.2	2.7	3.5	2.4	3.6	3.1	2.9	2.9	3.3	3.4	3.3	2.7	3.2	2.6	2.4	2.1	1.8	1.9	1.8	1.6	1.5	-1	2	-1	2.8	3.5
FREQUENCY BY DIRECTION                                                          																																							
	Month	calm	0	10	20	30	40	50	60	70	80	90	100	110	120	130	140	150	160	170	180	190	200	210	220	230	240	250	260	270	280	290	300	310	320	330	340	350	360
	ALL	39.87	1.01	1.27	1.78	2.64	3.4	4.21	5.06	6.71	9.89	9.58	7.63	3.15	1.1	0.54	0.51	0.53	0.65	0.92	1.48	2.31	2.97	2.4	2.01	1.8	2.59	3.28	4.55	4.33	4.44	2.69	1.31	0.85	0.61	0.58	0.49	0.73	1.01
	1	49.2	0.5	0.6	0.8	1.9	3.5	5.4	9	11.4	18	15.2	12.5	3.6	1.4	0.4	0.4	0.5	0.9	0.7	1.3	2	2.6	2.3	0.9	0.7	0.4	0.6	0.3	0.6	0.4	0.3	0.1	0.1	0.1	0.1	0.1	0.2	0.5
	2	49.1	0.6	1.9	2.7	4.5	6.1	7.7	7.4	10.4	14.6	14.4	11	4	0.9	0.3	0.4	0.6	0.7	0.6	0.6	1	0.9	1.6	0.8	0.4	0.6	0.4	1	1.2	0.9	0.6	0.2	0.1	0.1	0.1	0.2	0.4	0.6
	3	41	1.8	2.6	4.1	6.6	7.7	7.7	7.3	6.5	9.9	9.8	6.6	2.5	0.9	0.4	0.5	0.4	0.5	0.8	1.3	1.8	2.5	1.7	1.2	1.1	1.3	1.4	1.8	1.7	1.7	1.5	0.8	0.8	0.7	0.5	0.6	0.8	1.8
	4	36.5	2.3	2.6	3.7	4.5	5.4	5.3	5.3	6.8	9.9	9.3	6.1	2.5	1.1	0.4	0.5	0.4	0.4	0.6	1.1	1.6	2.6	2	1.6	1.1	1.4	2.3	2.7	3.2	3.2	2.9	1.5	1.1	1.1	1.3	0.8	1.3	2.3
	5	30.2	1.5	1.4	1.9	2	2.5	3	2.9	4.3	6.7	7.1	5.8	2.8	1.2	0.7	0.8	0.4	0.7	0.9	1.5	2.2	3	2.8	2.4	2.5	3.5	3.7	6.6	6.2	7.2	4.1	2	1.5	1.1	0.8	0.9	1.3	1.5
	6	32.1	0.8	0.6	0.6	1	1.2	1.2	1.8	3.1	5.2	5.9	4.4	2.3	0.7	0.5	0.4	0.5	0.8	0.8	1.3	1.7	2.7	2.7	2.7	3.1	4.7	7.7	10.4	9.5	9.2	5.5	2.8	1.5	0.7	1	0.7	0.6	0.8
	7	36.7	0.5	0.5	0.9	0.7	0.8	1.3	2.1	3	3.5	3.6	4.3	2.6	0.7	0.6	0.5	0.4	0.6	1	1.5	2.3	2.4	2.6	2.5	3.1	6.6	8.1	10.9	9.8	10.5	6.2	2.5	1.1	0.9	0.6	0.4	0.7	0.5
	8	40.9	0.9	0.9	0.8	1.1	1	2.1	2.4	3.9	5.3	5.7	5.6	2.9	1.2	0.7	0.5	0.6	0.6	1.4	1.8	3.7	4.6	3.6	3.5	3.1	4.3	5.5	8	7.5	7.1	3.8	1.8	1.4	0.9	0.6	0.4	0.7	0.9
	9	38.9	1.1	1.8	2.3	3.3	3.9	3.9	4.1	5.4	8.7	10.1	7.9	3.3	1.9	0.7	0.8	0.7	1.1	1.3	2.5	4.1	5	3.2	2.8	2.3	2	2.1	2.1	2.4	2.8	1.7	1	0.8	0.5	0.6	0.8	1	1.1
	10	39.8	1	1.6	2.7	5.2	6.3	7.2	7.6	8.5	11.4	12.3	10.3	3.7	0.9	0.7	0.5	1	0.8	1.4	2.1	2.8	2.8	1.5	1.4	0.7	0.6	0.5	0.8	0.6	0.6	0.5	0.5	0.3	0.2	0.3	0.2	0.6	1
	11	45.7	0.4	0.2	0.7	1.3	3	4.8	7.5	12.1	18.4	17.3	13	4.8	1.3	0.4	0.5	0.5	0.4	0.4	1.2	2	2.8	2.2	1.4	0.4	0.3	0.3	0.2	0.4	0.3	0.1	0.1	0	0.1	0.3	0.4	0.5	0.4
	12	45	0.3	0.6	0.8	1.7	3	5.6	9.9	13.4	19.3	14.3	11.1	4.3	1.4	0.5	0.3	0.4	0.3	0.8	1.4	2	3	1.7	1.1	0.6	0.5	0.3	0.2	0.4	0.2	0.1	0.1	0	0	0.1	0	0.1	0.3
FREQUENCY OF SPEED                                                              																																							
	Month	0	1	2	3	4	5	6	7	8	9	10	11	12	13	14	15	16	17	18	19	20	21	22	23	24	25												
	ALL	39.9	15.8	21.9	12.5	5.7	2.4	1	0.5	0.2	0.1	0	0	0	0	0	0	0	0	0	0	0	0	0	0	0	0												
	1	49.2	16.6	19.5	8.5	3.5	1.5	0.7	0.3	0.1	0	0	0	0	0	0	0	0	0	0	0	0	0	0	0	0	0												
	2	49.1	16.7	19.3	8.4	3.3	1.6	0.9	0.4	0.2	0.1	0	0	0	0	0	0	0	0	0	0	0	0	0	0	0	0												
	3	41	15.9	21.4	13.2	5.3	1.8	0.9	0.5	0.1	0	0	0	0	0	0	0	0	0	0	0	0	0	0	0	0	0												
	4	36.5	13.5	22.1	14.1	6.6	3.5	1.8	1	0.5	0.2	0	0	0	0	0	0	0	0	0	0	0	0	0	0	0	0												
	5	30.2	12.7	22.2	16.2	9.6	4.5	2.3	1.3	0.6	0.2	0.2	0	0	0	0	0	0	0	0	0	0	0	0	0	0	0												
	6	32.1	13.6	20.9	17.1	10.1	4.1	1.2	0.5	0.2	0.1	0	0.1	0	0	0	0	0	0	0	0	0	0	0	0	0	0												
	7	36.7	15.1	22.2	15.1	6.7	2.9	0.9	0.3	0	0	0	0	0	0	0	0	0	0	0	0	0	0	0	0	0	0												
	8	40.9	16.9	22.2	12.5	4.7	1.7	0.7	0.2	0.1	0.1	0	0	0	0	0	0	0	0	0	0	0	0	0	0	0	0												
	9	38.9	18	22.4	11.3	5.5	2.3	1.1	0.4	0.1	0.1	0	0	0	0	0	0	0	0	0	0	0	0	0	0	0	0												
	10	39.8	19.2	25.1	10.2	3.5	1.1	0.5	0.4	0	0.1	0	0	0	0	0	0	0	0	0	0	0	0	0	0	0	0												
	11	45.7	17.4	23.3	9.1	3.1	0.8	0.3	0.1	0.1	0	0	0	0	0	0	0	0	0	0	0	0	0	0	0	0	0												
	12	45	15.8	22.4	10.6	3.9	1.3	0.6	0.2	0.1	0.1	0	0	0	0	0	0	0	0	0	0	0	0	0	0	0	0
PERCENT OF POWER BY SPEED                                                       																											
	Month	0	1	2	3	4	5	6	7	8	9	10	11	12	13	14	15	16	17	18	19	20	21	22	23	24	25
	ALL	0	2.3	11.6	19.8	19.3	15.1	11.2	8.3	4.8	3.2	2	1	0.4	0	0	0	0	0	0.3	0	0	0	0	0.6	0	0
	1	0	3.6	14.5	19.2	17.2	13.7	11.3	8.4	3.4	2.5	3.1	1.3	1.8	0	0	0	0	0	0	0	0	0	0	0	0	0
	2	0	3.3	13.5	17	14.9	14.2	13.3	9.1	8	6.7	0	0	0	0	0	0	0	0	0	0	0	0	0	0	0	0
	3	0	2.7	13.2	24.3	20.6	12.9	11.2	9.6	2.2	0.6	2.6	0	0	0	0	0	0	0	0	0	0	0	0	0	0	0
	4	0	1.4	8.2	15.6	15.7	16.4	13.1	12.4	8.8	4	1.6	2	0.8	0	0	0	0	0	0	0	0	0	0	0	0	0
	5	0	1	6.2	13.7	17.2	14.9	12.9	11.9	7.9	4.1	4.2	0.8	0.5	0	0	0	0	0	1.5	0	0	0	0	3.3	0	0
	6	0	1.4	7.9	19.1	24.3	18.3	9.7	6.4	4.2	3.3	1.8	2.8	0.8	0	0	0	0	0	0	0	0	0	0	0	0	0
	7	0	2.3	12.4	25.2	24	19.7	10.9	4.5	0.6	0.4	0	0	0	0	0	0	0	0	0	0	0	0	0	0	0	0
	8	0	3.1	15	25	20.2	13.4	9.3	5	3.9	3.6	1.4	0	0	0	0	0	0	0	0	0	0	0	0	0	0	0
	9	0	2.8	12.5	19.4	20.2	15.9	12.5	8.1	2.8	2.9	0.7	2.1	0	0	0	0	0	0	0	0	0	0	0	0	0	0
	10	0	4.1	18.7	22.7	16.9	10.5	8.4	9.2	1.7	4.6	3.2	0	0	0	0	0	0	0	0	0	0	0	0	0	0	0
	11	0	5	23.3	27.6	19.7	9.6	6.5	2.5	5	0.9	0	0	0	0	0	0	0	0	0	0	0	0	0	0	0	0
	12	0	3.4	16.7	24.1	19	12.5	9.4	4.1	2.8	4.4	2.1	1.6	0	0	0	0	0	0	0	0	0	0	0	0	0	0
PREVAILING DIRECTION BY HOUR                                                    																									
	Month	0	1	2	3	4	5	6	7	8	9	10	11	12	13	14	15	16	17	18	19	20	21	22	23
	ALL	90	90	90	90	90	80	80	80	80	80	90	80	80	90	270	280	260	260	260	260	80	80	80	90
	1	80	80	80	80	100	100	80	80	80	80	90	90	80	80	80	90	80	80	80	80	80	80	80	70
	2	90	80	90	80	90	80	80	100	80	90	90	80	80	90	40	40	30	50	70	70	70	80	90	80
	3	60	90	80	80	80	90	80	90	90	80	80	40	40	50	30	40	20	30	40	40	60	60	90	90
	4	90	90	80	80	80	90	80	80	80	80	50	40	30	80	90	30	90	90	90	90	90	80	80	80
	5	200	100	100	100	90	80	80	90	90	80	290	280	280	280	260	260	260	260	280	280	270	240	200	210
	6	220	190	210	90	100	100	80	80	60	260	280	270	280	270	270	270	280	270	260	260	260	250	250	200
	7	200	100	90	100	100	90	80	80	260	290	280	260	280	280	280	280	270	260	260	260	240	250	240	240
	8	200	200	90	100	100	90	100	90	90	200	260	280	270	280	280	260	260	260	270	270	250	200	200	190
	9	100	90	90	90	90	80	80	90	90	90	90	90	40	90	270	280	280	270	80	70	190	190	90	200
	10	100	100	90	80	90	80	90	90	80	80	90	100	90	50	40	30	40	50	40	40	70	80	70	80
	11	100	80	90	90	90	80	80	80	80	80	90	80	90	90	90	80	90	80	80	80	80	80	80	100
	12	90	80	80	80	80	80	80	80	70	80	80	80	80	80	80	80	80	90	80	80	80	80	80	80
SPEED FOR PREVAILING DIRECTION BY HOUR                                          																									
	Month	0	1	2	3	4	5	6	7	8	9	10	11	12	13	14	15	16	17	18	19	20	21	22	23
	ALL	2.6	2.49	2.35	2.26	2.27	2.27	2.17	2.24	2.47	2.62	2.72	2.88	3.05	3.52	3.46	3.42	3.65	3.53	3.32	2.89	3.18	2.87	2.56	2.61
	1	2.73	2.07	2.56	2.31	2.03	2.29	2.55	2.62	2.53	2.34	2.52	2.79	2.4	2.6	2.46	2.72	3.4	2.67	2.76	2.79	2.51	2.61	2.03	2.26
	2	2.59	2.81	2.16	2.23	2.63	2.74	2.49	1.89	2.76	2.92	2.41	2.27	2.16	2.52	2.6	2.17	2.17	2.19	2.66	2.5	2.64	2.84	2.1	2.51
	3	2.18	2.66	2.35	2.32	3.12	1.84	2.06	1.97	2.19	2.23	2.18	2.75	2.76	2.99	2.82	2.73	2.54	2.27	2.53	2.09	2.28	2.52	2.54	2.77
	4	2.54	2.89	2.66	2.65	2.4	2.42	2.01	2.22	2.78	3.22	2.46	2.79	2.7	4.59	6.67	3.06	6.47	6.35	5.32	5.01	4.3	2.91	3.06	2.11
	5	2.75	2.26	2.22	1.79	1.78	1.96	2.09	2.48	3.19	3.65	2.79	3.31	3.22	3.79	4.39	4.26	4.19	3.98	3.6	3.2	2.69	2.25	2.53	2.72
	6	1.71	2.87	2.1	1.79	1.94	2.09	1.87	2.2	2.24	2.62	3.08	3.29	3.35	3.51	4.1	4.14	3.68	3.86	3.73	3.32	2.81	2.45	2.21	2.59
	7	3.36	1.86	2.29	1.79	1.78	1.95	2.01	2.03	2.23	2.33	2.3	3.02	3.21	3.08	3.43	3.31	3.43	3.74	3.18	2.77	2.69	2.34	2.21	1.79
	8	2.4	2.85	1.99	1.93	1.81	2.11	1.68	2.37	2.09	2.53	2.21	2.66	2.92	3.05	2.88	3.43	3.17	3.24	2.45	2.27	2.56	2.47	3.05	2.34
	9	2.4	2.61	2.47	2.03	2.33	2.08	1.95	2.2	2.11	2.26	2.52	2.69	2.77	3.76	2.46	2.69	2.72	2.74	4.38	2.68	3.13	2.85	2.54	2.88
	10	1.72	1.98	2.44	2.77	2.27	2.51	2.09	2.26	2.43	2.32	2.43	2.56	2.7	2.46	2.78	2.64	2.47	2.12	2.71	2.42	2.1	2.33	2.64	2.46
	11	2.08	2.19	2.52	2.27	2.21	2.12	2.11	2.35	2.34	2.25	2.68	2.34	2.45	2.51	2.98	2.51	2.61	2.08	2.24	2.3	2.11	2.29	2.18	2.34
	12	2.95	2.64	2.47	2.28	2.22	2.33	2.33	2.4	2.76	2.53	2.72	2.28	2.4	2.65	2.17	2.55	2.47	2.29	2.78	2.11	2.33	2.6	2.44	2.5
