SPARREVOHN (AWOS)   AK - 702350                                                 														
 61 deg    06' N  155 deg    35' W - Elev  484m   LST=GMT+99 hours   *NT=-10    														
 01/73-08/02                                                                    							Adjusted to Alaska Timezone (GMT-9)							
SPEED BY YEAR                                                                   														
	Year	ALL	JAN	FEB	MAR	APR	MAY	JUN	JUL	AUG	SEP	OCT	NOV	DEC
	ALL	2.3	2.25	2.3	2.42	2.58	2.4	2.2	2.08	2.32	2.47	2.36	2.21	1.93
	1973	2.35	2.75	1.33	1.64	2.88	1.97	2.01	1.65	2.81	2.63	3.18	2.93	1.68
	1974	2	1.3	3.05	2.61	1.56	1.77	2.3	2.22	2.11	2.26	1.81	2.27	0.75
	1975	2.16	2.07	1.33	2.73	3.24	1.7	1.72	1.51	1.79	2.03	2.97	2.05	1.95
	1976	1.85	1.42	1.26	2.35	2.31	2.43	1.88	2.06	1.51	1.8	1.87	1.71	1.53
	1977	1.85	2.68	1.56	2.16	2.48	2.27	1.91	1.84	1.19	2	1.9	0.68	1.86
	1978	1.84	1.2	2.82	1.36	2.1	1.36	2.18	1.19	1.37	1.61	1.8	2.48	2.71
	1979	1.95	1.81	1.17	1.23	2.64	2.05	2.09	1.9	1.84	2.34	1.79	2.49	2.08
	1980	2.22	3.03	2.89	2.25	1.89	2.75	2.38	1.84	1.9	2.63	2.46	1.74	0.89
	1981	2.19	2.9	1.99	2.07	1.56	1.85	1.83	2.41	2.44	2.44	3.13	2	1.67
	1982	2.69	1.39	4.49	3.65	4.08	2.26	2.23	2.53	1.59	2.57	3.33	2.01	2.3
	1983	2.02	3.04	0.79	0.92	2.46	1.71	2.14	2.13	2.53	2.57	2	2.83	1.13
	1984	1.83	1.81	1.54	1.17	2.22	2.12	1.91	2.08	3	1.79	1.47	1.04	0.68
	1985	2.52	2.36	3.42	4.55	3.12	3.33	2.82	1.27	1.83	2.87	2.29	2.08	2.18
	1986	1.8	0.2	3.19	1.23	2.75	2.05	2.07	2.44	2.45	1.48	0.79	0.96	1.02
	1987	1.94	1.76	4.66	1.77	1.94	3.13	2.28	1.36	0.73	1.95	1.14	1.17	0
	1988	1.89	1.16	1.98	1.8	2.34	1.69	1.86	0.83	2.13	2.45	1.72	0.96	2.63
	1989	2.18	3.12	1.35	1.02	1.69	2.54	1.85	2.27	1.59	2.23	3.41	1.68	1.24
	1990	1.74	0.53	1.18	2.49	3.03	1.14	1.6	1.1	1.59	2.44	1.24	4.01	2.22
	1991	3.61	1.03	4.41	5.82	3.52	4.08	3.65	3.5	2.75	4.4	4.32	2.49	2.34
	1992	2.54	1.71	1.84	3.44	3.41	3.42	2.84	1.54	2.93	2.91	2.19	2.35	2.54
	1993	2.85	4.13	2.84	2.65	2.18	2.56	2.1	2.32	3	4.12	2.42	3.17	2.5
	1994	3.02	1.75	3.51	4.13	2.34	2.78	2.42	2.54	3.12	2.36	3.1	5.04	3.27
	1995	2.34	2.21	2.73	3.66	2.3	2.62	2.27	2.28	2.29	2.37	2.41	2.09	1.5
	1996	2.53	2.17	3.17	2.52	2.43	2.68	3.14	2.78	2.78	2.53	2	2	2
	1997	2.44	2.06	2.48	2.53	2.66	2.89	2.01	1.9	3.01	2.22	2.02	2.77	2.45
	1998	2.36	1.27	0.98	2.65	3.41	3.62	2.59	1.99	3.45	2.7	2.37	1.4	1.69
	1999	2.4	3.65	2.45	2.36	3.22	2.7	1.83	2.44	2.52	2.75	1.57	1.46	1.68
	2000	2.66	4.01	2.32	2.81	2.09	2.72	1.74	1.69	3.25	2.93	2.14	1.41	3.14
	2001	2.55	3.11	2.7	3.22	2.34	2.94	2.57	2.37	2.68	2.05	3.02	1.74	2.43
	2002	2.18	1.16	4.22	1.89	2.81	2.45	1.78	2.22	1.27	-1	-1	-1	-1
POWER BY YEAR                                                                   														
	Year	ALL	JAN	FEB	MAR	APR	MAY	JUN	JUL	AUG	SEP	OCT	NOV	DEC
	ALL	56	91	89	73	55	35	27	23	38	50	55	77	64
	1973	61	118	25	21	64	24	30	15	45	50	84	127	97
	1974	52	78	92	154	15	19	26	26	23	38	35	79	11
	1975	54	50	15	98	109	17	17	12	32	41	74	58	87
	1976	30	35	43	64	53	35	23	22	17	18	22	21	22
	1977	28	72	13	47	30	23	14	20	7	24	33	9	61
	1978	32	12	69	13	24	9	26	15	17	16	44	56	82
	1979	37	46	43	12	40	21	15	20	18	40	19	57	115
	1980	70	209	200	42	29	47	29	21	27	58	87	60	27
	1981	60	148	90	59	21	31	25	32	85	59	86	45	37
	1982	98	25	289	174	215	51	37	29	14	61	134	57	104
	1983	68	285	8	4	47	17	29	25	36	94	49	211	13
	1984	26	32	24	10	29	26	16	20	51	36	31	16	4
	1985	59	34	77	161	62	90	48	9	31	59	73	97	46
	1986	39	1	166	25	139	30	19	38	33	14	4	15	28
	1987	40	36	260	23	23	38	31	18	3	46	9	14	0
	1988	31	27	20	20	40	20	19	9	27	60	22	4	75
	1989	61	157	13	9	28	65	30	33	17	23	137	51	12
	1990	34	5	17	53	66	9	13	9	19	37	8	267	17
	1991	98	12	208	294	58	77	62	48	29	98	105	105	64
	1992	61	37	38	131	51	72	41	11	51	66	40	70	120
	1993	74	179	68	72	28	33	24	26	60	131	74	104	96
	1994	102	39	289	172	35	39	35	31	70	47	69	304	134
	1995	52	51	106	147	56	36	25	27	24	40	58	86	33
	1996	51	59	101	78	41	38	45	38	48	42	33	38	49
	1997	54	92	50	101	58	41	20	19	44	41	24	69	88
	1998	43	20	10	50	91	85	37	16	65	56	36	18	27
	1999	55	221	136	36	64	30	15	30	45	42	12	26	35
	2000	61	174	56	62	24	36	23	11	73	54	44	13	82
	2001	43	64	88	90	30	38	26	21	30	21	76	27	64
	2002	29	22	296	32	56	23	15	21	7	-1	-1	-1	-1
NUMBER OF SPEED OBSERVATIONS BY YEAR                                            														
	Year	ALL	JAN	FEB	MAR	APR	MAY	JUN	JUL	AUG	SEP	OCT	NOV	DEC
	ALL	174276	14215	13029	14422	14685	15696	14835	14571	15203	14925	14919	14216	13560
	1973	6562	401	360	656	652	615	362	352	509	658	682	645	670
	1974	6142	654	624	533	373	551	498	532	414	522	430	450	561
	1975	6623	556	512	638	696	661	461	384	443	561	624	535	552
	1976	7032	464	426	580	502	619	642	522	665	699	669	606	638
	1977	7976	416	508	697	706	723	703	618	731	710	729	709	726
	1978	8463	731	665	737	707	721	698	680	712	699	720	678	715
	1979	8577	731	668	726	712	733	704	730	714	709	728	703	719
	1980	8819	779	696	744	720	744	720	744	744	720	744	720	744
	1981	8759	744	672	744	719	744	720	744	744	720	744	720	744
	1982	8760	744	672	744	720	744	720	744	744	720	744	720	744
	1983	8764	744	672	744	720	744	720	746	744	720	746	720	744
	1984	8056	744	696	744	720	744	720	745	744	720	744	649	86
	1985	2116	214	148	80	189	128	221	154	279	114	162	224	203
	1986	1302	88	57	115	121	162	181	109	134	123	119	36	57
	1987	864	296	41	22	78	119	39	42	23	65	50	48	41
	1988	1118	81	35	77	55	113	124	65	123	202	136	42	65
	1989	1527	211	155	84	30	106	141	120	152	112	200	182	34
	1990	1791	118	68	66	56	114	240	256	312	243	137	105	76
	1991	3881	62	155	344	264	306	324	335	304	443	373	453	518
	1992	6258	509	416	480	357	417	396	656	591	594	628	594	620
	1993	7072	601	524	596	578	660	512	651	673	600	578	607	492
	1994	7699	624	573	583	668	676	685	672	648	635	683	665	587
	1995	6625	575	412	341	362	692	600	541	638	646	647	535	636
	1996	7031	589	614	607	647	632	673	534	633	422	384	643	653
	1997	6774	558	576	640	673	628	489	475	565	504	634	590	442
	1998	7669	595	602	661	641	603	605	646	690	678	680	659	609
	1999	7010	490	572	639	643	629	567	633	616	652	600	567	402
	2000	4253	496	574	646	650	413	201	283	245	294	150	28	273
	2001	4179	353	307	106	188	280	525	573	361	440	454	383	209
	2002	2574	47	29	48	538	675	644	285	308	0	0	0	0
NUMBER OF SPEED OBSERVATIONS BY HOUR                                            														
	Hour	ALL	JAN	FEB	MAR	APR	MAY	JUN	JUL	AUG	SEP	OCT	NOV	DEC
	0	7131	585	527	586	618	639	609	597	608	618	624	568	552
	1	7568	608	565	618	649	667	658	644	654	640	651	619	595
	2	7543	617	563	609	633	672	639	635	648	647	649	640	591
	3	7675	628	584	614	633	698	655	657	683	644	661	626	592
	4	7679	635	575	621	635	688	662	644	680	653	659	628	599
	5	7732	637	565	638	649	681	666	658	681	661	672	626	598
	6	7815	662	591	644	648	690	674	654	681	659	665	643	604
	7	7802	659	584	638	653	686	667	673	692	658	659	632	601
	8	7824	661	591	637	642	692	675	662	696	662	657	640	609
	9	7693	642	582	639	626	689	667	651	681	647	646	637	586
	10	7553	646	557	638	620	662	640	635	668	633	642	616	596
	11	7632	633	572	632	644	680	658	646	670	646	640	615	596
	12	7569	628	570	622	636	685	658	658	667	643	611	614	577
	13	7555	622	564	628	627	670	645	662	662	645	636	614	580
	14	7454	617	569	615	612	668	639	643	647	630	627	598	589
	15	7342	596	554	608	605	662	628	635	639	626	624	591	574
	16	7079	547	532	599	588	657	601	588	598	615	612	584	558
	17	6969	565	551	594	580	639	572	564	572	621	596	564	551
	18	6623	519	506	573	552	610	543	542	552	591	548	543	544
	19	6552	503	485	558	555	617	542	517	563	578	565	559	510
	20	6329	491	467	540	565	590	517	493	570	543	560	514	479
	21	6422	497	461	533	564	606	542	515	577	567	566	512	482
	22	6433	514	471	526	579	586	536	508	560	543	570	533	507
	23	6302	503	443	512	572	562	542	490	554	555	579	500	490

SPEED BY HOUR                                                                   														
	Hour	ALL	JAN	FEB	MAR	APR	MAY	JUN	JUL	AUG	SEP	OCT	NOV	DEC
	0	1.99	2.3	2.31	2.2	2.19	1.73	1.52	1.51	1.87	2.03	2.24	2.15	1.89
	1	1.92	2.29	2.02	2.21	2.09	1.56	1.35	1.41	1.84	1.99	2.15	2.26	1.93
	2	1.89	2.28	2.11	2.23	2.02	1.45	1.35	1.3	1.73	2.02	2.15	2.18	1.92
	3	1.85	2.18	2.06	2.12	2.05	1.3	1.3	1.21	1.77	2.04	2.18	2.29	1.84
	4	1.81	2.23	1.98	2.16	1.96	1.35	1.13	1.19	1.65	2.02	2.13	2.14	1.93
	5	1.79	2.17	1.95	2.15	1.89	1.27	1.08	1.16	1.62	2.03	2.2	2.16	1.9
	6	1.78	2.19	2.1	2.05	1.89	1.3	1.07	1.09	1.59	1.98	2.14	2.15	1.92
	7	1.81	2.21	2.1	1.96	1.9	1.42	1.2	1.18	1.64	1.93	2.21	2.05	1.97
	8	1.87	2.2	2.23	1.96	1.93	1.79	1.53	1.45	1.64	1.92	2.07	1.97	1.86
	9	2.02	2.16	2.02	2.06	2.01	2.25	1.97	1.82	1.89	2.04	2	2.04	1.9
	10	2.19	2.09	2.04	2	2.41	2.69	2.35	2.25	2.16	2.28	2.03	2.01	1.96
	11	2.41	2.2	2.09	2.27	2.79	2.98	2.68	2.53	2.46	2.56	2.24	2.07	1.86
	12	2.63	2.15	2.23	2.56	3.02	3.35	3	2.76	2.85	2.91	2.38	2.1	2
	13	2.77	2.06	2.47	2.87	3.33	3.36	3.14	2.8	2.96	3.28	2.62	2.23	1.87
	14	2.87	2.16	2.63	3.12	3.45	3.47	3.12	2.97	3.12	3.32	2.71	2.26	1.91
	15	2.95	2.14	2.8	3.13	3.54	3.48	3.32	3.04	3.27	3.35	2.84	2.39	1.91
	16	2.98	2.27	2.77	3.03	3.57	3.51	3.31	3.1	3.32	3.4	2.87	2.39	2.04
	17	2.94	2.35	2.58	3.01	3.59	3.51	3.36	3.13	3.26	3.23	2.84	2.33	1.98
	18	2.82	2.39	2.4	2.84	3.33	3.22	3.32	3.1	3.14	3	2.63	2.34	1.98
	19	2.76	2.45	2.64	2.63	3.16	3.3	3.17	2.95	3	2.73	2.62	2.42	1.88
	20	2.6	2.55	2.63	2.46	2.84	3.02	2.9	2.75	2.72	2.54	2.39	2.38	1.93
	21	2.41	2.49	2.38	2.43	2.51	2.59	2.56	2.35	2.47	2.31	2.46	2.39	1.93
	22	2.28	2.41	2.48	2.42	2.55	2.13	2.25	1.97	2.18	2.26	2.4	2.3	1.95
	23	2.16	2.36	2.48	2.41	2.43	1.87	1.71	1.7	2.1	2.27	2.35	2.2	2

POWER BY HOUR                                                                   														
	Hour	ALL	JAN	FEB	MAR	APR	MAY	JUN	JUL	AUG	SEP	OCT	NOV	DEC
	0	53	113	89	66	55	27	20	17	30	42	53	77	63
	1	49	92	68	68	49	24	20	17	30	41	53	72	60
	2	50	96	73	71	48	22	20	16	28	46	54	62	66
	3	48	79	66	64	46	18	20	13	29	51	64	79	56
	4	48	84	63	72	45	20	15	12	26	48	63	69	67
	5	48	79	73	67	43	15	15	12	29	44	62	76	68
	6	45	72	72	62	42	18	13	11	27	42	56	73	57
	7	45	70	76	66	42	20	14	11	31	35	54	68	66
	8	46	83	80	61	44	23	17	13	28	40	44	66	59
	9	48	81	66	83	39	32	20	18	28	44	44	63	66
	10	48	86	77	56	43	31	23	24	32	41	40	73	61
	11	52	95	77	66	51	39	27	24	33	44	45	75	59
	12	56	77	90	71	51	49	36	29	45	51	49	62	72
	13	60	71	111	92	62	46	38	29	43	56	51	69	58
	14	62	81	112	92	61	52	39	31	44	60	55	71	59
	15	62	66	121	83	62	50	42	33	54	56	54	78	60
	16	68	87	116	78	72	57	45	36	50	64	56	87	75
	17	69	105	102	82	74	53	44	37	50	67	61	83	68
	18	69	107	100	78	66	47	40	47	54	58	70	98	68																									
	19	68	108	117	81	74	48	40	33	52	52	64	94	59																									
	20	66	121	113	70	63	47	34	28	45	58	62	95	61																									
	21	62	121	100	76	62	38	26	25	43	57	67	85	63																									
	22	63	122	98	84	74	33	24	22	40	53	59	90	66																									
	23	61	118	97	83	69	29	18	19	40	59	56	85	69																									

SPEED BY DIRECTION                                                              																																							
	Month	calm	0	10	20	30	40	50	60	70	80	90	100	110	120	130	140	150	160	170	180	190	200	210	220	230	240	250	260	270	280	290	300	310	320	330	340	350	360
	ALL	0	3.98	3.33	2.81	2.52	2.57	2.44	2.77	2.9	3.11	3.71	4.5	4.41	5.38	5.04	4.67	4.65	4.38	4.02	4	4.29	3.66	3.28	2.97	2.63	2.42	2.35	2.19	2.34	2.38	2.5	3.11	3.55	3.86	4.53	5.27	4.52	3.98
	1	0	5.3	4.7	3.2	2.6	2.8	2.5	2.9	3.3	3.6	4.1	4.7	4.7	6.1	6	5.7	5.9	5.8	4.8	4.2	4.7	3.7	3.3	3	2.6	2.5	2.6	2.3	2.4	2.2	2.6	3.4	4.9	4.8	6.6	7.8	6.8	5.3
	2	0	4.8	3.1	2.8	2.7	2.6	2.6	2.9	3.1	3.8	4.5	5	4.9	6.6	6.7	5.2	5.2	5.2	4.5	4.4	4.6	3.4	3.1	3.1	2.8	2.6	2.3	2.5	2.6	2.9	2.6	3.7	4.9	5.6	6.2	8.4	6	4.8
	3	0	4.6	3.8	2.7	2.6	2.6	2.4	2.9	3.1	3.2	3.6	4.8	4.9	5.1	4.6	5	4.9	4.9	4.6	4.5	4.5	4	3.5	2.9	2.6	2.2	2.2	2.2	2	2	2.5	3.8	4.3	4.7	5.9	7	4.8	4.6
	4	0	3.7	3	2.4	2.4	2.5	2.4	2.7	2.8	2.8	3.2	3.8	3.8	5	4.7	4.2	3.9	3.9	3.8	3.8	4.3	3.9	3.5	3	2.5	2.4	2.3	2	1.9	2.1	2.6	3.2	3.9	4.3	5.4	5.1	4.4	3.7
	5	0	3.4	3.3	2.5	2.3	2.5	2.3	2.5	2.7	2.7	3.1	3.9	3.7	4.4	4.4	4	4.3	4.3	3.9	3.8	3.9	3.5	3.4	3.2	2.7	2.4	2.4	2.1	2.2	2.4	2.3	3	3.5	3.7	3.9	4	3.8	3.4
	6	0	3.3	3.3	3	2.4	2.4	2.5	3	2.8	2.6	3.4	3.9	3.5	3.9	4	3.6	4.1	3.6	3.6	3.5	3.7	3.4	3.3	3	2.7	2.5	2.2	2.1	2.1	2.2	2.1	2.8	3	3.1	3.8	4.1	3.7	3.3
	7	0	3	2.9	2.3	2	2.2	2.1	2.1	2.2	2.1	2.4	3.3	2.8	3.3	3.8	3.4	3.6	3.5	3.4	3.3	3.8	3.5	3.2	2.8	2.6	2.5	2.4	2	2.1	2.1	2.2	2.6	3.1	3.2	3.7	3.9	3.1	3
	8	0	3.2	2.9	2.3	2.5	2.2	2.2	2.3	2.1	2.5	2.7	4.4	4.7	5.3	4.5	3.9	3.8	3.9	3.6	4	4.6	4	3.3	2.9	2.5	2.3	2.3	2.1	2.5	2.2	2.6	2.8	3	3.2	3.7	3.9	3.7	3.2
	9	0	4	3.3	2.8	2.4	2.5	2.5	2.7	2.6	2.8	3.5	3.6	4.4	5.1	4.8	4.5	4.8	4	3.9	4.4	4.7	3.7	3.2	2.7	2.7	2.4	2.2	2.1	2.4	2.6	2.7	3.1	3.3	3.7	3.9	4.4	4.2	4
	10	0	4.4	3.2	3.2	2.6	2.6	2.5	2.8	2.8	2.7	3.8	4	4.7	5.9	5.1	4.5	4.5	3.8	4	3.9	4.2	3.2	2.9	2.8	2.3	2.1	2.2	2.1	2.4	2.6	2.4	2.9	3.6	3.9	4.7	5.8	5.1	4.4
	11	0	4.2	2.9	3.4	2.6	2.7	2.6	2.9	3.1	3.8	4.3	6.2	4.7	6.1	5.5	5.8	5.4	5.3	4.8	4.9	4.9	4	3.4	3.2	2.9	2.5	3	2.5	3.3	3.3	3.1	3.7	3.5	4.2	5	7.2	5.2	4.2
	12	0	4.5	3.5	2.5	2.7	2.7	2.6	2.8	3	3.4	4.4	5.9	5	6.6	5.7	5.6	5.3	4.8	4.6	4.5	4.3	3.7	3.2	3	2.7	2.7	2.5	2.5	2.6	2.3	2.6	3.8	3.9	4.3	5.7	6.2	6	4.5
FREQUENCY BY DIRECTION                                                          																																							
	Month	calm	0	10	20	30	40	50	60	70	80	90	100	110	120	130	140	150	160	170	180	190	200	210	220	230	240	250	260	270	280	290	300	310	320	330	340	350	360
	ALL	38.74	3.41	2.6	3.56	2.43	2.81	4.1	2.98	2.17	2.16	1.31	1.07	1.57	1.76	1.86	3.35	2.98	2.9	4.82	4.73	5.16	5.54	3.17	2.33	2.39	1.55	1.36	1.5	1.08	0.9	1.45	1.4	1.8	3.32	4.03	4.84	5.59	3.41
	1	48.8	3.5	3	4	3.4	4.5	6.1	3.8	3.1	3.4	1.8	1.3	1.9	2.4	2.6	4.8	4.1	3.5	4.9	3.6	3.9	4.8	2.2	1.5	1.6	1	1.1	1.4	0.9	0.8	1.3	0.8	0.8	1.9	1.8	3.8	4.6	3.5
	2	46	3.3	2.9	3.9	3.6	4.3	6.8	3.9	3.1	3.9	2.6	1.7	2.8	2.6	2.3	4.3	3	2.8	4.2	3.2	3	3.4	2	1.6	1.8	1.1	1	1.8	1.1	0.9	1.7	1	1.1	2.1	2.4	3.7	5.1	3.3
	3	38.4	3.2	2.5	3.7	3.2	3.7	6.5	5.3	3.8	4	2.5	1.9	2.3	2.3	2	3.9	3.4	2.9	4.6	4	3.5	4.3	2.4	1.7	1.7	1.2	1	1.3	1	0.8	1.2	0.9	1.1	2.1	2.6	3.3	3.9	3.2
	4	30.2	3.4	2.7	3.2	2.7	2.9	4.8	3.6	2.5	2.9	1.6	1.2	1.9	1.9	1.8	3.3	3	2.4	4.6	4.1	4.5	5.3	2.7	2.1	1.8	1.1	0.8	1	0.7	0.7	1.2	1.3	2	4.1	5.5	5.5	5.4	3.4
	5	30.7	3.3	2.7	3	1.7	1.7	3	2.3	2	2	1.2	1.3	1.7	2	1.8	3.8	3.1	3.4	4.9	4.5	4.9	6	3.7	2.8	2.9	1.8	1.5	1.6	1	0.8	1.6	1.6	1.8	3.6	4.3	5.1	5.5	3.3
	6	32.6	3.3	2.3	3.1	1.3	1.3	1.8	1.4	0.9	1.2	0.8	0.8	1	1	1.3	2.2	2.3	2.7	4.7	5.2	5.6	7.5	5.6	4.5	4.2	2.9	2.3	2.6	1.6	1.1	1.7	1.6	2	3.6	4.3	4.8	5.8	3.3
	7	34	2.2	1.6	2.2	1	1	1.3	1.1	0.7	0.7	0.4	0.5	0.7	0.9	0.9	1.8	2.2	2.5	5.4	6.7	8.3	9.7	5.9	4	3.8	3	2.4	1.9	1.7	1.2	1.8	1.6	2.3	3.7	4.9	5	5	2.2
	8	33.9	3.5	2.3	2.7	1.3	1.4	2	1.2	0.9	0.7	0.5	0.5	0.7	0.9	1.2	2.1	2.1	2.7	5.4	7.3	9.4	8.1	3.8	2.7	3	1.6	1.4	1.7	1	0.9	1.5	1.7	2.4	4.2	5.4	5.7	6.4	3.5
	9	33.7	3.9	2.9	3.9	2.1	2.4	3.1	2.4	1.9	1.5	0.9	0.8	1.4	1.9	2.4	3.8	3.8	3.3	5.5	5.2	5.5	4.7	2.6	1.8	2.1	1.2	1.3	1.1	0.6	0.8	1.4	1.6	2.1	4.1	4.5	5	6.7	3.9
	10	38.8	4.3	3.1	5.1	3.3	3.8	5.1	3.6	2.6	2.1	1.3	0.8	1.4	1.8	2	3	2.4	2.3	4	3.5	3.4	3	1.7	1.2	1.2	1	0.9	1	1.1	0.9	1.4	1.6	2.4	4.1	5.4	6.8	7.5	4.3
	11	48.4	3.3	2.9	4.6	3.1	4.2	5.6	4	2.7	2.2	1.2	1.1	1.7	2	2.5	4.3	3.6	3.4	5	4.3	3.7	3.7	1.7	1.3	1.8	1.2	1.2	1.3	1.2	0.9	1.4	1.4	1.6	2.5	2.7	4.9	5.9	3.3
	12	52.7	3.9	2.7	4	3.9	4.6	6.1	5	3	2.5	1.7	1.3	2.1	2.3	2.1	4.1	3.3	3.2	4.2	3.7	4.1	4	2.2	1.6	1.9	1.1	1.1	1.4	1.3	1.2	1.3	1.2	1.2	2.4	2.5	3.4	4.6	3.9
FREQUENCY OF SPEED                                                              																																							
	Month	0	1	2	3	4	5	6	7	8	9	10	11	12	13	14	15	16	17	18	19	20	21	22	23	24	25												
	ALL	38.7	12.3	14	10.9	8.4	6	3.3	2.2	1.2	0.9	0.7	0.3	0.3	0.2	0.1	0.1	0	0	0	0	0	0	0	0	0	0												
	1	48.8	10.6	10.6	7	5.7	4.6	3.3	2.3	1.5	1.3	1.4	0.8	0.7	0.5	0.3	0.2	0.1	0.1	0.1	0	0	0	0	0	0	0												
	2	46	11.8	11.1	7.8	5.8	5.3	3.1	2.7	1.5	1.1	1.1	0.7	0.6	0.6	0.4	0.2	0.2	0	0.1	0	0	0	0	0	0	0												
	3	38.4	13.9	13.6	9	7.7	5.6	3.3	2.6	1.5	1.4	1.2	0.6	0.5	0.2	0.2	0.1	0.1	0	0	0	0	0	0	0	0	0												
	4	30.2	13.6	15.9	12.9	9.7	6.9	3.9	2.7	1.6	0.9	0.8	0.2	0.2	0.2	0	0.1	0	0	0	0	0	0	0	0	0	0												
	5	30.7	13	16.1	14.5	10.9	7.6	3.8	1.8	0.8	0.5	0.2	0.1	0	0	0	0	0	0	0	0	0	0	0	0	0	0												
	6	32.6	12.8	18	14.5	10.3	6.7	2.8	1.3	0.6	0.3	0.1	0	0	0	0	0	0	0	0	0	0	0	0	0	0	0												
	7	34	13.7	17.5	14.3	10.5	6.1	2.4	1	0.4	0.1	0	0	0	0	0	0	0	0	0	0	0	0	0	0	0	0												
	8	33.9	12.7	15.7	12.9	10.3	6.5	3.9	2	0.9	0.5	0.2	0.1	0.1	0.1	0.1	0.1	0	0	0	0	0	0	0	0	0	0												
	9	33.7	12.6	15.1	12.3	9.2	6.9	3.5	2.7	1.5	1	0.8	0.3	0.2	0.1	0.1	0	0	0	0	0	0	0	0	0	0	0
	10	38.8	12	13.4	10.3	8.2	6.4	3.5	2.9	1.5	1	0.9	0.3	0.3	0.1	0	0.1	0	0	0	0	0	0	0	0	0	0
	11	48.4	10.5	10.1	7.4	6	5.2	3.4	2.7	1.9	1.2	1.1	0.5	0.6	0.3	0.2	0.2	0.1	0	0	0	0	0	0	0	0	0
	12	52.7	10.3	10.4	7	5.4	4.3	2.5	2.1	1.4	1.1	1.1	0.5	0.4	0.3	0.2	0.1	0.1	0	0.1	0	0	0	0	0	0	0
PERCENT OF POWER BY SPEED                                                       																											
	Month	0	1	2	3	4	5	6	7	8	9	10	11	12	13	14	15	16	17	18	19	20	21	22	23	24	25
	ALL	0	0.3	1.8	4.2	7.1	9.4	8.9	9.9	8	7.7	9	5.7	6.2	5.1	4	3.8	2.5	1.2	1.7	1	0.7	0.4	0.5	0.1	0.4	0.3
	1	0	0.2	0.8	1.7	3.1	4.5	5.6	6.4	6.1	7.5	10.8	8.7	9.4	8.6	6.3	5.4	2.5	2.1	3.3	1.1	2.2	0.5	1.1	0	0.6	1.6
	2	0	0.2	0.9	1.9	3.2	5.3	5.3	7.7	6.2	6.3	8.4	6.9	8.4	10.3	8.2	5.3	6.7	1.5	2.3	1.9	0.5	0.5	0.6	0	1.5	0
	3	0	0.3	1.3	2.7	5.1	6.8	6.9	9	7.2	9.9	11.1	7.6	8	3.8	5.7	4.6	3.7	0.9	1.7	1.2	1.6	0	0	0	0.8	0
	4	0	0.3	2	5.1	8.4	11.1	10.8	12.1	10.6	7.9	9.7	3.8	5.3	4.3	1.2	4.4	0	0.4	0.9	1.6	0	0	0	0	0	0
	5	0	0.5	3.3	8.7	14.8	18.6	16.3	12.6	8.2	7	4	2.4	0.9	0.8	0.3	0.4	0	0.6	0.6	0	0	0	0	0	0	0
	6	0	0.7	4.6	11.1	17.6	21	15.5	11.6	7.8	4.6	2.8	0.9	0.9	0.4	0	0.5	0	0	0	0	0	0	0	0	0	0
	7	0	0.8	5.2	12.9	21.1	22.2	14.8	9.9	5.9	2.4	1.4	0.6	0.3	0	0	0	0.8	0	0	0	0	1.8	0	0	0	0
	8	0	0.5	2.9	7.2	12.6	14.6	15.2	12.7	7.9	5.9	4.3	2.8	2	3	2.5	3.4	1.9	0.5	0	0	0	0	0	0	0	0
	9	0	0.3	2.1	5.1	8.5	11.6	10.4	12.8	10.4	10	10.8	6	3.7	1.9	2.2	1.5	0.7	0.4	0.5	0	0	0	0.9	0	0	0
	10	0	0.3	1.7	4	7.1	10	9.6	13	9.5	9	11.3	5.4	5.4	4	1.5	3.3	1.6	0.7	2.1	0.5	0	0	0	0	0	0
	11	0	0.2	0.9	2.1	3.9	6	6.9	9	8.8	7.7	9.5	5.6	9.1	6.4	5.3	5.9	3.1	2.1	1	1.5	0.5	2.1	0.6	0	0.8	0.9
	12	0	0.2	1.2	2.4	4.2	6.1	6.1	8.5	7.9	8.9	11.9	7.4	7.5	6	4.6	3.4	3.1	2.2	3.5	1.5	1.1	0	1.5	0.9	0	0
PREVAILING DIRECTION BY HOUR                                                    																											
	Month	0	1	2	3	4	5	6	7	8	9	10	11	12	13	14	15	16	17	18	19	20	21	22	23		
	ALL	350	350	350	350	350	50	20	200	50	190	200	200	200	200	200	190	200	190	200	350	340	340	350	350		
	1	50	170	50	50	20	50	50	40	200	50	140	140	50	50	170	140	180	140	50	170	170	150	350	350		
	2	30	140	50	50	350	40	50	20	50	30	50	50	50	50	50	50	50	50	50	350	350	350	30	80		
	3	30	170	50	20	50	50	20	50	50	50	60	50	200	80	50	50	50	50	40	50	60	30	50	50		
	4	330	350	50	350	50	50	50	50	50	50	200	180	200	200	200	340	200	340	330	340	330	330	350	330		
	5	350	350	350	350	330	50	50	60	50	190	170	180	200	200	170	200	170	190	340	200	190	340	330	350		
	6	210	330	350	350	350	180	50	200	200	200	200	190	200	200	200	190	200	200	210	200	210	210	200	200		
	7	200	200	190	190	200	180	200	200	180	200	180	200	200	200	200	200	190	190	200	200	200	200	200	190		
	8	190	180	190	190	190	190	190	190	180	190	190	190	200	200	200	190	190	190	200	200	340	190	190	330		
	9	350	350	350	350	350	190	20	50	190	340	170	190	170	190	170	350	350	340	350	350	350	350	350	350		
	10	350	340	20	20	20	20	20	50	50	360	50	340	340	340	350	350	340	350	350	350	350	340	350	340		
	11	140	350	20	170	170	50	20	350	170	350	350	350	50	50	50	50	50	180	350	50	170	50	350	350
	12	50	50	30	180	40	50	60	350	140	40	50	50	50	50	50	50	50	60	60	60	60	40	140	60
SPEED FOR PREVAILING DIRECTION BY HOUR                                          																									
	Month	0	1	2	3	4	5	6	7	8	9	10	11	12	13	14	15	16	17	18	19	20	21	22	23
	ALL	4.31	3.89	4.1	4.33	3.96	2.42	2.75	3.51	2.4	3.97	3.4	3.4	3.76	3.74	3.63	4.28	3.73	4.35	3.81	4.6	4.85	4.82	4.55	4.41
	1	2.44	4.92	2.5	2.62	3.55	2.4	2.65	2.62	3.89	2.5	5.58	5.54	2.6	2.58	4.78	5.41	4.49	6.08	2.97	4.04	5.54	5.62	8.01	7.58
	2	2.88	4.55	2.17	2.48	4.7	2.44	2.48	3.1	3.13	3.22	2.99	2.44	2.75	2.36	2.47	2.12	2.42	2.07	2.94	6.01	7.04	6.02	3.27	4.62
	3	2.49	3.98	2.78	2.3	2.78	1.94	2.4	2.39	2.35	1.79	2.79	2.87	4.07	2.85	2.68	2.51	2.19	2.23	2.33	2.03	2.93	2.84	2.08	2.75
	4	6.2	3.61	2.19	3.88	2.04	2.25	2.16	2.32	2.22	2.27	3.43	3.38	4.35	3.97	3.64	5.37	3.62	5.19	4.4	4.68	4.99	5.58	4.81	6.07
	5	4.26	3.72	3.91	2.59	4.16	1.9	2.24	1.72	2.32	3.39	2.97	3.73	3.83	4.09	4.42	4.03	4.22	4.24	3.78	3.98	4.35	3.92	4.05	4.74
	6	2.72	3.9	3.42	4.18	3.21	3.34	2.41	3.19	2.81	2.88	3.2	3.37	3.37	3.84	3.59	4.13	3.66	3.67	4.26	4.13	3.05	3.09	3.17	2.35
	7	2.98	3.31	3.83	3.19	2.8	3.18	2.77	2.76	2.94	3.03	3.03	3.42	3.86	3.25	3.53	3.91	4.71	4.21	3.87	3.96	3.59	3.53	3.44	3.62
	8	4.32	3.89	4.83	4.96	4.34	4.63	4.5	4.6	3.63	4.21	3.83	4.27	4.17	4.08	3.96	4.32	5.3	4.57	4.43	3.91	3.57	5.21	4.38	3.75
	9	3.37	3.41	3.43	4.26	3.66	4.9	2.38	2.28	5.01	4.55	4.47	4.97	3.52	4.41	3.99	4.23	4.68	4.69	4.29	4.44	4.15	3.17	3.79	3.58
	10	4.76	5.77	3.03	3.71	3.12	3.02	2.78	2.66	2.16	3.29	2.55	5.66	5.55	5.33	4.76	5.22	5.74	5.41	5.22	5.19	4.85	6.48	5.63	5.94
	11	4.97	3.96	2.74	4.35	4.15	2.75	5.61	4.65	3.86	5.1	6.58	5.94	2.53	2.3	2.71	2.44	2.44	4.23	4.13	2.94	5.07	3.11	5	3.42
	12	3.09	2.67	2.73	4.87	3.01	2.53	3.47	5.88	5.31	2.58	2.23	2.6	2.1	2.26	2.26	2.59	2.24	2.45	2.41	2.55	3.19	2.41	5.39	3.15
