SUMMIT (AMOS)       AK - 702640                                                 														
 63 deg    20' N  149 deg    08' W - Elev  734m   LST=GMT+99 hours   *NT=-10    														
 01/73-01/84                                                                    								Adjusted to Alaska Timezone (GMT-9)						
SPEED BY YEAR                                                                   														
	Year	ALL	JAN	FEB	MAR	APR	MAY	JUN	JUL	AUG	SEP	OCT	NOV	DEC
	ALL	3.98	5.56	5.64	4.09	3.27	2.96	3.5	3.48	3.12	3.1	3.75	4.46	4.99
	1973	4.85	7.46	5.99	4.38	3.45	3.51	4.51	4.53	4.05	3.68	4.76	6.06	5.11
	1974	4.8	7.09	8.21	5.52	3.74	3.75	4.22	4.77	3.26	3.3	4.1	5.21	4.84
	1975	4.64	5.87	7.82	4.99	4.27	3.29	4.48	4.15	3.47	3.48	4.53	5.24	5.34
	1976	3.59	4.53	5.41	3.65	2.63	2.61	2.83	3.21	2.84	3.28	3.27	3.58	5.67
	1977	3.69	3.87	3.95	3.9	3.49	2.55	3.16	2.62	2.95	2.66	3.72	5.25	5.84
	1978	3.54	4.27	5.28	4.08	2.89	2.76	3.59	3.07	2.9	3.31	3.26	3.41	3.97
	1979	3.79	4.63	7.14	2.97	3.32	3.14	3.25	3.1	2.94	3.01	2.61	3.05	4.93
	1980	3.98	6.05	5.64	4.22	2.94	3.03	3.41	3.25	-1	2.35	3.28	4.06	5.61
	1981	3.17	4.57	3.83	3.1	2.71	2.86	3.13	2.59	2.58	2.5	7.7	2.87	4.48
	1982	3.83	5.81	5.47	4.05	3.98	2.69	3.27	3.34	2.84	2.66	4.15	4.29	4.59
	1983	3.77	6.51	4.69	4.37	2.8	2.75	3.1	2.75	2.88	2.91	3.44	4.18	4.49
	1984	3.8	3.8	-1	-1	-1	-1	-1	-1	-1	-1	-1	-1	-1
POWER BY YEAR                                                                   														
	Year	ALL	JAN	FEB	MAR	APR	MAY	JUN	JUL	AUG	SEP	OCT	NOV	DEC
	ALL	94	200	237	103	54	33	52	50	37	40	78	109	142
	1973	139	418	183	157	45	43	104	93	74	48	129	198	131
	1974	174	300	779	259	59	55	82	111	41	43	84	167	160
	1975	135	262	431	155	113	38	87	71	49	57	121	174	163
	1976	72	103	180	81	31	23	25	31	26	51	72	66	201
	1977	71	72	76	81	65	26	35	23	29	28	71	130	204
	1978	61	78	183	91	33	26	56	34	32	40	47	49	75
	1979	83	102	300	32	60	44	41	34	28	36	28	54	167
	1980	94	240	220	114	45	35	44	31	-1	19	46	71	132
	1981	46	71	81	42	32	25	42	22	22	9	254	24	94
	1982	76	152	174	83	80	28	44	44	25	29	94	87	122
	1983	76	285	99	71	38	28	32	22	31	38	73	90	81
	1984	101	101	-1	-1	-1	-1	-1	-1	-1	-1	-1	-1	-1
NUMBER OF SPEED OBSERVATIONS BY YEAR                                            														
	Year	ALL	JAN	FEB	MAR	APR	MAY	JUN	JUL	AUG	SEP	OCT	NOV	DEC
	ALL	71373	5937	5807	6732	6317	6658	5946	5611	5521	5802	5624	5621	5797
	1973	6323	568	387	431	369	360	339	615	648	664	639	642	661
	1974	7026	623	545	667	629	688	628	658	661	574	442	457	454
	1975	5746	535	328	437	480	415	457	450	536	621	561	461	465
	1976	6903	448	455	554	581	632	633	706	437	634	481	703	639
	1977	7653	633	628	635	597	691	509	625	710	648	574	708	695
	1978	7811	695	594	712	644	716	669	623	721	702	640	555	540
	1979	5419	650	472	551	602	437	360	414	355	299	315	450	514
	1980	5863	608	687	547	531	743	714	241	0	353	699	516	224
	1981	3299	4	522	734	663	656	361	59	66	1	1	3	229
	1982	7448	288	630	737	619	593	688	599	709	696	595	574	720
	1983	7735	738	559	727	602	727	588	621	678	610	677	552	656
	1984	147	147	0	0	0	0	0	0	0	0	0	0	0
NUMBER OF SPEED OBSERVATIONS BY HOUR                                            														
	Hour	ALL	JAN	FEB	MAR	APR	MAY	JUN	JUL	AUG	SEP	OCT	NOV	DEC
	0	2827	249	230	271	257	254	209	208	209	241	231	229	239
	1	2690	237	212	260	239	244	204	204	206	224	221	212	227
	2	2658	228	219	252	229	249	209	205	201	217	209	217	223
	3	2828	253	219	260	238	251	220	221	219	239	229	233	246
	4	2695	232	218	252	237	250	213	209	202	222	213	225	222
	5	2765	236	218	252	243	264	228	242	212	219	210	220	221
	6	2836	232	229	270	246	270	239	231	224	231	224	219	221
	7	2917	232	239	268	246	275	258	248	236	237	235	219	224
	8	3051	247	256	289	257	280	265	249	243	253	240	237	235
	9	3230	260	263	304	282	301	270	259	259	263	259	245	265
	10	3026	250	250	279	257	278	265	244	239	239	238	241	246
	11	3048	246	251	284	275	276	260	241	240	252	233	242	248
	12	3058	244	245	288	277	280	266	244	245	245	239	237	248
	13	3055	250	258	290	270	284	264	239	238	237	236	237	252
	14	3011	250	242	289	266	283	255	234	239	243	240	228	242
	15	3226	261	273	305	282	311	266	253	246	254	265	245	265
	16	3074	252	242	281	267	301	268	237	242	252	235	244	253
	17	3068	255	252	286	278	294	266	239	232	246	238	239	243
	18	3082	254	245	292	270	287	259	244	245	259	238	247	242
	19	3089	251	253	298	279	290	266	242	236	246	234	241	253
	20	3068	244	249	294	278	288	267	238	239	243	237	244	247
	21	3242	265	267	306	299	313	278	251	241	258	257	247	260
	22	2995	252	248	293	285	281	241	217	220	245	235	238	240
	23	2834	257	229	269	260	254	210	212	208	237	228	235	235

SPEED BY HOUR                                                                   														
	Hour	ALL	JAN	FEB	MAR	APR	MAY	JUN	JUL	AUG	SEP	OCT	NOV	DEC
	0	3.66	5.49	5.47	3.92	2.89	2.24	2.72	2.73	2.55	2.75	3.55	4.45	4.97
	1	3.62	5.35	5.55	3.86	2.96	2.3	2.58	2.72	2.5	2.57	3.52	4.48	4.98
	2	3.6	5.44	5.44	3.81	2.87	2.18	2.59	2.68	2.43	2.64	3.69	4.42	4.91
	3	3.64	5.74	5.54	3.81	2.96	2.07	2.46	2.57	2.55	2.66	3.69	4.5	4.97
	4	3.61	5.51	5.53	3.75	3.11	2.12	2.44	2.47	2.49	2.51	3.75	4.44	5.14
	5	3.58	5.44	5.5	3.7	3.29	2.19	2.5	2.54	2.46	2.53	3.61	4.46	4.94
	6	3.62	5.38	5.41	3.8	3.27	2.37	2.57	2.59	2.48	2.62	3.62	4.35	5.3
	7	3.69	5.41	5.53	4.01	3.03	2.6	3.06	2.8	2.49	2.66	3.57	4.46	5.11
	8	3.85	5.62	5.72	4.02	3.35	2.83	3.26	3.04	2.66	2.88	3.66	4.32	5.07
	9	4.02	5.83	5.77	4.3	3.45	3.12	3.42	3.31	2.93	3.07	3.63	4.55	4.98
	10	4.12	5.57	5.71	4.39	3.56	3.32	3.55	3.4	3.11	3.39	3.76	4.59	5.11
	11	4.19	5.66	5.73	4.42	3.49	3.47	3.71	3.68	3.3	3.61	3.91	4.45	4.92
	12	4.25	5.57	5.78	4.51	3.58	3.55	4.13	3.8	3.51	3.5	4.04	4.49	4.72
	13	4.34	5.5	5.77	4.44	3.57	3.71	4.12	4.11	3.77	3.69	4.06	4.4	4.94
	14	4.38	5.48	5.85	4.32	3.76	3.69	4.33	4.22	3.8	3.79	4.05	4.68	4.81
	15	4.44	5.84	5.92	4.4	3.61	3.64	4.25	4.31	4.07	3.71	4.11	4.61	4.9
	16	4.4	5.75	5.77	4.15	3.37	3.76	4.4	4.48	4.06	3.68	4.04	4.53	5.03
	17	4.38	5.58	5.79	4.2	3.29	3.67	4.4	4.69	3.97	3.86	4.03	4.41	4.92
	18	4.29	5.62	5.61	4.06	3.27	3.33	4.49	4.81	3.97	3.48	3.89	4.32	4.96
	19	4.18	5.57	5.44	4.1	3.23	3.31	4.25	4.49	3.7	3.17	3.72	4.25	5.11
	20	4.01	5.55	5.63	3.96	3.14	2.92	3.97	3.98	3.21	2.96	3.51	4.42	5.11
	21	3.91	5.48	5.65	4	3.14	2.79	3.65	3.58	2.93	2.9	3.56	4.47	5.02
	22	3.77	5.39	5.6	4	3.05	2.67	3.02	3.04	2.72	2.67	3.59	4.55	4.93
	23	3.72	5.49	5.47	4.02	3.01	2.38	2.91	2.86	2.61	2.75	3.45	4.39	5.04

POWER BY HOUR                                                                   														
	Hour	ALL	JAN	FEB	MAR	APR	MAY	JUN	JUL	AUG	SEP	OCT	NOV	DEC
	0	83	188	216	99	46	16	22	26	22	30	73	109	137
	1	83	183	236	97	46	20	25	23	19	26	69	106	136
	2	82	180	229	95	44	18	24	28	20	30	76	101	133
	3	85	220	237	85	50	14	26	25	20	30	69	106	137
	4	85	199	238	89	55	14	22	22	21	26	80	106	147
	5	81	202	219	79	64	17	24	25	21	24	75	105	135
	6	86	211	218	86	60	24	26	25	23	32	79	103	156
	7	84	189	221	93	46	30	42	30	23	31	71	108	142
	8	92	221	238	96	59	32	41	34	27	40	85	98	142
	9	97	216	266	111	59	37	45	46	30	39	72	116	144
	10	100	205	262	110	65	41	47	46	36	49	78	121	150
	11	100	202	245	118	63	41	55	54	39	55	83	114	143
	12	102	192	254	124	61	44	73	58	44	51	86	115	130
	13	107	199	247	116	60	51	65	76	76	59	85	115	141
	14	108	201	245	114	69	50	103	75	53	63	81	119	129
	15	111	230	266	115	64	45	74	83	62	55	86	119	141
	16	107	228	245	98	51	53	82	88	64	51	77	118	146
	17	104	206	237	102	46	45	83	91	61	58	86	102	142
	18	100	199	219	96	49	38	86	93	60	43	91	99	139
	19	96	190	203	111	49	44	74	70	51	38	73	95	156
	20	94	194	242	103	50	30	60	60	33	35	73	109	152
	21	91	192	244	104	46	25	48	51	28	33	74	108	151
	22	86	173	232	113	46	25	31	29	24	27	76	110	137
	23	84	189	217	106	44	19	27	28	19	30	69	101	144

SPEED BY DIRECTION                                                              																																							
	Month	calm	0	10	20	30	40	50	60	70	80	90	100	110	120	130	140	150	160	170	180	190	200	210	220	230	240	250	260	270	280	290	300	310	320	330	340	350	360
	ALL	0	3.03	3.92	4.39	4.61	4.83	5.01	5.35	5.54	5.2	5.61	3.99	3.09	2.39	2.25	2.24	2.18	2.14	2.1	2.35	2.46	2.86	3.46	3.84	3.79	3.76	3.42	3.27	3.11	2.91	2.44	2.07	1.81	1.84	2.02	2.07	2.31	3.03
	1	0	4	4.9	5.7	5.7	6.1	6	6.9	7.5	7	8.1	6.3	3.3	3.6	3.4	2.5	2.2	1.5	1.3	1.6	1.9	2.7	2.8	3.4	3.2	3.3	2.8	2.6	2.7	3.4	1.8	1.8	1.9	3.1	2.5	2.5	2.9	4
	2	0	3.9	4.8	5.2	5.7	6	6.6	7.5	8.4	8.2	8.6	4.3	1.6	3.6	3.1	2.8	2.2	1.5	1.6	1.8	2.5	2.4	3.8	4.3	3.1	4.3	3	3	3	2.5	2.6	1.4	1.7	2.1	2.1	1.9	3.1	3.9
	3	0	3	3.7	4.1	4.2	4.7	5.2	5.2	5.7	6.5	7.5	4.9	1.7	1.9	1.8	1.6	1.8	1.9	1.7	1.8	2	2	2.2	3.6	2.6	2.7	2.6	2.6	2.5	2.5	1.7	2.5	1.3	1.9	1.2	1.4	2	3
	4	0	2.5	3.3	3.4	3.8	3.8	4.2	4.5	4.6	4.4	5.1	3.7	2.3	1.7	2.1	2.6	2.1	1.7	2.1	2	2.2	2.1	2.6	3.2	3.2	3	2.8	2.9	3	2.7	2.4	1.9	1.4	1.2	1.7	1.6	2.2	2.5
	5	0	2.3	2.2	2.6	3	3.3	3.1	3.4	3.6	3.3	3.7	2.8	2.8	2.9	2.6	2.3	2.8	2.3	2.2	2.5	2.3	2.7	3.5	3.5	3.3	3.4	3.1	3.2	3.2	3.2	2.6	2.3	1.9	1.8	2.3	2.1	1.8	2.3
	6	0	3	2.6	2.7	3	2.6	2.7	2.7	3.1	3.2	3.1	2.9	2.9	2.5	2.5	2.3	2.7	2.8	2.6	3	3	3.5	4	4.5	4.5	4.3	4.1	3.7	3.4	3.1	2.9	2.1	1.9	2.7	2.8	3	3	3
	7	0	2.4	2.3	2.5	2.8	2.5	2.9	2.8	3.4	3.7	3	3.1	6.1	2.3	1.8	2.3	2.1	3.2	2.4	2.8	2.9	3.3	3.9	4.2	4.2	4.2	3.8	3.6	3.5	3.1	2.8	2.1	2	2.2	2.5	2.2	2.3	2.4
	8	0	2.2	2.3	2.6	3	2.8	3.1	3.4	3.7	3.7	3.6	3.4	2.8	2	1.6	1.9	2.4	2.3	2.2	2.4	2.8	3.3	3.4	3.9	4	3.8	3.6	3.3	3.1	2.8	2.4	2.2	2.1	1.9	2.1	1.8	2.2	2.2
	9	0	2.3	2.8	2.9	3.2	3.5	3.6	4	4.1	4.1	4.2	3.7	3.1	2.4	2.5	2.8	2	1.6	1.8	2.1	2.5	2.8	3.5	3.6	3.6	3.6	3.3	3.1	2.9	2.8	2.3	2	1.3	1.4	1.5	2	1.9	2.3
	10	0	2.4	3	3.6	4.1	4.2	4.5	5.1	5.6	5.6	6.2	4.4	2.3	1.7	1.3	1.2	1.5	1.5	1.4	1.8	1.7	1.8	1.8	2.4	2.3	2.5	2.4	2.6	2.4	2.3	1.6	1.7	2.2	0.8	1.2	1.9	1.8	2.4
	11	0	2.9	3.9	4.5	4.7	4.9	5.4	5.6	5.4	5.1	6.6	6.2	4.5	1.8	1.2	1.1	1	1.8	1.6	1.4	1.6	1.9	2.6	2.6	4	3.5	3.5	2.5	2.4	2.3	2.1	1.3	2.3	1.2	1.6	1.9	2	2.9
	12	0	3.7	4.4	4.9	5.1	5.4	5.8	6.5	7	6.6	6.9	3.3	3.6	1.7	3.6	5	1.3	1.6	2	1.5	2	2.3	3.5	3.9	4.2	3.7	3.4	3	3.1	2.5	1.9	1.3	1.3	1.6	1.6	2.3	2.6	3.7
FREQUENCY BY DIRECTION                                                          																																							
	Month	calm	0	10	20	30	40	50	60	70	80	90	100	110	120	130	140	150	160	170	180	190	200	210	220	230	240	250	260	270	280	290	300	310	320	330	340	350	360
	ALL	5.91	2.63	5.49	7.84	9.35	9.29	7.94	6.47	4.48	2.9	2.13	0.88	0.55	0.49	0.4	0.39	0.48	0.65	0.9	1.7	1.95	2.41	3.16	4	3.87	3.97	3.66	3.13	2.35	1.64	0.96	0.65	0.48	0.49	0.5	0.73	1.09	2.63
	1	2.9	3.4	10	15.5	16.7	16.4	11.6	8.2	4.6	2.6	1.4	0.5	0.3	0.2	0.3	0.1	0.2	0.2	0.2	0.3	0.5	0.3	0.7	0.5	0.5	0.6	0.5	0.4	0.4	0.5	0.3	0.2	0.2	0.1	0.2	0.3	0.8	3.4
	2	3.4	3.8	9.5	14.1	15.2	14.5	11.7	9.2	5.9	2.7	1.4	0.4	0.2	0.3	0.2	0.2	0.2	0.3	0.4	0.7	0.4	0.7	0.5	0.5	0.9	0.8	0.9	0.8	0.5	0.5	0.3	0.2	0.2	0.3	0.3	0.5	0.9	3.8
	3	6.5	2.9	8	11.2	12.9	13	10.1	7.7	5.6	3.7	2.8	0.9	0.4	0.3	0.4	0.3	0.3	0.5	0.6	1.1	1.5	1.3	1.4	2.1	1.7	1.4	1.6	1.3	0.9	0.8	0.5	0.4	0.3	0.4	0.4	0.5	1	2.9
	4	8.5	2.4	3.6	6.9	8.1	8.1	7.9	6.9	5.1	3.7	2.9	0.9	0.5	0.4	0.4	0.3	0.8	0.9	1.2	2.6	2.9	2.8	3.2	3.6	3.8	3.4	3.3	3.2	2.6	2	1.3	0.7	0.6	0.6	0.5	0.6	1.2	2.4
	5	8.3	1.8	2	2.6	3.2	3.1	3.8	3	2.4	2.3	1.6	1	1.1	1	0.8	0.7	0.8	1.3	1.5	2.6	3.1	3.8	4.8	6.4	5.8	7.3	8	7.8	5.7	3.6	1.9	1.3	0.8	0.5	0.6	0.8	1.1	1.8
	6	4.6	1.8	1.7	1.7	1.9	2.1	2	2	1.8	1.8	1.3	0.7	0.5	0.8	0.4	0.5	0.6	1	1.9	3.6	3.8	4.9	8	8.7	8.1	8.8	7.5	6.4	4.6	3	1.6	1.2	0.7	1	0.8	1.1	1.6	1.8
	7	4.3	1.2	1.2	1.4	1.8	1.7	2.4	1.9	2.1	2	1	0.7	0.6	0.3	0.4	0.5	0.6	0.8	1.1	3	3.5	5.3	7.9	11	11	9.9	8.2	5.8	4.2	2.7	1.4	1	0.7	0.6	0.8	0.7	0.7	1.2
	8	6	2.4	2.7	2.7	3.9	3.6	4	4.7	4.6	3	2.6	1.4	0.7	0.5	0.4	0.5	0.5	0.8	1.4	1.9	2.5	3.7	4.8	7.6	7	7.5	5.9	5.5	3.9	2.5	1.2	1	0.8	0.7	0.8	1.2	1	2.4
	9	8.4	2.3	2.9	5	6	6.8	6.9	6.5	4.5	3.6	2.8	2	1.1	0.9	0.6	0.7	0.9	0.9	1.4	2.1	2.2	3.4	4	4.2	4.7	4.7	4.3	3.1	2.8	2.3	1.5	1	0.6	0.6	0.4	0.9	1.4	2.3
	10	9.4	2.6	4.3	6.6	11	11.5	11.8	9.9	7.8	5	4.1	1.3	0.7	0.4	0.4	0.4	0.5	0.6	0.6	1.4	1.7	1.4	1.4	1.7	1.6	1.7	1.6	1.5	1	1	0.7	0.4	0.5	0.4	0.5	0.7	1.1	2.6
	11	4.7	3.5	8.2	11.3	16	16.4	11.7	9.7	4.7	2.5	2	0.7	0.4	0.2	0.1	0.2	0.2	0.2	0.3	0.5	0.7	0.7	0.7	0.9	0.8	0.9	1.2	0.9	0.7	0.4	0.2	0.2	0.3	0.3	0.5	0.9	1.2	3.5
	12	3.3	3.4	11.7	14.8	15.7	14.5	11.7	8.4	4.9	2	1.7	0.2	0.1	0.3	0.2	0.1	0.2	0.2	0.2	0.4	0.6	0.6	0.5	0.7	0.9	0.6	0.8	0.6	0.7	0.4	0.4	0.1	0.1	0.3	0.4	0.5	1.1	3.4
FREQUENCY OF SPEED                                                              																																							
	Month	0	1	2	3	4	5	6	7	8	9	10	11	12	13	14	15	16	17	18	19	20	21	22	23	24	25
	ALL	5.9	14.1	17.4	15.7	14.1	11.9	8.2	5.3	3	1.8	1.1	0.6	0.3	0.2	0.1	0.1	0	0	0	0	0	0	0	0	0	0
	1	2.9	6.9	8.8	10.2	12.6	15.7	14.2	10.6	5.9	4.3	3.4	2	1.3	0.7	0.3	0.1	0.1	0	0.1	0	0	0	0	0	0	0
	2	3.4	7.1	8.7	10.2	13.3	14.6	12.5	9.6	7.2	4.5	3.3	1.8	1.1	0.8	0.6	0.5	0.3	0.1	0.2	0.1	0	0	0	0	0	0
	3	6.5	14	15.5	15	14.3	12.4	8.2	5.4	3.8	2	1.2	0.8	0.4	0.2	0.2	0.1	0	0	0	0	0	0	0	0	0	0
	4	8.5	20.4	22	14.2	11.5	8.9	6.6	4.5	2.4	0.6	0.3	0.1	0	0	0	0	0	0	0	0	0	0	0	0	0	0
	5	8.3	19	23.7	20.9	13.5	8.1	4.1	1.7	0.5	0.3	0	0	0	0	0	0	0	0	0	0	0	0	0	0	0	0
	6	4.6	14.4	21.8	19.9	16.2	11.5	5.4	3.3	1.7	0.8	0.2	0	0	0	0	0	0	0	0	0	0	0	0	0	0	0
	7	4.3	15.2	22.5	20.5	15.6	10.4	5.4	3.1	1.2	0.7	0.6	0.2	0	0	0	0	0	0	0	0	0	0	0	0	0	0
	8	6	17.6	25.3	19.4	14.8	9.3	4.2	2.3	0.7	0.3	0	0	0	0	0	0	0	0	0	0	0	0	0	0	0	0
	9	8.4	19.7	22.2	16.5	13.7	10	5.9	2.4	0.8	0.3	0.2	0	0	0	0	0	0	0	0	0	0	0	0	0	0	0
	10	9.4	16.1	15.6	14.6	13	10.6	8.3	5.5	3.3	2.1	1	0.2	0.1	0	0	0	0	0	0	0	0	0	0	0	0	0
	11	4.7	11.5	12.1	14.2	14.7	15.1	11.6	6.8	4	2.6	1.4	0.7	0.3	0.1	0	0	0	0	0	0	0	0	0	0	0	0
	12	3.3	6.9	10.4	13.1	16.2	16.7	12.1	8.6	5.1	3.2	2.1	1.4	0.7	0.2	0.1	0	0	0	0	0	0	0	0	0	0	0
PERCENT OF POWER BY SPEED                                                       																											
	Month	0	1	2	3	4	5	6	7	8	9	10	11	12	13	14	15	16	17	18	19	20	21	22	23	24	25
	ALL	0	0.2	1.3	3.6	7.2	11.4	13.2	13.9	11.7	9.6	8.3	6	4.3	2.6	2	1.4	1	0.5	0.9	0.6	0.2	0.1	0	0	0.1	0
	1	0	0	0.3	1.2	3.2	7.3	11.3	13.6	11.1	11	11.7	9.4	8.1	5.1	2.6	1	1	0.3	0.9	0.4	0.5	0	0	0	0	0
	2	0	0	0.3	1	2.9	5.9	8.3	10.3	11.2	9.8	9.7	7.3	5.6	5.1	5	5	3.8	2	3.6	2.4	0.8	0	0	0	0	0
	3	0	0.2	1.1	3.2	7	11.1	12.3	13.1	13.6	9.8	8.6	7	4.7	2.5	3.7	1.4	0.4	0.5	0	0	0	0	0	0	0	0
	4	0	0.5	2.8	5.6	10.3	14.9	18.7	20.4	15.4	5.5	3.9	2.1	0	0	0	0	0	0	0	0	0	0	0	0	0	0
	5	0	0.8	4.9	13.3	19.2	20.7	17.8	12	5.4	3.8	0.6	0.7	0	0	0	1	0	0	0	0	0	0	0	0	0	0
	6	0	0.4	2.8	8.1	14.4	19	15.1	14.9	11.2	7.6	2.9	0	0.3	0	0	0.7	0	0	0	0	0	0	0	0	2.6	0
	7	0	0.4	3	8.3	14.4	17.5	15.4	14.5	8.3	6.8	7.6	2.6	0.8	0.5	0	0	0	0	0	0	0	0	0	0	0	0
	8	0	0.7	4.6	10.7	18.3	20.9	16.2	14.4	6.2	4.2	0.6	0	0.5	0	0	0	0	0	0	0	0	2.7	0	0	0	0
	9	0	0.7	3.6	8.6	16.1	21.6	21.2	13.8	6.3	3.8	2.9	0.4	0.9	0	0	0	0	0	0	0	0	0	0	0	0	0
	10	0	0.3	1.4	4.1	7.9	12	16	17.2	15.3	13.1	8.2	2.8	1.5	0.3	0	0	0	0	0	0	0	0	0	0	0	0
	11	0	0.1	0.8	2.9	6.7	12.6	16.3	15.4	13.2	12.3	8.9	6.2	3	1.3	0	0	0	0	0	0	0	0	0	0	0	0
	12	0	0.1	0.5	2.1	5.8	11	13.2	15.1	12.9	11.3	10.1	9.2	6	1.9	0.7	0	0	0	0	0	0	0	0	0	0	0
PREVAILING DIRECTION BY HOUR                                                    																											
	Month	0	1	2	3	4	5	6	7	8	9	10	11	12	13	14	15	16	17	18	19	20	21	22	23		
	ALL	30	30	30	30	40	30	30	30	30	40	40	40	40	40	40	40	40	30	30	40	30	30	30	30		
	1	40	30	30	30	40	20	20	30	30	30	30	40	40	40	40	40	40	30	20	20	30	20	20	30
	2	30	40	20	30	20	30	30	20	20	30	40	20	40	50	40	30	30	30	30	20	20	20	30	20
	3	30	30	30	10	10	10	10	30	20	40	40	50	40	40	40	40	40	40	20	20	30	30	30	30
	4	30	20	30	30	20	30	20	20	20	40	50	60	50	50	220	50	240	50	50	50	60	30	40	30
	5	260	250	240	250	250	40	20	40	70	50	240	240	240	260	260	260	240	260	240	250	260	240	250	250
	6	240	260	250	270	210	220	220	220	230	240	220	220	220	220	230	240	220	210	220	210	220	240	230	260
	7	240	220	240	230	250	250	230	230	230	250	230	220	220	220	220	220	210	230	220	220	240	240	230	250
	8	240	240	220	240	230	230	40	40	30	230	70	220	220	240	220	220	220	220	240	220	270	270	260	250
	9	30	30	50	30	40	20	30	50	40	30	60	60	60	50	60	210	50	60	230	250	250	40	20	60
	10	50	50	40	30	30	40	40	40	30	50	30	50	50	50	40	70	60	30	60	60	60	30	50	40
	11	40	30	40	30	30	40	40	30	40	40	30	40	40	50	30	40	40	40	40	30	30	30	30	40
	12	30	30	20	20	40	30	30	40	30	20	40	40	30	20	20	40	40	30	20	30	30	20	30	10
SPEED FOR PREVAILING DIRECTION BY HOUR                                          																									
	Month	0	1	2	3	4	5	6	7	8	9	10	11	12	13	14	15	16	17	18	19	20	21	22	23
	ALL	4.4	4.4	4.51	4.37	4.56	4.24	4.59	4.42	4.46	4.72	4.79	5.1	5.14	4.96	5.23	5.15	5.13	4.72	4.86	5.02	4.82	4.7	4.63	4.59
	1	7.08	5.62	5.74	5.68	6.09	5.55	5.43	5.58	6.17	6.08	5.5	6.43	6.25	6.19	5.99	6.33	6.55	5.49	5.12	5.74	5.55	5.7	5.29	5.92
	2	5.98	6.08	5.19	4.84	5.01	6.02	5.37	5.07	5.46	5.32	5.57	5.46	6.28	6.1	6.51	6.08	6.48	5.62	5.83	5.11	5.18	5.17	5.92	4.76
	3	3.59	4.11	4.21	3.88	3.6	3.49	3.8	4.36	3.91	5.16	4.73	5.58	5.2	4.37	4.85	4.76	4.2	4.48	4.02	4.57	4.17	4.59	4.18	3.95
	4	2.95	3.72	4.41	3.74	3.73	3.57	3.3	3.02	3.08	3.71	4.7	5.07	4.78	4.89	2.96	5.2	2.72	4.75	3.85	4.43	4.04	4.34	4.07	3.72
	5	2.85	2.61	2.93	2.31	3.14	2.88	2.14	4.17	4.13	3.43	3.91	3.87	3.79	4.34	3.64	3.71	3.89	3.18	3.32	2.8	2.88	2.84	2.68	2.86
	6	3.56	3.26	3.35	3.43	3.31	2.99	3.24	3.89	4.12	4.38	4.34	5.16	5.04	4.81	4.81	4.48	5.26	4.52	5.32	4.43	5.23	4.18	3.86	3.38
	7	3.43	2.53	3.42	3.22	2.82	2.6	3.35	3.41	4.05	4.16	4.04	4.01	4.38	5.5	4.45	4.86	4.79	5.41	5.68	4.79	4.5	5.1	3.14	3.14
	8	3.13	2.89	2.47	2.62	2.69	2.94	2.31	2.92	2.68	3.67	3.56	3.54	4.42	4.72	4.73	5.05	5.1	5.06	5.43	4.38	2.7	3.2	2.66	2.51
	9	2.74	2.93	2.84	3.14	3.42	2.9	2.88	3.26	3.32	3.46	4.39	3.98	4.59	4.49	3.98	3.78	3.73	4.1	3.82	3.5	3.43	3.62	2.93	3.37
	10	4.78	4.79	5.07	3.75	3.93	4.51	3.94	3.38	4.16	4.41	4.41	4.48	4.04	4.66	4.33	4.97	5.24	4.13	5.67	4.79	5.64	3.6	4.53	4.15
	11	5.3	4.66	5.13	5.16	5.13	4.72	4.41	5.11	5.15	5.11	4.65	4.52	4.89	5.33	4.76	4.82	5.28	5.47	4.88	3.97	4.59	4.37	4.52	5.22
	12	5.08	5.33	4.67	5.11	4.84	4.84	5.38	5.33	5.24	4.95	6.02	5.6	4.96	5.04	4.88	5.31	5.54	4.86	4.72	5.21	5.48	5.11	4.91	4.63
