TANANA/CALHOUN MEM  AK - 701780                                                 														
 65 deg    10' N  152 deg    06' W - Elev   67m   LST=GMT+99 hours   *NT=-10    														
 01/73-12/81 01/87-09/02                                                        								Adjusted to Alaska Timezone (GMT-9)						
SPEED BY YEAR                                                                   														
	Year	ALL	JAN	FEB	MAR	APR	MAY	JUN	JUL	AUG	SEP	OCT	NOV	DEC
	ALL	3.19	3.04	3.17	3.45	3.51	3.65	3.27	3.04	2.93	3.2	3.12	2.92	2.93
	1973	3.55	2.47	3.85	4.63	3.57	4.19	3.86	3.52	3.19	3.62	3.21	2.89	3.77
	1974	3.23	1.98	2.39	3.7	3.94	3.95	3.75	3.27	3.34	4.1	3.62	2.32	2.26
	1975	3.44	3.08	3.84	3.63	4.34	4.34	3.61	3.34	3.28	3.68	3.16	2.66	2.62
	1976	2.99	3.41	2.27	3.05	3.1	3.35	3.1	2.74	2.32	3.35	2.96	2.67	3.49
	1977	3.19	3.48	3.34	3.27	3.51	3.82	3.47	3.63	2.78	3.24	3.01	2.54	2.25
	1978	3.55	3.48	3.48	3.44	3.99	4.3	3.4	2.84	3.08	2.93	3.81	3.89	4.03
	1979	3.35	3.54	2.72	4.22	3.86	3.87	3.72	3.1	2.73	3.68	3.3	3.34	2.05
	1980	3.33	2.84	3.81	3.75	4.53	4.47	3.23	3.04	2.83	3.4	2.97	2.92	2.16
	1981	3.15	2.89	2.83	3.76	3.41	3.04	3.99	3.21	3.09	3.14	2.53	3.48	2.4
	1987	3.55	3.65	3.82	3.59	3.68	4.13	4.21	3.56	3.11	3.46	3.53	3.27	2.71
	1988	3.66	3.86	4.4	3.95	4.19	3.85	3.39	3.51	3.07	2.93	3.78	3.59	3.34
	1989	3.39	2.23	3.4	3.71	3.23	3.78	3.29	3.23	3.2	3.64	3.64	3.46	3.96
	1990	3.2	3.29	2.19	3.73	3.53	3.19	3.46	3.16	3.24	3.51	3.53	2.36	3.07
	1991	3.2	2.73	3.48	3.15	2.89	3.23	3.54	3.1	3.42	3.32	3.14	3.18	3.2
	1992	3.08	2.84	2.46	2.83	3.94	4.1	3.03	2.77	2.89	2.96	3.25	3.02	2.84
	1993	3.3	2.68	3.52	2.78	3.55	4.37	3.15	3.11	2.76	3.28	3.22	3.17	4.09
	1994	3.36	4.27	2.97	3.73	3.69	3.85	3.17	2.69	3.23	3.2	3.04	3.31	2.96
	1995	3.16	2.51	3.6	3.05	3.23	3.67	3.42	3.35	2.98	3.27	3.11	2.43	3.57
	1996	3.1	2.73	3.19	3.51	3.29	3.17	3.35	3.1	3.28	2.94	2.87	3.77	2.05
	1997	3.19	3.12	3.79	3.21	3.19	3.62	3.54	3.12	3.32	3.33	2.73	2.83	2.5
	1998	3.34	3.59	3.59	3.73	3.55	3.93	3.23	2.91	3.2	3.17	3.47	3.01	2.63
	1999	2.88	2.96	2.88	3.48	3.99	3.73	2.72	3.37	2.67	3.02	2.79	1.61	1.96
	2000	2.52	2.15	2.41	3.59	2.9	2.47	2.15	2.21	2.31	2.1	2.29	2.09	3.49
	2001	2.8	2.77	2.18	2.76	3.04	3.18	2.99	2.81	2.84	2.43	2.76	2.77	3.25
	2002	2.59	3.26	3.54	2.64	2.53	2.81	2.24	2.15	2.07	1.23	-1	-1	-1
POWER BY YEAR                                                                   														
	Year	ALL	JAN	FEB	MAR	APR	MAY	JUN	JUL	AUG	SEP	OCT	NOV	DEC
	ALL	50	59	61	63	60	60	43	34	30	44	45	54	53
	1973	70	59	100	121	61	84	63	51	32	55	47	69	101
	1974	59	39	48	77	80	71	62	41	41	87	84	40	33
	1975	64	78	102	68	98	96	48	40	44	66	49	44	45
	1976	40	72	24	37	46	39	34	21	14	48	36	32	69
	1977	47	75	53	53	57	57	47	55	28	40	38	36	27
	1978	59	65	63	67	68	85	39	27	32	34	62	76	94
	1979	57	75	32	107	66	64	60	34	29	62	58	60	30
	1980	63	74	83	70	119	108	59	34	29	60	44	62	20
	1981	52	50	42	63	59	43	75	39	39	43	31	103	35
	1987	61	79	71	68	68	80	79	43	34	43	56	62	46
	1988	68	81	131	90	96	67	41	50	34	30	69	61	59
	1989	54	26	57	82	39	54	37	35	35	60	60	77	88
	1990	52	80	41	69	62	43	43	40	40	58	58	34	51
	1991	56	41	69	54	32	43	48	38	59	55	46	96	89
	1992	48	53	43	52	74	75	29	27	26	40	49	58	50
	1993	52	44	73	38	59	98	37	29	22	44	41	47	88
	1994	56	117	54	70	64	61	37	25	36	43	37	65	63
	1995	49	39	68	46	40	66	43	38	24	50	47	35	87
	1996	48	67	67	57	46	38	44	31	40	38	32	96	16
	1997	44	51	74	54	37	48	48	31	34	38	37	44	30
	1998	50	76	68	63	56	65	36	26	33	41	46	46	45
	1999	40	41	48	60	89	57	28	45	22	31	36	20	21
	2000	29	22	30	56	36	29	18	21	18	13	19	25	60
	2001	29	39	29	40	39	32	25	20	20	13	22	21	45
	2002	32	37	74	37	29	36	20	18	18	3	-1	-1	-1
NUMBER OF SPEED OBSERVATIONS BY YEAR                                            														
	Year	ALL	JAN	FEB	MAR	APR	MAY	JUN	JUL	AUG	SEP	OCT	NOV	DEC
	ALL	135505	11512	10797	11978	11618	11622	11050	11722	11797	10746	11005	10748	10910
	1973	4687	389	341	383	351	325	373	433	412	423	415	408	434
	1974	5013	426	359	432	411	439	409	410	417	445	419	406	440
	1975	5208	434	402	430	405	426	353	432	465	459	465	456	481
	1976	5311	478	436	475	477	477	438	436	446	431	396	389	432
	1977	5191	437	401	405	410	458	441	453	452	408	444	445	437
	1978	5362	461	403	470	461	475	429	474	466	456	459	380	428
	1979	5558	520	424	478	452	459	442	465	473	456	463	460	466
	1980	5491	494	440	462	457	461	457	464	465	455	468	413	455
	1981	5655	482	433	488	473	492	455	470	474	466	484	474	464
	1987	5092	477	424	487	466	395	413	375	412	344	369	447	483
	1988	5597	483	455	485	477	487	430	492	472	433	427	467	489
	1989	5363	478	438	486	473	481	471	407	429	375	415	451	459
	1990	4430	446	317	351	357	382	356	365	383	361	381	372	359
	1991	4449	380	347	359	341	396	372	384	382	369	390	362	367
	1992	5759	470	459	493	477	493	474	492	494	463	492	468	484
	1993	5687	482	442	486	476	485	472	485	490	469	467	460	473
	1994	5140	450	408	489	470	420	349	446	465	428	467	395	353
	1995	4655	435	435	457	179	196	335	463	349	425	475	434	472
	1996	5668	475	442	475	465	487	443	471	502	483	475	479	471
	1997	5734	431	465	478	482	466	485	484	482	485	502	481	493
	1998	5642	450	458	482	493	492	473	485	482	479	468	458	422
	1999	5422	325	315	419	460	457	450	455	468	474	467	531	601
	2000	7770	466	648	676	673	659	654	674	675	657	662	668	658
	2001	6667	670	661	662	708	594	509	575	534	486	535	444	289
	2002	4954	473	444	670	724	720	567	632	708	16	0	0	0
NUMBER OF SPEED OBSERVATIONS BY HOUR                                            														
	Hour	ALL	JAN	FEB	MAR	APR	MAY	JUN	JUL	AUG	SEP	OCT	NOV	DEC
	0	830	70	62	76	82	82	72	80	83	50	49	56	68
	1	839	71	65	85	84	81	76	87	78	47	41	60	64
	2	834	71	64	80	84	77	74	84	80	49	49	60	62
	3	823	70	55	78	78	85	73	76	77	53	50	59	69
	4	1267	66	62	81	145	138	138	150	153	117	101	50	66
	5	3217	118	115	141	366	394	358	405	413	353	339	106	109
	6	6259	451	438	482	480	624	592	623	645	584	576	395	369
	7	7925	655	606	648	674	707	669	718	705	665	669	610	599
	8	8127	669	637	708	691	705	673	711	701	661	682	639	650
	9	8511	700	684	737	713	728	698	737	742	678	710	685	699
	10	8269	696	643	715	712	711	682	720	721	659	686	663	661
	11	8228	692	647	714	698	706	676	709	712	680	683	654	657
	12	8345	682	648	727	711	723	693	714	723	680	714	668	662
	13	8283	702	661	731	704	705	669	702	715	688	684	655	667
	14	8162	673	657	733	700	702	685	712	701	660	651	628	660
	15	8386	713	676	722	704	719	683	724	714	675	708	659	689
	16	7897	677	641	721	661	648	642	654	677	625	651	651	649
	17	7759	663	630	687	661	666	624	660	659	612	648	626	623
	18	7756	677	630	695	640	627	633	657	664	605	631	646	651
	19	7587	669	603	682	634	647	577	643	671	605	626	612	618
	20	7523	656	615	666	648	631	595	646	663	611	602	584	606
	21	5665	675	626	693	394	348	327	347	345	294	340	640	636
	22	2178	324	267	288	261	87	71	81	78	49	69	287	316
	23	835	72	65	88	93	81	70	82	77	46	46	55	60

SPEED BY HOUR                                                                   														
	Hour	ALL	JAN	FEB	MAR	APR	MAY	JUN	JUL	AUG	SEP	OCT	NOV	DEC
	0	2.15	2.64	2.11	2.37	2	1.74	1.7	2.02	1.95	1.95	2.34	2.05	3.02
	1	2.19	2.68	2.33	2.6	1.9	1.86	1.67	2.15	1.81	2.06	2.31	2.01	3.03
	2	2.08	2.67	2.32	2.37	1.96	1.5	1.61	1.99	1.83	2.23	2	1.91	2.83
	3	2.14	2.71	2.21	2.87	1.86	1.7	1.58	2	1.9	2.22	2.34	1.76	2.66
	4	2.12	2.99	2.38	2.32	1.7	1.82	1.87	1.8	2.24	2.34	2.39	1.92	2.68
	5	2.25	3.1	2.61	2.47	2.21	2.06	1.73	1.84	2.19	2.45	2.65	2.61	2.7
	6	2.5	3.01	3.05	2.8	2.38	2.14	2.03	1.96	2.2	2.45	2.74	2.84	3.11
	7	2.67	3.11	3.11	2.8	2.53	2.57	2.41	2.18	2.29	2.53	2.75	2.93	3.01
	8	2.85	3.1	3.04	2.84	2.82	3.11	3.01	2.58	2.53	2.58	2.78	2.87	3.04
	9	3.03	3.18	3.14	2.94	3.11	3.57	3.13	2.86	2.92	2.81	2.77	2.96	3
	10	3.24	3.04	3.06	3.24	3.55	3.9	3.45	3.13	3.18	3.2	3.04	2.94	3.04
	11	3.39	3.08	3.18	3.62	3.88	4.09	3.62	3.29	3.35	3.48	3.22	2.85	2.99
	12	3.51	3.08	3.35	3.76	4.03	4.22	3.73	3.44	3.43	3.75	3.37	2.91	2.99
	13	3.58	2.98	3.55	3.88	4.15	4.37	3.82	3.5	3.4	3.83	3.44	2.99	2.98
	14	3.61	3.08	3.46	3.99	4.13	4.32	3.94	3.61	3.41	3.82	3.49	2.99	2.94
	15	3.63	3.03	3.38	4	4.16	4.31	3.97	3.68	3.52	3.92	3.66	3.05	2.82
	16	3.59	3.02	3.3	4	4.23	4.39	3.95	3.7	3.41	3.78	3.47	3.01	2.82
	17	3.54	3.07	3.22	3.95	4.18	4.3	3.79	3.6	3.33	3.63	3.44	3.06	2.83
	18	3.44	3.04	3.4	3.89	4.13	4.15	3.71	3.5	3.15	3.3	3.24	2.95	2.87
	19	3.3	2.96	3.08	3.53	3.96	4.13	3.53	3.3	2.78	3.06	3.17	3.13	2.92
	20	3.13	3.02	3.1	3.39	3.6	3.8	3.26	3.03	2.58	2.94	3.08	2.91	2.88
	21	2.98	2.99	3.04	3.23	3.3	3.4	2.99	2.7	2.3	2.94	2.83	2.85	2.92
	22	2.67	2.99	2.82	3.09	2.65	2.02	1.59	1.93	1.88	1.9	2.51	2.83	2.64
	23	2.17	2.84	2.4	2.21	1.93	1.9	1.52	2.01	2.04	1.89	2.35	2.19	2.92

POWER BY HOUR                                                                   														
	Hour	ALL	JAN	FEB	MAR	APR	MAY	JUN	JUL	AUG	SEP	OCT	NOV	DEC
	0	21	36	27	25	16	14	8	19	12	7	13	25	50
	1	21	35	30	32	17	12	7	15	10	9	13	19	52
	2	19	35	26	30	18	7	6	13	11	13	11	17	43
	3	26	35	29	93	17	10	6	11	10	30	17	17	37
	4	19	40	34	29	15	14	12	9	17	20	15	19	37
	5	22	49	37	31	22	18	12	11	16	22	27	46	33
	6	33	54	57	42	30	25	18	14	17	23	33	48	61
	7	38	64	64	43	38	32	23	19	20	26	31	50	59
	8	43	61	60	43	41	45	47	24	24	29	35	50	57
	9	48	70	61	51	46	55	35	29	30	36	37	75	58
	10	52	58	59	58	69	63	41	33	35	45	46	58	56
	11	57	73	62	69	77	72	48	35	39	52	51	55	52
	12	59	59	73	71	73	75	51	40	41	61	54	53	59
	13	62	58	73	79	86	80	55	41	41	62	56	57	57
	14	62	60	71	80	75	79	60	45	41	63	55	56	53
	15	63	59	68	82	78	78	60	47	43	69	62	58	47
	16	61	60	60	79	78	83	59	48	39	61	57	57	46
	17	59	60	61	77	75	76	54	45	37	56	52	62	48																									
	18	56	58	62	73	74	72	50	45	33	46	49	52	54																									
	19	51	53	53	63	65	72	46	41	26	38	44	54	54																									
	20	46	57	55	59	52	60	42	33	21	32	40	47	52																									
	21	46	57	54	55	50	49	36	27	17	35	37	45	54																									
	22	39	56	48	47	32	16	8	15	9	8	23	48	39																									
	23	23	39	37	23	16	17	8	20	12	8	20	30	46																									

SPEED BY DIRECTION                                                              																																							
	Month	calm	0	10	20	30	40	50	60	70	80	90	100	110	120	130	140	150	160	170	180	190	200	210	220	230	240	250	260	270	280	290	300	310	320	330	340	350	360
	ALL	0	2.84	2.68	2.76	2.92	3.19	3.66	4.23	4.68	4.87	4.88	4.4	4.08	3.72	3.24	2.82	2.81	2.59	2.45	2.56	2.61	2.75	2.81	3.1	3.23	3.32	3.35	3.31	3.25	3.08	3.04	2.95	3.01	3.1	3.1	3	2.9	2.84
	1	0	2.3	2.4	2.5	3	3.2	3.8	4.4	5	4.9	5.1	4.8	4.3	3.8	3.4	3.2	2.7	2.4	2.3	2.2	3.4	2.4	2.4	2.6	2.7	2.9	2.9	2.7	2.6	2.3	2.3	2.2	2.2	2.2	2.3	2.2	2.4	2.3
	2	0	2.4	2.5	2.8	3	3.3	3.8	4.2	4.7	5.1	5.2	4.6	4.1	3.6	3.6	2.7	2.7	2.6	2.5	2.2	2.4	2.4	2.4	2.4	2.8	3	3.1	3	3	2.4	2.3	2.3	2.4	2.6	2.2	2.5	2.3	2.4
	3	0	3	2.9	2.9	2.9	3.2	3.8	4.4	4.7	5	5	4.5	4.2	3.7	3.1	2.4	2.3	2.6	2.3	3.1	2.1	2.4	3.1	2.7	2.9	3.3	3.4	3.1	3	2.8	2.9	2.8	3.1	3.3	3.4	3	3	3
	4	0	3.9	3.3	3.3	3	3.4	3.6	4.4	4.8	4.9	5	4.5	4.2	4	3.3	2.7	2.7	2.8	2.8	2.7	3.1	3.1	3.2	3.1	3.3	3.3	3.2	3.1	3	3.3	3.1	3.3	3.6	3.6	4	4.1	4.2	3.9
	5	0	3.9	3.3	3.5	3.8	3.6	4.5	5.2	5.3	5.3	5.2	4.9	4.6	4.2	3.6	3	3	2.8	2.8	3	3	2.9	2.7	3	3.3	3.5	3.6	3.6	3.7	3.6	3.6	3.6	3.5	3.9	3.6	3.8	3.8	3.9
	6	0	3.3	2.9	3.2	3	3.4	3.8	3.9	4.5	4.3	4.4	4.2	3.9	3.6	3.1	2.9	3	2.8	2.6	2.6	2.7	2.9	2.9	3.2	3.4	3.7	3.7	4	3.8	4	3.9	3.8	3.8	3.6	3.7	3.6	3.4	3.3
	7	0	2.9	2.6	2.7	2.7	2.9	3.3	3.6	3.9	4.1	4.2	3.8	3.8	3.4	3.2	2.9	2.6	2.5	2.4	2.6	2.6	2.8	2.9	3.2	3.4	3.4	3.6	3.7	3.8	3.4	3.5	3.3	3.5	3.5	3.2	3.1	2.8	2.9
	8	0	2.4	2.6	2.4	2.5	2.6	3	3.6	3.8	3.9	4.1	3.9	3.7	3.5	3	2.8	2.6	2.4	2.4	2.4	2.4	2.7	2.9	3.1	3.3	3.4	3.6	3.5	3.6	3.4	3.5	2.9	3.1	3	2.9	2.5	2.4	2.4
	9	0	2.7	2.6	2.6	2.9	3	3.5	4.1	4.5	4.7	4.7	4.2	3.9	3.5	3	2.7	2.7	2.3	2.3	2.4	2.5	2.8	2.8	3.2	3.3	3.2	3.4	3.4	3.2	3.1	3	2.9	2.9	3.1	3	3	2.7	2.7
	10	0	2.6	2.6	2.7	2.9	3.2	3.3	3.9	4.2	4.7	4.6	4.2	3.9	3.7	2.9	2.5	2.7	2.7	2.2	2.7	2.5	2.7	2.5	3.2	3.2	3	3.1	3.2	3.2	2.8	2.8	2.9	2.8	2.8	2.9	2.9	2.8	2.6
	11	0	2.3	2.5	2.5	2.9	3.1	3.5	4.2	4.8	5	5.2	4.4	4	3.7	3.5	2.6	4.7	2.6	1.8	2.2	2.6	2.4	3.1	3.3	2.4	2.6	2.7	2.7	2.6	2.7	2.3	2.3	2.2	2.3	2.2	2.3	2.3	2.3
	12	0	2.3	2.5	2.6	2.8	3.3	3.7	4.4	4.9	5	4.9	4.5	4.1	3.5	3.6	3.4	3.2	3	2.3	2.1	1.8	2.1	2.2	2.6	2.6	2.7	2.9	2.9	2.7	2.4	2.2	2.2	2.2	2.4	2.2	2.2	2.3	2.3
FREQUENCY BY DIRECTION                                                          																																							
	Month	calm	0	10	20	30	40	50	60	70	80	90	100	110	120	130	140	150	160	170	180	190	200	210	220	230	240	250	260	270	280	290	300	310	320	330	340	350	360
	ALL	14.47	2.09	1.8	1.9	2.02	2.26	2.51	3.93	5.62	7.65	10.07	6.64	5.62	4.65	2.22	1.23	0.8	0.63	0.55	0.75	0.61	0.83	1.32	2.26	3.05	4.46	4.28	3.78	2.96	1.87	1.64	1.68	1.61	1.59	1.64	1.77	1.72	2.09
	1	20.5	2.2	2	2.4	2.5	3.1	3.9	6.1	8.4	11.5	12.9	6.7	4	2.3	0.9	0.5	0.4	0.3	0.2	0.2	0.2	0.4	0.5	0.7	1.3	2.7	3.7	4	3.3	2.3	1.8	1.4	1.6	1.5	1.3	1.3	1.6	2.2
	2	18.7	1.6	2	2.6	3	4	4.4	6.4	9	12.4	12.6	6.7	3.9	2.9	1.4	0.4	0.4	0.2	0.2	0.2	0.2	0.2	0.2	0.6	1.1	2.7	3.9	3.7	2.6	1.9	1.2	1.4	1.3	1.1	1.1	1.4	1.1	1.6
	3	14.7	1.7	1.3	1.6	1.7	2.1	2.7	4.7	8.5	11.3	14.5	9.9	6.3	3.5	1.4	0.7	0.4	0.3	0.2	0.3	0.2	0.2	0.4	0.7	1.1	3.7	4	3.3	2.4	1.5	1.1	1.1	1.2	1.3	1.4	1.6	1.5	1.7
	4	12.4	2.1	1.4	1.2	1.3	1.3	1.5	2.7	4.9	7.4	12.5	8.9	8.7	5.5	2.1	0.8	0.6	0.4	0.3	0.6	0.4	0.4	0.8	1.4	2.1	4.1	5.2	3.6	2.5	1.6	1.6	1.8	1.9	1.8	2.3	2.2	2	2.1
	5	9.9	1.9	1.3	1.2	1.2	1.1	1.3	2.2	3.7	5.1	7.6	6.1	7.7	8.4	4.1	2.5	1.2	0.9	0.8	1	0.7	0.8	1.8	2.6	3.7	6	5	3.9	3.6	1.9	1.4	1.5	1.5	1.6	1.5	1.7	1.6	1.9
	6	9	2.1	1.3	1.2	1.3	0.9	0.7	1.2	1.4	2.3	4.3	4	5.2	6.4	3.4	1.9	1.6	1.1	1.1	1.4	1.4	2.2	3	4.9	7	8.6	6.6	5.3	3.8	2.8	2	2.2	1.7	1.6	1.5	1.6	1.4	2.1
	7	10.4	1.7	1.5	1.5	1.3	1.2	1	1.2	1.4	2.6	4.6	5.1	5.8	6.2	3.3	2.1	1.5	1.3	1.1	1.5	1.4	1.7	2.6	5.1	6.5	7.9	5.7	5.1	3.8	2.1	1.9	2	1.7	1.9	1.6	1.5	1.3	1.7
	8	10.9	1.7	1.4	1.5	1.5	1.6	1.1	2	2.3	3.4	5.6	5.2	5.9	5.9	3.3	2.2	1.3	1	1.1	1.6	1.2	1.7	2.8	4.7	5.7	6.1	5.4	4.8	3.7	2	2.4	2.1	1.8	1.6	1.6	1.4	1.3	1.7
	9	10.7	2.6	2.2	2.4	2.5	2.3	2.8	4.2	5.3	7	9.7	6.8	6.1	6	2.9	1.6	0.9	0.9	0.6	0.8	0.7	0.9	1.3	2.3	2.8	3	2.6	2.6	2.1	1.5	1.5	1.5	1.5	2	2.1	2.2	2.1	2.6
	10	13.8	2.7	2.7	2.9	2.9	3.2	3.4	5.2	7.5	9.3	13.2	7.7	5.1	3.2	1.5	0.8	0.5	0.4	0.3	0.5	0.3	0.5	0.9	1.3	1.3	1.8	1.7	1.5	1.5	1	1.4	1.8	1.9	2.1	2.4	2.7	2.9	2.7
	11	22.3	2.6	2.6	2.6	2.9	3.8	4.1	6.5	8.6	11.1	13.4	6.7	3.9	2.1	0.9	0.5	0.3	0.3	0.2	0.2	0.2	0.3	0.5	0.7	1.1	2.3	2.7	2.8	2.6	1.4	1.5	1.6	1.8	1.4	1.6	2	2.3	2.6
	12	21.2	2.3	2.1	2.3	2.8	3.4	4.2	6.2	8.5	10.9	11.7	6	3.6	2	0.7	0.5	0.3	0.2	0.2	0.2	0.1	0.3	0.6	0.9	1.6	3.2	4	4.4	3.5	2.3	1.8	1.7	1.5	1.1	1.2	1.7	1.7	2.3
FREQUENCY OF SPEED                                                              																																							
	Month	0	1	2	3	4	5	6	7	8	9	10	11	12	13	14	15	16	17	18	19	20	21	22	23	24	25												
	ALL	14.5	8.3	24.1	18.4	13.4	10.4	6.1	3.1	0.9	0.5	0.2	0	0	0	0	0	0	0	0	0	0	0	0	0	0	0												
	1	20.5	9.8	22.6	14.2	10.2	9	6.8	4.4	1.3	0.6	0.3	0.1	0.1	0	0	0	0	0	0	0	0	0	0	0	0	0												
	2	18.7	8.2	22.4	15.2	10.9	10.8	7.1	4.1	1.3	0.7	0.4	0.1	0	0	0	0	0	0	0	0	0	0	0	0	0	0												
	3	14.7	6.6	19.6	17.4	14.8	12.9	7.6	4.2	1.2	0.7	0.2	0	0	0	0	0	0	0	0	0	0	0	0	0	0	0												
	4	12.4	6.8	18.8	19	16	14	7.9	3.6	0.8	0.6	0.1	0	0	0	0	0	0	0	0	0	0	0	0	0	0	0												
	5	9.9	5.9	20.5	19.8	16.5	13	7.9	4.2	1.3	0.7	0.3	0	0	0	0	0	0	0	0	0	0	0	0	0	0	0												
	6	9	7.4	26.8	22.9	15.1	10	5.1	2.3	0.8	0.2	0.1	0	0	0	0	0	0	0	0	0	0	0	0	0	0	0												
	7	10.4	8.8	29	22.9	14.4	8.7	3.9	1.5	0.3	0.1	0.1	0	0	0	0	0	0	0	0	0	0	0	0	0	0	0												
	8	10.9	9	30.9	22.5	14	7.9	3.4	1	0.2	0.1	0	0	0	0	0	0	0	0	0	0	0	0	0	0	0	0
	9	10.7	9.2	27.3	19.6	14	9.6	5.5	2.7	0.8	0.5	0.2	0	0	0	0	0	0	0	0	0	0	0	0	0	0	0
	10	13.8	8.3	25.6	19.1	13.5	10.4	5.6	2.6	0.7	0.3	0.1	0	0	0	0	0	0	0	0	0	0	0	0	0	0	0
	11	22.3	9.5	23	13.8	10.4	9.7	5.8	3.3	1.1	0.5	0.4	0.1	0.1	0	0	0	0	0	0	0	0	0	0	0	0	0
	12	21.2	10.9	22.8	13.9	9.9	9.1	6.1	3.7	1.3	0.6	0.3	0.1	0	0	0	0	0	0	0	0	0	0	0	0	0	0
PERCENT OF POWER BY SPEED                                                       																											
	Month	0	1	2	3	4	5	6	7	8	9	10	11	12	13	14	15	16	17	18	19	20	21	22	23	24	25
	ALL	0	0.3	4	8.6	13.6	19.6	19.7	16.7	7.2	4.9	2.9	0.7	0.5	0.1	0	0	0	0	0.1	0	0.3	0	0	0	0	0.7
	1	0	0.4	3.4	6	9.4	15.2	20	21	9.3	6	3.5	1.7	1.4	0.2	0	0	0	0	0	0	1	0	0	0	0	1.5
	2	0	0.3	3.2	6.3	9.9	17.9	20.1	19.1	8.9	6.6	5	1	0.4	0.5	0	0	0	0	0	0	0.9	0	0	0	0	0
	3	0	0.2	2.7	6.9	12.7	20.2	20.5	18.6	7.9	6	2.5	0.5	0.5	0	0	0	0	0	0	0	0.6	0	0	0	0	0
	4	0	0.2	2.7	7.7	13.9	22.2	21.7	15.8	5	4.9	1.6	0.1	0	0	0.3	0	0	0	0	0	0.8	0	0	0	0	3
	5	0	0.2	2.8	7.7	13.6	19.7	20.6	17.8	7.7	5.9	2.9	0.5	0	0	0	0	0	0	0.5	0	0	0	0	0	0	0
	6	0	0.3	5	11.9	17	20.7	17.9	13.6	6.7	2.6	1.9	0.2	0	0	0	0	0	0	0	0	0	0	0	0	0	2.1
	7	0	0.5	6.8	15.2	20.2	22.6	17.7	10.8	3.3	1.6	1.2	0	0	0	0	0	0	0	0	0	0	0	0	0	0	0
	8	0	0.6	7.9	16.5	22.1	22.9	16.9	8.5	2.4	1.8	0.4	0	0	0	0	0	0	0	0	0	0	0	0	0	0	0
	9	0	0.4	4.9	10	15.5	19.7	19	15.4	7	5.1	2.4	0.4	0.2	0	0	0	0	0	0	0	0	0	0	0	0	0
	10	0	0.4	4.8	10.2	15.6	21.7	20.4	15.5	5.8	3.3	1.9	0.2	0.2	0	0	0	0	0	0	0	0	0	0	0	0	0
	11	0	0.4	3.7	6.3	10.4	17.8	18.3	17.2	8.3	4.6	5.5	1.9	1.8	0.6	0	0.4	0.5	0	0.6	0	0	0	0	0	0	1.7
	12	0	0.5	3.8	6.6	10.2	17	19.8	19.6	10.2	6.5	4.1	1.4	0.4	0	0	0	0	0	0	0	0	0	0	0	0	0
PREVAILING DIRECTION BY HOUR                                                    																											
	Month	0	1	2	3	4	5	6	7	8	9	10	11	12	13	14	15	16	17	18	19	20	21	22	23		
	ALL	-1	-1	-1	-1	90	90	90	90	90	90	90	90	90	90	90	90	90	90	90	90	90	90	80	-1		
	1	-1	-1	-1	-1	-1	80	80	80	90	90	90	90	90	90	90	80	90	90	90	90	80	90	80	90		
	2	-1	-1	-1	-1	-1	80	80	90	80	90	90	80	90	80	80	90	90	90	90	90	80	80	80	-1		
	3	80	70	80	80	80	80	70	70	90	80	90	90	90	90	90	90	90	90	90	90	80	80	80	80		
	4	20	90	260	80	310	90	90	90	90	90	90	110	90	110	110	110	100	90	90	90	90	90	70	80		
	5	110	10	310	260	260	10	90	120	90	120	110	120	120	120	120	120	120	110	90	90	90	90	20	270		
	6	10	20	10	360	360	360	90	120	120	120	240	240	240	240	240	240	250	240	240	260	260	240	310	30		
	7	20	340	340	360	360	10	30	120	110	110	240	240	240	120	240	240	240	240	240	240	90	260	30	30		
	8	20	10	360	360	360	20	20	90	100	110	110	120	110	240	240	240	240	240	90	240	90	240	10	30		
	9	-1	-1	-1	-1	20	360	360	90	90	90	90	90	120	90	90	120	90	90	90	90	90	30	-1	-1		
	10	-1	-1	-1	-1	360	90	90	90	90	90	90	90	90	90	90	90	90	90	90	90	90	90	-1	-1
	11	-1	-1	-1	-1	-1	80	80	90	90	80	90	90	90	90	90	90	90	90	90	90	80	80	90	-1
	12	-1	-1	-1	-1	-1	80	80	90	80	80	90	80	90	70	90	80	90	80	90	90	80	90	80	-1
SPEED FOR PREVAILING DIRECTION BY HOUR                                          																									
	Month	0	1	2	3	4	5	6	7	8	9	10	11	12	13	14	15	16	17	18	19	20	21	22	23
	ALL	-1	-1	-1	-1	4.13	4.13	4.65	4.58	4.73	4.87	4.97	5.02	5.08	5.16	5.07	5.13	5.01	4.9	4.83	4.76	4.58	4.83	4.68	-1
	1	-1	-1	-1	-1	-1	4.98	4.73	5.23	5.2	5.02	4.92	5.25	5.14	4.98	5.18	5.13	5.08	5.04	5.33	5.39	4.87	5.15	4.92	3.61
	2	-1	-1	-1	-1	-1	3.99	4.79	5.44	5.79	5.27	5.44	5.4	5.35	5.52	5.26	5.22	4.87	5.5	5	4.9	4.51	4.53	5.43	-1
	3	3.91	4.7	4.35	4.53	3.97	4.26	4.46	4.46	4.84	4.74	5.26	5.24	5.14	5.39	5.23	5.38	5.14	5.01	4.65	4.89	4.43	4.66	4.6	4.16
	4	2.38	3.82	2.82	4.47	2.22	4.17	4.38	4.53	4.83	4.86	4.97	4.7	5.32	4.53	4.61	4.39	4.58	4.92	4.7	4.78	4.55	4.62	3.71	3.61
	5	2.16	2.42	1.99	2.26	1.77	2.32	4.04	3.5	4.66	3.75	4.57	4.5	4.47	4.67	4.54	4.35	4.86	5	5.51	5.69	5.14	4.67	2.73	1.62
	6	2.43	2.33	2.09	2.13	1.91	2.02	3.24	2.86	3.3	3.39	3.47	3.75	3.61	3.97	3.91	4.05	3.82	3.81	3.32	3.71	3.67	4.11	1.77	2.15
	7	2.34	2.37	1.87	2.04	2.11	2.14	2.22	3.16	3.47	3.4	3.18	3.5	3.4	3.49	3.64	3.75	3.6	3.56	3.38	3.33	3.68	2.91	1.7	2.18
	8	2.23	2.1	1.99	2.24	2.02	2.44	2.4	3.8	3.55	3.56	3.63	3.59	3.88	3.29	3.59	3.49	3.63	3.42	3.95	3.07	3.24	3.66	2.53	2.2
	9	-1	-1	-1	-1	2.37	2.3	2.43	3.99	4.14	4.12	4.66	4.68	3.56	5.3	5.16	3.68	5.28	5.11	4.24	4.21	4.43	2.68	-1	-1
	10	-1	-1	-1	-1	2.58	3.89	4.82	4.38	4.52	4.63	4.61	4.65	4.48	4.66	4.65	4.7	4.6	4.5	4.71	4.72	4.39	4.8	-1	-1
	11	-1	-1	-1	-1	-1	5.29	4.7	5.26	5.38	5.44	5.44	5.21	4.87	5.46	5.04	5.15	5.04	5.18	5.32	4.82	4.62	5.2	5.1	-1
	12	-1	-1	-1	-1	-1	3.93	5.29	4.91	5.07	5.19	4.86	5.08	5.37	5.04	4.78	4.72	5.02	5.14	5.09	4.91	5.24	4.97	4.58	-1
