TATALINA (AWOS)     AK - 702315                                                 														
 62 deg    54' N  155 deg    59' W - Elev  294m   LST=GMT+99 hours   *NT=-10    														
 01/73-08/02                                                                    							Adjusted to Alaska Timezone (GMT-9)							
SPEED BY YEAR                                                                   														
	Year	ALL	JAN	FEB	MAR	APR	MAY	JUN	JUL	AUG	SEP	OCT	NOV	DEC
	ALL	1.85	1.67	1.87	2.08	2.19	2.11	1.93	1.84	1.76	1.93	1.73	1.5	1.47
	1973	1.65	1.19	2.15	1.66	1.79	1.94	1.63	1.93	1.88	1.73	1.61	1.17	1.25
	1974	2.02	1.46	2.12	2.43	2.24	2.22	2.46	2.18	1.74	1.9	2.42	1.52	1.47
	1975	1.84	1.92	2.32	1.59	2.36	2.23	2.19	1.93	1.32	2.18	1.71	1.23	1.21
	1976	1.84	1.32	0.96	2.13	1.93	2.32	1.97	1.79	1.35	2.22	1.72	1.51	2.56
	1977	1.68	2.69	2.08	1.86	1.81	1.97	1.61	1.59	1.36	2.01	1.88	0.98	0.77
	1978	1.77	1.2	1.66	1.47	1.73	1.47	1.7	1.53	1.44	1.95	2.2	2.35	2.51
	1979	1.95	1.78	1.82	2.22	2.64	2.33	2.69	1.46	1.7	1.98	1.77	1.65	1.44
	1980	2.13	1.64	3.08	2.61	2.67	2.55	2.23	1.94	1.73	2.16	2.04	1.48	1.48
	1981	1.83	1.9	1.77	2.58	2.73	1.86	1.48	2.34	1.87	1.64	1.35	1.63	0.86
	1982	1.7	1.73	1.85	2.02	2.28	1.84	1.83	1.89	0.95	1.56	1.43	1.3	1.73
	1983	1.47	1.73	1.86	1.79	1.47	1.41	1.37	1.23	1.57	1.62	1.28	1.31	1.03
	1984	1.18	0.77	0.87	1.15	1.03	1.25	1.16	1.75	1.59	1.31	1.16	0.88	0.84
	1985	1.41	2.22	1.53	1.71	1.19	1.77	1.12	0.81	0.96	1.65	1.03	0.97	1.4
	1986	1.54	0.35	1.51	0.94	0.97	1.32	1.61	1.81	1.66	2.66	0.87	1.16	3.58
	1987	1.39	1.92	1.09	1.26	1.21	1.65	1.27	1.55	1.34	1.22	0.5	0.05	0.89
	1988	1.01	2.06	1.26	1.3	0.64	0.62	0.21	1.63	1.22	1.05	1.11	0.72	0.32
	1989	0.92	0.27	0.85	1.92	0.68	0.88	1.09	0.61	0.57	1.6	1.68	1.4	0.69
	1990	0.76	0.6	0.26	1.04	0.6	0.76	0.51	0.7	0.6	1.38	1.11	1.27	0.75
	1991	2.72	1.63	2.84	3.61	2.39	2.83	2.88	2.76	2.75	2.77	2.67	2.53	2.08
	1992	1.94	1.64	1.48	1.99	2.65	3.66	2.15	1.65	1.74	2.2	1.74	1.52	1.42
	1993	2.21	2.14	2.19	2.49	2.21	2.31	1.84	1.68	2.22	2.82	2.5	2.05	2.19
	1994	2.11	1.84	2.51	1.93	2.33	2.38	2.29	2.14	2.45	1.83	1.56	2.34	1.37
	1995	1.93	1.75	2.08	2.26	2.3	2.37	2.02	1.82	1.63	1.88	1.46	1.23	2.49
	1996	1.95	1.81	2	2.58	2.51	2.11	2.21	1.97	2.34	1.85	1.77	1.47	0.85
	1997	1.92	1.48	1.81	2.24	2.44	2.34	2.17	1.62	2.02	1.83	1.96	1.72	1.15
	1998	1.8	1.53	1.64	1.97	2.28	2.49	1.81	1.82	2.5	1.65	1.73	1.11	0.75
	1999	1.88	1.78	1.18	2.22	2.61	2.34	2.04	2.27	1.63	2.31	1.49	1.44	1.4
	2000	2.23	1.94	2.04	2.5	2.36	2.42	2.21	1.98	2.59	1.88	1.13	1.73	2.97
	2001	1.86	2.08	1.97	1.72	3.17	2.68	2.27	1.95	2.27	1.57	2.1	1.26	1.17
	2002	2.19	1.96	2.15	2.22	2.91	2.29	1.96	2.16	1.58	-1	-1	-1	-1
POWER BY YEAR                                                                   														
	Year	ALL	JAN	FEB	MAR	APR	MAY	JUN	JUL	AUG	SEP	OCT	NOV	DEC
	ALL	17	18	20	19	21	18	15	15	15	17	15	13	13
	1973	15	11	25	13	13	14	9	11	44	10	14	8	9
	1974	16	12	17	18	14	15	20	14	12	20	30	11	12
	1975	20	22	24	12	28	20	39	68	5	15	14	9	7
	1976	11	10	4	16	10	16	10	7	5	14	10	10	23
	1977	15	31	20	19	17	21	12	11	7	18	20	4	4
	1978	14	5	11	9	10	6	9	8	10	20	22	28	33
	1979	20	18	22	21	36	19	34	10	11	16	12	20	20
	1980	21	22	42	26	27	27	20	14	10	18	18	10	14
	1981	16	17	12	28	31	11	8	22	13	11	14	17	5
	1982	15	11	22	19	23	15	14	14	6	18	12	9	16
	1983	13	25	17	17	13	8	10	6	13	21	8	13	5
	1984	6	5	4	5	7	8	6	10	11	6	5	3	9
	1985	15	34	14	11	70	16	4	2	7	8	5	3	10
	1986	12	0	11	4	2	5	6	17	10	30	3	5	66
	1987	12	34	4	5	5	13	4	8	6	4	1	0	2
	1988	13	29	13	7	2	1	1	77	7	5	3	2	1
	1989	6	4	9	31	4	6	4	3	1	8	9	8	2
	1990	3	2	0	3	2	2	2	1	1	4	8	8	5
	1991	28	14	38	62	12	23	21	24	22	28	26	30	20
	1992	19	11	9	19	28	68	17	8	13	20	15	10	16
	1993	24	46	23	29	19	21	12	11	19	42	33	16	21
	1994	22	15	32	15	19	23	23	18	32	17	13	40	11
	1995	16	15	25	24	20	17	14	13	12	16	10	9	22
	1996	19	30	30	30	26	17	17	15	25	15	13	8	4
	1997	16	14	15	21	19	21	16	9	11	16	20	14	9
	1998	15	14	9	12	25	24	13	10	31	18	10	6	5
	1999	18	29	12	16	30	21	14	27	12	22	10	11	13
	2000	23	23	32	21	21	25	15	11	21	15	4	15	30
	2001	15	19	20	11	26	23	18	13	20	9	19	8	7
	2002	21	16	22	19	41	19	12	23	10	-1	-1	-1	-1
NUMBER OF SPEED OBSERVATIONS BY YEAR                                            														
	Year	ALL	JAN	FEB	MAR	APR	MAY	JUN	JUL	AUG	SEP	OCT	NOV	DEC
	ALL	168006	14393	12818	14645	14052	15030	14598	14234	14319	13381	14108	13632	12796
	1973	5709	416	367	559	527	524	393	396	449	528	557	507	486
	1974	5734	466	353	432	540	577	548	497	408	384	474	545	510
	1975	5931	502	464	690	642	673	351	286	306	381	449	578	609
	1976	7011	458	531	652	627	614	649	678	517	550	583	604	548
	1977	7477	551	485	625	551	579	554	609	708	690	716	698	711
	1978	8575	721	666	728	704	726	690	736	732	714	729	714	715
	1979	8570	738	671	720	713	734	694	724	726	689	725	706	730
	1980	8813	773	696	744	720	744	720	744	744	720	744	720	744
	1981	8759	744	671	744	720	744	720	744	744	720	744	720	744
	1982	8760	744	672	744	720	744	720	744	744	720	744	720	744
	1983	8761	744	672	744	720	744	720	744	744	721	744	720	744
	1984	8034	744	696	745	720	744	720	744	744	720	744	618	95
	1985	1744	182	75	171	117	178	151	67	201	155	175	83	189
	1986	1248	44	112	76	73	194	94	112	141	121	163	56	62
	1987	1079	231	73	81	67	85	97	102	168	61	40	22	52
	1988	900	36	69	107	68	59	99	89	67	81	109	89	27
	1989	1273	235	102	41	58	196	87	105	92	85	135	86	51
	1990	725	139	46	46	65	45	38	25	103	42	60	48	68
	1991	4030	41	187	381	187	336	298	442	444	421	510	334	449
	1992	5848	451	328	493	353	406	382	468	615	566	646	509	631
	1993	7094	638	575	564	610	604	596	681	677	602	514	530	503
	1994	6838	530	455	494	636	668	655	562	598	644	649	633	314
	1995	6444	509	606	568	512	577	586	530	646	576	536	470	328
	1996	6861	568	453	575	619	683	639	566	538	417	601	566	636
	1997	6263	565	439	585	565	631	625	540	231	488	601	512	481
	1998	6167	562	547	512	475	598	664	658	602	254	223	665	407
	1999	6994	660	521	615	556	396	575	548	578	669	625	630	621
	2000	3983	609	654	529	584	488	530	59	114	144	66	32	174
	2001	4197	137	196	92	21	102	455	609	625	518	502	517	423
	2002	4184	655	436	588	582	637	548	425	313	0	0	0	0
NUMBER OF SPEED OBSERVATIONS BY HOUR                                            														
	Hour	ALL	JAN	FEB	MAR	APR	MAY	JUN	JUL	AUG	SEP	OCT	NOV	DEC
	0	6622	573	499	582	555	601	589	562	561	518	561	507	514
	1	7235	635	553	613	595	635	626	606	626	574	619	588	565
	2	7219	637	550	602	580	641	622	603	617	581	620	597	569
	3	7475	647	573	638	604	673	641	626	640	603	645	607	578
	4	7518	651	560	642	624	678	658	642	647	600	642	604	570
	5	7623	653	580	651	634	684	659	649	656	612	648	613	584
	6	7609	673	591	656	615	681	656	634	654	615	638	607	589
	7	7601	657	585	655	634	665	657	642	650	605	650	614	587
	8	7647	664	591	659	633	678	653	647	655	608	650	620	589
	9	7471	630	585	661	616	651	641	643	630	599	633	607	575
	10	7358	649	582	648	605	636	631	614	628	575	618	606	566
	11	7411	644	577	634	607	649	643	627	632	598	624	602	574
	12	7325	635	578	633	594	655	637	630	631	586	604	587	555
	13	7313	641	566	630	608	653	645	623	626	586	599	588	548
	14	7255	621	565	631	593	642	635	619	622	586	599	581	561
	15	7092	619	557	620	577	638	624	608	598	566	585	569	531
	16	6934	594	544	599	585	633	604	590	574	543	571	572	525
	17	6878	598	529	588	586	616	621	581	547	522	569	584	537
	18	6474	533	484	563	574	603	578	558	529	502	530	528	492
	19	6276	505	461	556	561	574	540	513	522	493	522	557	472
	20	5965	477	432	552	537	533	501	503	526	502	493	478	431
	21	6001	481	432	553	528	558	515	511	527	485	509	482	420
	22	5974	495	433	549	511	545	519	509	515	463	496	485	454
	23	5730	481	411	530	496	508	503	494	506	459	483	449	410

SPEED BY HOUR                                                                   														
	Hour	ALL	JAN	FEB	MAR	APR	MAY	JUN	JUL	AUG	SEP	OCT	NOV	DEC
	0	1.59	1.72	1.74	1.91	1.75	1.56	1.46	1.36	1.36	1.72	1.56	1.55	1.45
	1	1.54	1.69	1.72	1.79	1.68	1.56	1.35	1.37	1.26	1.59	1.54	1.46	1.47
	2	1.49	1.63	1.71	1.8	1.62	1.45	1.27	1.29	1.26	1.6	1.45	1.44	1.42
	3	1.48	1.68	1.72	1.68	1.56	1.4	1.25	1.29	1.31	1.61	1.47	1.42	1.45
	4	1.46	1.67	1.71	1.72	1.53	1.39	1.19	1.24	1.27	1.59	1.51	1.4	1.37
	5	1.46	1.61	1.69	1.71	1.52	1.37	1.18	1.23	1.29	1.57	1.49	1.4	1.44
	6	1.43	1.62	1.67	1.64	1.43	1.28	1.17	1.25	1.26	1.47	1.54	1.42	1.46
	7	1.45	1.65	1.62	1.66	1.47	1.39	1.23	1.23	1.26	1.47	1.54	1.45	1.4
	8	1.54	1.6	1.58	1.67	1.65	1.66	1.55	1.37	1.32	1.57	1.58	1.44	1.47
	9	1.71	1.68	1.59	1.77	1.97	2.04	1.88	1.78	1.62	1.71	1.52	1.42	1.44
	10	1.84	1.69	1.67	1.93	2.27	2.3	2.04	1.94	1.83	1.97	1.58	1.42	1.43
	11	2.04	1.65	1.77	2.23	2.67	2.58	2.31	2.18	2.09	2.23	1.8	1.44	1.41
	12	2.21	1.63	2.05	2.51	2.8	2.73	2.57	2.36	2.4	2.37	1.94	1.55	1.53
	13	2.3	1.67	2.13	2.62	2.97	2.86	2.64	2.45	2.45	2.52	2.05	1.61	1.48
	14	2.36	1.71	2.27	2.73	2.99	2.89	2.7	2.5	2.41	2.58	2.19	1.61	1.62
	15	2.38	1.7	2.25	2.77	2.95	3.01	2.72	2.61	2.47	2.58	2.23	1.52	1.61
	16	2.39	1.65	2.25	2.74	3.08	3.02	2.68	2.65	2.51	2.61	2.23	1.56	1.53
	17	2.3	1.72	2	2.64	2.91	2.93	2.73	2.46	2.48	2.44	2	1.53	1.61
	18	2.23	1.78	2.01	2.36	2.84	2.85	2.7	2.5	2.28	2.23	1.85	1.55	1.49
	19	2.11	1.73	2.05	2.14	2.6	2.77	2.55	2.33	2.12	1.94	1.86	1.61	1.47
	20	1.97	1.66	2.04	2.1	2.35	2.44	2.23	2.1	1.82	1.84	1.84	1.55	1.51
	21	1.82	1.64	1.95	2.06	2.14	2.05	1.95	1.83	1.53	1.8	1.7	1.59	1.44
	22	1.72	1.64	1.96	2.02	1.96	1.81	1.71	1.58	1.48	1.72	1.71	1.61	1.46
	23	1.65	1.65	1.93	1.96	1.89	1.64	1.6	1.45	1.37	1.67	1.61	1.57	1.43

POWER BY HOUR                                                                   														
	Hour	ALL	JAN	FEB	MAR	APR	MAY	JUN	JUL	AUG	SEP	OCT	NOV	DEC
	0	13	17	15	15	17	12	10	8	9	17	12	12	14
	1	13	20	15	14	16	11	10	8	8	13	13	11	14
	2	12	19	15	15	14	10	8	8	8	15	11	11	13
	3	12	18	14	12	12	9	7	7	8	13	11	12	15
	4	12	22	15	15	12	9	7	6	7	15	12	13	10
	5	11	17	13	14	13	8	6	7	8	13	13	11	13
	6	11	17	16	11	11	8	6	7	8	11	17	12	13
	7	12	18	16	12	23	10	7	7	8	12	13	13	11
	8	12	16	13	14	15	12	8	8	9	13	14	13	13
	9	15	18	13	14	17	16	13	26	11	15	12	15	11
	10	15	19	17	16	20	19	14	13	12	16	12	11	11
	11	18	17	18	21	24	21	17	20	16	24	15	14	11
	12	22	18	34	25	26	25	30	21	20	19	16	14	15
	13	23	18	28	26	31	29	24	19	35	23	18	14	12
	14	23	18	27	28	31	29	24	25	21	26	20	15	16
	15	24	16	25	29	31	32	24	30	22	24	19	14	17
	16	24	17	27	29	35	34	23	23	23	25	19	13	13
	17	23	18	22	29	32	31	24	21	24	25	17	13	16
	18	22	23	22	24	30	29	24	22	19	20	16	13	14																									
	19	21	19	22	21	24	26	23	19	31	16	18	15	13																									
	20	18	21	23	21	22	22	17	15	14	16	18	13	15																									
	21	16	19	21	19	19	15	15	13	11	14	16	14	15																									
	22	15	18	22	20	19	12	11	9	10	17	15	15	14																									
	23	14	19	18	17	17	11	10	9	10	15	13	14	15																									

SPEED BY DIRECTION                                                              																																							
	Month	calm	0	10	20	30	40	50	60	70	80	90	100	110	120	130	140	150	160	170	180	190	200	210	220	230	240	250	260	270	280	290	300	310	320	330	340	350	360
	ALL	0	2.56	2.53	2.77	2.81	2.93	2.86	2.72	2.53	2.3	2.19	2.08	1.83	1.86	1.92	1.97	2.28	2.4	2.48	2.84	2.97	2.97	3	2.86	2.78	2.66	2.49	2.35	2.6	2.62	2.71	2.82	2.69	2.73	2.82	2.89	2.68	2.56
	1	0	1.5	2.5	3.2	3	2.9	3	2.9	2.7	2.5	2.5	2.2	1.9	1.8	1.5	2	1.9	2.8	3.1	3.1	4.7	3.6	3.4	2.9	2.8	2.5	2.4	2.4	2.7	2.5	2.3	2.5	2.3	2.9	3.3	2.8	2.4	1.5
	2	0	2.4	3.1	3.2	3.2	3.3	3	2.8	2.5	2.3	2.1	1.9	1.7	1.8	2.8	3.7	2.3	2.5	1.7	3.3	2.7	3.6	3.1	2.8	2.5	2.5	2.5	2.3	2.6	2.7	2.6	2.7	2.5	3	2.1	6.6	4.6	2.4
	3	0	2.6	2.6	3.2	3.1	3	2.9	2.7	2.5	2.2	2	2	1.8	2	1.8	1.9	2.2	2.9	3.4	3.5	3	2.9	2.9	3	3	2.7	2.5	2.5	3.2	3	3.1	2.6	2.7	2.6	2.8	2.3	2.7	2.6
	4	0	2.9	2.8	2.9	2.9	3.1	3.1	2.9	2.7	2.4	2.2	2.2	2	1.9	2.1	1.9	2.3	2.5	2.6	2.8	3	3.1	3.5	3.3	3.1	2.8	2.9	2.7	3	2.8	3	3.5	3	3	2.9	3.1	2.6	2.9
	5	0	2.7	2.5	2.6	2.7	2.8	2.8	3	2.8	2.6	2.5	2.5	2.2	2.2	2	2.2	2.4	2.6	2.5	2.8	3.1	3.1	3	2.9	2.9	2.8	2.5	2.5	2.7	2.8	2.8	2.6	2.7	2.7	2.7	2.7	2.8	2.7
	6	0	2.6	2.4	2.3	2.1	2.5	2.4	2.6	2.6	2.4	2.4	2.3	2	1.9	2	1.9	2.3	2.2	2.3	2.6	2.8	2.7	2.9	2.7	2.8	2.7	2.7	2.4	2.6	2.7	2.8	2.8	2.8	2.7	2.9	3	2.6	2.6
	7	0	2.3	2	2.2	2.1	2.2	2.2	2.3	2.4	2.2	2.2	2	1.6	1.8	1.8	1.8	2.1	2.2	2.4	2.7	2.8	2.8	2.8	2.7	2.7	2.6	2.5	2.3	2.3	2.3	2.6	3.1	2.6	2.6	2.7	2.8	2.4	2.3
	8	0	2.2	2.2	2.2	2.2	2.4	2.3	2.3	2.2	2	2.1	2	1.7	1.6	1.7	1.7	2.2	2	2.3	2.6	2.9	3	3.1	3	2.8	2.7	2.4	2.2	2.3	2.3	2.4	2.3	2.5	2.4	2.6	2.4	2.5	2.2
	9	0	2.6	2.7	2.6	2.7	2.9	2.9	2.7	2.5	2.2	1.9	1.8	1.6	2	2	1.9	2.3	2.3	2.4	3	2.9	3.2	3	3	2.8	2.6	2.4	2.3	2.8	2.9	2.9	2.8	2.6	2.9	3	3	2.7	2.6
	10	0	2.8	2.4	2.6	2.8	3.1	2.9	2.6	2.2	2	1.9	1.7	1.7	1.4	1.7	1.7	2.4	2.2	2.1	2.6	3.1	2.9	2.9	2.7	2.6	2.6	2.4	2.2	2.7	2.6	2.6	2.9	2.8	3.3	2.8	2.8	2.5	2.8
	11	0	2.2	2.6	2.8	2.8	2.7	2.7	2.5	2.3	2	1.8	1.6	1.5	1.6	1.5	2.1	2.9	3.3	2.3	3	3	2.9	3.1	2.7	2.8	2.5	2.1	2.2	2.5	2.6	2.5	2.8	2.9	2.2	2.9	2.6	3.6	2.2
	12	0	2.6	2.4	2.9	2.8	2.9	3	2.8	2.7	2.5	2.5	2.2	1.9	1.6	1.8	2	1.9	3.1	2.6	2.9	2.8	2.7	2.7	2.6	2.5	2.3	2.3	2.3	2.2	2.4	2.5	2.7	2.4	2.3	4.8	1.8	2.1	2.6
FREQUENCY BY DIRECTION                                                          																																							
	Month	calm	0	10	20	30	40	50	60	70	80	90	100	110	120	130	140	150	160	170	180	190	200	210	220	230	240	250	260	270	280	290	300	310	320	330	340	350	360
	ALL	32.06	0.89	1.4	2.57	4.38	7.3	10.45	9.24	6.97	5.23	3.15	1.59	1.18	0.59	0.37	0.51	0.51	0.64	1.34	1.68	2.4	3.94	4.2	4.36	4.77	3.59	2.79	2.7	2.16	1.99	2.24	1.35	0.98	0.78	0.51	0.48	0.78	0.89
	1	41.8	0.3	1.1	2.7	5.9	11.2	16.9	15	10.2	7.2	4	1.6	0.7	0.2	0.2	0.2	0.2	0.2	0.5	0.7	1.4	1.8	2.2	2.4	2.6	2.2	1.9	1.9	1.4	1	0.8	0.4	0.3	0.2	0.1	0.2	0.2	0.3
	2	34.4	0.5	1.2	3.1	6.6	12	16.8	14.9	12.3	8.1	4.7	1.8	1	0.3	0.2	0.2	0.2	0.3	0.4	0.7	0.8	1.2	1.3	1.7	1.5	1.4	1.3	1.3	1.2	0.8	0.9	0.4	0.2	0.2	0.1	0.2	0.4	0.5
	3	25.2	0.7	1.4	3.5	6.3	10.6	15	13.1	9.9	6.3	3.9	2	1.3	0.6	0.3	0.4	0.4	0.5	1	1.5	2	2.5	2.6	2.6	2.3	1.6	1.2	1.3	1.2	1.1	0.9	0.6	0.4	0.3	0.3	0.2	0.4	0.7
	4	24.4	1.1	1.9	3.1	4.9	7.6	10.3	9.2	7.1	5.8	3.9	2.1	1.8	0.8	0.5	0.6	0.7	0.7	1.5	1.7	2.6	3.7	3.3	3.1	3.6	2.8	1.9	2.1	1.9	2.1	2.6	1.4	0.9	0.8	0.7	0.6	0.8	1.1
	5	23.4	1.5	1.8	3	3.7	4.9	6.6	5.9	4.9	4.6	3.1	2	1.6	1	0.7	1.1	0.8	1	2.3	2.1	2.8	4.5	4.4	4.4	5.3	4	3.4	3.3	2.5	2.6	3.1	1.9	1.4	1.2	0.8	0.7	1.3	1.5
	6	26.7	1.1	1.6	1.7	2	2.3	3.2	2.6	2.4	3	2	1.3	1.2	0.8	0.4	0.8	0.9	1.1	2.1	2.7	3.6	6.1	6.1	7.2	7.5	5.7	4.6	4.5	3.9	3.5	4.2	2.7	2	1.7	1.1	0.9	1.4	1.1
	7	28	0.8	1.2	1.3	1.4	2.1	2.5	2.5	2	2.1	1.4	1	1	0.8	0.6	0.9	0.7	1.2	2.5	3	4.5	8	8.4	7.6	8.6	6.4	5	4.6	3.5	3	3.5	2.5	1.8	1.3	0.7	0.6	0.9	0.8
	8	31.7	0.8	1.2	1.6	2.4	3	4.7	4.2	2.8	2.6	2.1	1	1.1	0.6	0.3	0.5	0.7	0.9	1.8	2.3	3.8	6.6	7.7	8.4	9.2	6.3	4.5	4.3	2.9	2.8	3	1.8	1.1	0.9	0.6	0.7	0.9	0.8
	9	29.1	1.4	1.5	2.8	4.6	7.2	10.2	7.9	5.5	4.8	2.8	1.6	1.3	0.5	0.4	0.4	0.4	0.6	1.4	2	2.4	4.4	4.6	4.4	5.1	3.4	2.6	2.5	2.3	2.3	2.6	1.5	1	0.8	0.7	0.8	1.2	1.4
	10	34.8	1.3	1.9	3.3	5.6	10.6	14.7	11.2	7.2	5.2	2.8	1.5	1	0.5	0.2	0.2	0.3	0.4	0.7	1	1.5	2.2	3.1	3.2	3.5	3	2	2	1.6	1.6	2	1.2	1.1	0.7	0.6	0.4	0.9	1.3
	11	41.6	0.4	0.8	2.4	4.9	10.3	16	14.6	11.3	6.6	3.6	1.1	1	0.3	0.2	0.2	0.3	0.2	0.4	0.8	1.2	2.7	2.6	3	3.1	2.5	1.9	1.7	1.5	1.3	1.1	0.7	0.5	0.4	0.1	0.2	0.2	0.4
	12	46.1	0.3	0.8	2.3	5.4	8.8	13.8	15.3	12	8.3	4.4	2	0.9	0.4	0.2	0.2	0.2	0.2	0.5	0.8	0.8	1.7	2.4	2.9	3.5	2.6	2.3	1.9	1.5	1	1.1	0.5	0.4	0.3	0.1	0.1	0.2	0.3
FREQUENCY OF SPEED                                                              																																							
	Month	0	1	2	3	4	5	6	7	8	9	10	11	12	13	14	15	16	17	18	19	20	21	22	23	24	25												
	ALL	32.1	19	21.8	14	7.4	3.6	1.3	0.5	0.2	0.1	0	0	0	0	0	0	0	0	0	0	0	0	0	0	0	0												
	1	41.8	15.3	17.8	11.9	7	3.4	1.3	0.8	0.3	0.2	0.1	0	0	0	0	0	0	0	0	0	0	0	0	0	0	0												
	2	34.4	17	20.9	13.1	7.2	4.7	1.8	0.5	0.2	0.1	0	0	0	0	0	0	0	0	0	0	0	0	0	0	0	0												
	3	25.2	19.2	23.4	16.9	8.9	4	1.5	0.6	0.2	0.1	0	0	0	0	0	0	0	0	0	0	0	0	0	0	0	0												
	4	24.4	17.4	23.3	17.6	10	4.8	1.6	0.5	0.3	0.1	0	0	0	0	0	0	0	0	0	0	0	0	0	0	0	0												
	5	23.4	20.2	24.2	16.3	9.2	4.2	1.6	0.5	0.2	0.1	0	0	0	0	0	0	0	0	0	0	0	0	0	0	0	0												
	6	26.7	20.9	24.7	14.8	7.9	3.5	1.1	0.4	0.1	0	0	0	0	0	0	0	0	0	0	0	0	0	0	0	0	0												
	7	28	22.3	24.6	14.2	6.7	2.9	1	0.3	0.1	0	0	0	0	0	0	0	0	0	0	0	0	0	0	0	0	0												
	8	31.7	22.2	21.9	13	6.2	3.1	1.2	0.4	0.1	0	0	0	0	0	0	0	0	0	0	0	0	0	0	0	0	0												
	9	29.1	20.2	22.4	14.3	7.8	3.8	1.4	0.6	0.2	0	0.1	0	0	0	0	0	0	0	0	0	0	0	0	0	0	0
	10	34.8	19.1	20.9	13.4	6.6	3.3	1.1	0.5	0.2	0	0	0	0	0	0	0	0	0	0	0	0	0	0	0	0	0
	11	41.6	18.7	19.7	10.4	5.3	2.7	0.8	0.4	0.1	0.1	0.1	0	0	0	0	0	0	0	0	0	0	0	0	0	0	0
	12	46.1	14.3	17.5	11.5	6	3.1	0.9	0.5	0.1	0	0	0	0	0	0	0	0	0	0	0	0	0	0	0	0	0
PERCENT OF POWER BY SPEED                                                       																											
	Month	0	1	2	3	4	5	6	7	8	9	10	11	12	13	14	15	16	17	18	19	20	21	22	23	24	25
	ALL	0	1.7	9.4	18.1	21.5	19.5	11.7	7.4	3.9	2	1.4	0.6	0.3	0.1	0.3	0.2	0.1	0	0.2	0	0.2	0.2	0.5	0.3	0.3	0.4
	1	0	1.4	7.2	14.7	19	17.3	11.4	11.1	6.5	4.7	2.7	1.7	1	0	1.4	0	0	0	0	0	0	0	0	0	0	0
	2	0	1.4	8.1	15.1	18.7	22.4	14.6	7.1	4.5	2.3	1.2	0.4	0.5	0	0	0.9	0	0	0	0	0	0	2.8	0	0	0
	3	0	1.6	9.1	19.6	23.1	19.2	12.4	7.5	3.7	2.5	1	0.4	0	0	0	0	0	0	0	0	0	0	0	0	0	0
	4	0	1.2	7.8	17.8	22.9	20	11.5	5.8	5.5	3.2	1.2	0.3	0.4	0	0	0	0	0	0	0	0	0	2.4	0	0	0
	5	0	1.6	9.3	18.5	23.6	20.1	13.2	7	4.4	1.8	0.5	0	0	0	0	0	0	0	0	0	0	0	0	0	0	0
	6	0	2	11.3	20.1	24.6	20	10.4	5.6	1.7	0.2	0	0.5	1	0	0	0	0	0	0	0	0	2.7	0	0	0	0
	7	0	2.2	11.4	20	20.9	16.9	10.1	4.4	1.9	0.7	0	0.5	0	0	0	1	1.2	0	1.6	0	2.2	0	0	0	0	4.8
	8	0	2.2	10.3	18.5	19.6	18.5	11.6	7.2	2.3	0.9	1.6	0	0	0	0	0	0	0	0	0	0	0	0	3.4	3.9	0
	9	0	1.7	9.1	17.5	20.9	19	12.3	8	4.5	0.8	2.8	0.7	0.5	0.7	0	0	0	0	1.5	0	0	0	0	0	0	0
	10	0	1.9	10.1	19.1	21.5	19.5	10.9	8.4	4	1.7	1.8	0	0	0	0.9	0	0	0	0	0	0	0	0	0	0	0
	11	0	2.2	11	17.7	20.4	18.9	9.5	7.2	2.6	2.9	3	2.7	0.7	0	1.2	0	0	0	0	0	0	0	0	0	0	0
	12	0	1.7	9.7	19.3	22.1	21.5	10.9	8.9	3.2	1	1.2	0.5	0	0	0	0	0	0	0	0	0	0	0	0	0	0
PREVAILING DIRECTION BY HOUR                                                    																											
	Month	0	1	2	3	4	5	6	7	8	9	10	11	12	13	14	15	16	17	18	19	20	21	22	23		
	ALL	50	50	50	50	50	50	50	50	50	50	50	50	60	50	60	50	60	50	50	50	50	50	50	50		
	1	60	50	50	50	60	50	50	60	50	50	50	50	60	60	60	50	60	50	60	50	50	50	60	50		
	2	50	50	50	50	50	50	60	60	50	50	50	70	50	70	60	50	60	60	50	50	50	60	50	50		
	3	40	40	50	50	50	60	50	50	50	50	70	50	60	50	60	50	60	50	50	50	50	50	50	50		
	4	50	50	50	40	50	50	50	50	70	50	70	60	60	60	60	60	50	60	50	50	50	40	40	40		
	5	50	50	50	240	230	230	220	50	50	70	80	60	60	60	80	50	60	60	50	50	230	250	230	20		
	6	250	240	230	230	230	220	230	220	220	220	220	220	200	200	200	210	200	220	200	230	230	220	240	230		
	7	230	230	230	240	240	210	210	220	230	210	200	200	200	200	200	210	200	200	220	230	210	210	210	230		
	8	240	230	230	230	230	230	230	230	210	230	210	200	200	200	230	210	220	220	220	230	230	230	230	230		
	9	50	40	50	50	50	50	50	50	50	50	50	50	50	50	60	70	50	60	50	50	50	30	40	50		
	10	50	50	40	50	50	50	60	50	50	50	50	50	60	50	50	50	60	50	50	50	50	40	50	50		
	11	50	50	50	60	60	50	50	50	60	50	50	60	50	50	50	50	60	50	60	50	50	60	50	50
	12	60	50	60	60	60	70	60	60	60	50	60	50	50	60	60	60	60	50	60	60	60	60	60	60
SPEED FOR PREVAILING DIRECTION BY HOUR                                          																									
	Month	0	1	2	3	4	5	6	7	8	9	10	11	12	13	14	15	16	17	18	19	20	21	22	23
	ALL	2.81	2.7	2.68	2.68	2.65	2.59	2.71	2.63	2.73	2.73	2.87	2.99	2.91	3.12	3	3.16	2.91	2.99	3.01	3.02	2.9	2.81	2.81	2.72
	1	2.89	3	2.82	3.2	3.17	2.89	3.05	2.64	3.04	3	3.19	3.02	2.86	2.67	2.8	3.31	2.88	2.87	2.9	2.78	2.96	2.73	2.65	2.7
	2	2.95	2.91	2.8	2.78	2.84	2.76	2.62	2.19	2.64	2.64	2.93	2.44	3.21	2.93	2.94	3.46	3.02	3.49	3.15	3.1	3.08	2.75	3.07	2.92
	3	2.55	2.75	2.67	2.67	2.59	2.42	2.54	2.57	2.65	2.8	2.54	3.18	2.85	3.43	3.47	3.27	3	3.21	2.97	2.89	2.76	2.84	2.77	2.69
	4	2.97	2.71	3.17	2.74	2.7	2.77	2.65	3.04	2.28	2.99	2.66	3.56	3.32	3.54	3.3	3.05	3.46	3.16	3.33	3.29	2.92	3.02	3.01	3.04
	5	2.42	2.38	2.34	2.25	2.34	2.25	2.07	2.28	3.06	2.55	2.42	3.13	3.1	3.36	3.04	3	3.66	2.98	3.34	3.1	3.02	2.78	3.2	2.51
	6	2.62	2.43	2.32	2.28	2.33	2.04	2.4	2.28	2.43	2.74	2.89	3.09	3.23	3.09	2.95	3.19	3.31	3.32	3.38	3.16	3.1	2.45	2.62	2.95
	7	2.31	2.41	2.15	2.37	2.13	2.6	2.33	2.38	2.4	2.57	2.37	2.98	3.04	3.16	3.05	3.25	2.96	3.1	3.08	2.72	2.9	2.56	2.7	2.38
	8	2.3	2.32	2.64	2.7	2.52	2.5	2.25	2.29	2.57	2.73	2.98	2.84	3.6	3.27	3.32	3.43	3.63	3.54	3.09	2.81	2.75	2.3	2.65	2.61
	9	2.77	2.79	2.57	2.42	2.86	2.55	2.64	2.67	2.91	2.71	3.28	2.97	3	2.99	3.23	2.51	3.14	2.57	3.23	3.22	2.67	2.6	2.84	2.82
	10	2.86	2.67	3.11	2.71	2.7	2.64	2.41	2.75	2.72	2.53	2.78	2.95	2.84	3.19	3.09	3.09	2.56	2.91	3	3.28	3.19	3.27	3.16	2.63
	11	2.64	2.45	2.57	2.56	2.39	2.39	2.63	2.6	2.56	2.72	2.87	2.54	2.89	2.99	2.64	2.88	2.58	2.54	2.18	2.85	2.62	2.38	2.53	2.41
	12	2.7	3.21	2.49	2.87	2.48	2.65	2.56	2.83	3.09	2.56	2.86	2.96	3.03	2.91	2.87	2.89	2.82	3.16	2.67	2.63	3.09	2.88	2.68	2.74
