TOGIAC VILLAGE AWOS AK - 703606                                                 														
 59 deg    03' N  160 deg    24' W - Elev    6m   LST=GMT+99 hours   *NT=-11    														
 12/89-09/02                                                                    						Adjusted to Alaska Timezone (GMT-9)								
SPEED BY YEAR                                                                   														
	Year	ALL	JAN	FEB	MAR	APR	MAY	JUN	JUL	AUG	SEP	OCT	NOV	DEC
	ALL	5.03	5.3	5.42	5.46	5.17	4.87	4.45	4.45	4.84	5.13	4.6	5.39	5.65
	1989	4.23	-1	-1	-1	-1	-1	-1	-1	-1	-1	-1	-1	4.23
	1990	4.31	3.99	6.03	5.27	3.59	4.03	3.76	3.55	4.61	4.46	3.56	4.34	5.09
	1991	5.92	4.46	5.1	5.19	4.26	4.96	4.62	4	4.85	7.3	6.88	5.28	5.41
	1992	4.9	6.19	3.16	6.07	4.81	4.66	5.9	3.64	5.42	4.73	4.3	4.99	5.13
	1993	5.45	6.4	6.49	5.94	5.45	4.68	4.58	4.57	5.7	6.25	4.34	5.22	5.68
	1994	5.08	4.66	4.76	5.89	4.34	4.79	4.56	4.46	5.05	4.96	4.83	6.45	6.39
	1995	4.74	4.85	5.62	4.83	4.2	-1	3.96	4.19	4.72	4.95	4.83	4.14	5.52
	1996	4.99	4.44	5.71	4.09	5.37	4.57	5.55	5.53	5.06	4.49	4.07	6.07	5.22
	1997	4.83	5.21	4.93	4.68	4.81	5.28	3.99	4.04	5.31	4.85	3.89	5.21	5.74
	1998	5.13	4.26	3.77	6.12	6.38	5.92	5.37	3.87	5.67	5.2	4.74	5.01	5.18
	1999	4.8	5.35	5.03	5.11	5.94	4.56	3.86	4.66	4.99	4.88	3.6	4.48	5.23
	2000	5.4	5.17	6.75	6.45	4.41	4.3	4.74	4.61	5.49	4.64	4.48	6.43	7.57
	2001	5.24	5.89	5.69	5.69	5.62	5.09	4.34	4.81	4.62	4.86	5.28	5.89	5.25
	2002	4.64	6.36	6.47	5.62	5.25	4.84	3.77	4.6	3.72	4.65	-1	-1	-1
POWER BY YEAR                                                                   														
	Year	ALL	JAN	FEB	MAR	APR	MAY	JUN	JUL	AUG	SEP	OCT	NOV	DEC
	ALL	187	224	268	240	190	145	115	109	159	191	150	240	271
	1989	81	-1	-1	-1	-1	-1	-1	-1	-1	-1	-1	-1	81
	1990	99	72	202	169	55	72	61	40	145	100	43	91	192
	1991	268	103	157	245	95	129	91	72	124	388	443	166	227
	1992	170	258	44	314	127	138	230	62	212	125	108	204	222
	1993	232	331	367	290	231	118	118	121	240	344	122	251	237
	1994	206	137	158	335	97	109	116	110	170	185	143	375	589
	1995	153	162	251	187	102	-1	84	92	116	169	238	84	163
	1996	168	147	271	95	189	124	178	198	153	131	83	290	181
	1997	171	256	175	157	156	213	74	73	203	178	68	251	253
	1998	201	114	91	245	303	241	212	69	225	218	153	260	282
	1999	166	225	273	221	270	118	76	112	225	149	55	110	179
	2000	246	226	451	358	113	88	128	145	279	131	137	407	527
	2001	195	317	406	240	270	144	81	120	119	143	188	214	167
	2002	142	303	390	245	190	147	78	112	55	79	-1	-1	-1
NUMBER OF SPEED OBSERVATIONS BY YEAR                                            														
	Year	ALL	JAN	FEB	MAR	APR	MAY	JUN	JUL	AUG	SEP	OCT	NOV	DEC
	ALL	91104	7072	6580	7178	6963	7884	8603	8797	9462	7445	7286	6972	6862
	1989	40	0	0	0	0	0	0	0	0	0	0	0	40
	1990	577	46	53	55	73	63	47	68	48	38	29	29	28
	1991	2282	33	27	29	41	45	19	66	342	506	451	372	351
	1992	5946	306	342	330	246	303	453	508	725	698	688	674	673
	1993	7969	699	632	689	707	497	713	725	687	684	682	619	635
	1994	8025	676	605	702	648	593	662	729	735	701	734	684	556
	1995	7128	671	651	679	427	0	533	716	656	692	732	661	710
	1996	7844	664	651	724	708	679	700	427	640	690	637	619	705
	1997	8096	706	667	659	718	721	700	612	734	696	661	606	616
	1998	8046	631	609	678	607	684	700	724	725	682	679	676	651
	1999	8355	560	589	726	709	799	741	751	752	677	658	659	734
	2000	8211	702	679	692	708	727	716	718	556	711	657	686	659
	2001	7572	705	455	536	653	722	641	666	679	646	678	687	504
	2002	11013	673	620	679	718	2051	1978	2087	2183	24	0	0	0
NUMBER OF SPEED OBSERVATIONS BY HOUR                                            														
	Hour	ALL	JAN	FEB	MAR	APR	MAY	JUN	JUL	AUG	SEP	OCT	NOV	DEC
	0	3804	300	249	271	284	337	373	386	417	318	294	285	290
	1	3772	283	282	316	283	331	364	358	384	309	305	288	269
	2	3807	295	276	299	292	329	362	367	393	318	301	296	279
	3	3583	283	247	256	256	300	350	358	382	291	298	289	273
	4	3728	283	290	309	281	317	358	340	391	304	298	274	283
	5	3636	290	267	290	279	310	331	339	375	282	303	288	282
	6	3710	279	246	268	268	341	365	368	404	318	304	271	278
	7	3758	282	285	316	304	330	365	351	380	303	284	279	279
	8	3921	296	273	290	332	343	365	398	405	321	316	285	297
	9	3801	305	279	293	284	327	352	364	387	313	313	289	295
	10	3865	302	287	332	292	316	363	371	385	312	314	295	296
	11	3776	289	274	300	295	324	354	356	387	301	314	293	289
	12	3942	286	256	287	307	359	385	406	425	338	311	289	293
	13	3944	307	307	355	297	319	360	378	393	300	309	306	313
	14	3853	297	287	305	302	336	358	354	392	323	303	295	301
	15	3769	287	255	272	286	334	377	378	403	309	305	290	273
	16	3981	309	301	347	306	345	368	394	399	315	304	293	300
	17	3810	303	294	298	294	316	347	348	392	312	310	306	290
	18	3788	294	251	280	279	340	367	386	404	327	296	286	278
	19	3846	302	285	319	298	340	359	359	407	308	296	290	283
	20	3838	307	277	296	290	333	362	365	407	320	304	305	272
	21	3700	293	248	268	275	327	342	365	387	309	300	297	289
	22	3775	306	293	313	301	320	335	354	381	306	298	286	282
	23	3697	294	271	298	278	310	341	354	382	288	306	297	278

SPEED BY HOUR                                                                   														
	Hour	ALL	JAN	FEB	MAR	APR	MAY	JUN	JUL	AUG	SEP	OCT	NOV	DEC
	0	4.55	5.39	5.49	5.41	4.78	3.97	3.44	3.75	3.89	4.45	4.15	5.38	5.69
	1	4.56	5.28	5.44	5.31	4.64	3.95	3.32	3.59	4.18	4.49	4.17	5.32	5.9
	2	4.59	5.29	5.36	5.4	4.82	4.03	3.47	3.43	4	4.6	4.21	5.41	5.97
	3	4.57	5.4	5.61	5.31	4.76	4.11	3.29	3.28	4.11	4.43	4.27	5.45	5.88
	4	4.61	5.32	5.63	5.29	4.9	3.96	3.47	3.43	4.06	4.69	4.21	5.35	5.77
	5	4.67	5.31	5.72	5.61	4.9	4.03	3.46	3.46	4.12	4.52	4.32	5.41	5.85
	6	4.56	5.43	5.81	5.53	4.8	4.07	3.43	3.57	3.98	4.22	4.21	5.17	5.81
	7	4.69	5.46	5.54	5.65	5	4.1	3.7	3.58	4.12	4.46	4.21	5.44	5.73
	8	4.63	5.13	5.49	5.44	4.89	4.39	3.84	3.68	4.32	4.38	4.06	5.24	5.48
	9	4.78	5.04	5.33	5.52	5.14	4.71	4.04	3.93	4.47	4.71	4.33	5.2	5.49
	10	4.92	5.04	5.51	5.44	5.2	4.98	4.36	4	4.67	4.94	4.48	5.3	5.56
	11	5.1	4.97	5.28	5.41	5.55	5.11	4.73	4.36	4.87	5.23	4.89	5.46	5.71
	12	5.34	5.21	5.66	5.54	5.41	5.6	5	4.87	5.3	5.49	5.02	5.55	5.71
	13	5.57	5.29	5.49	5.58	5.81	5.85	5.56	5.31	5.72	5.95	5.31	5.51	5.49
	14	5.71	5.25	5.52	5.7	5.78	5.94	5.82	5.71	6.01	6.06	5.34	5.6	5.54
	15	5.83	5.38	5.34	5.84	5.89	6.14	6.04	5.84	6.07	6.34	5.56	5.7	5.5
	16	5.77	5.4	5.23	5.45	5.73	6.09	5.95	6	6.38	6.45	5.4	5.43	5.39
	17	5.74	5.54	5.05	5.54	5.59	6.01	5.95	5.91	6.24	6.37	5.32	5.5	5.59
	18	5.59	5.48	5.05	5.38	5.61	5.87	5.71	5.67	5.96	6.08	4.87	5.37	5.65
	19	5.34	5.3	5.27	5.33	5.19	5.62	5.27	5.44	5.61	5.5	4.71	5.23	5.52
	20	5.12	5.41	5.18	5.29	4.91	5.21	4.87	5.24	5.1	5.24	4.37	5.19	5.51
	21	4.86	5.28	5.31	5.32	4.89	4.52	4.27	4.6	4.45	4.96	4.23	5.29	5.63
	22	4.75	5.35	5.3	5.37	4.88	4.25	3.86	4.12	4.26	4.71	4.26	5.41	5.67
	23	4.65	5.18	5.41	5.35	4.74	4	3.6	3.77	4.19	4.72	4.31	5.36	5.76

POWER BY HOUR                                                                   														
	Hour	ALL	JAN	FEB	MAR	APR	MAY	JUN	JUL	AUG	SEP	OCT	NOV	DEC
	0	155	204	267	232	144	93	67	82	106	142	101	248	282
	1	162	219	268	223	144	91	74	76	132	145	121	235	293
	2	166	231	284	229	163	95	67	69	117	153	118	235	323
	3	168	212	310	220	153	101	63	59	132	146	132	269	317
	4	165	237	287	216	175	84	65	66	121	167	125	226	276
	5	172	234	292	251	180	87	65	65	137	146	121	255	291
	6	163	216	333	258	181	93	65	68	128	138	119	216	270
	7	172	247	272	280	190	102	70	70	132	142	119	243	265
	8	164	212	278	259	178	119	88	71	132	131	124	218	238
	9	168	191	227	238	189	143	104	88	138	161	136	208	239
	10	185	196	299	258	196	164	115	84	160	173	149	223	250
	11	191	203	246	235	228	165	135	99	153	198	176	243	262
	12	208	232	281	255	212	184	138	118	192	226	189	253	301
	13	224	224	284	264	260	194	165	144	208	251	217	252	259
	14	231	233	287	269	239	213	180	166	225	259	223	253	256
	15	234	257	263	265	241	234	189	177	211	276	222	260	261
	16	228	261	248	228	233	220	196	189	236	281	199	234	225
	17	228	259	219	236	215	224	193	179	230	274	192	264	268
	18	217	257	227	225	228	200	176	165	203	248	165	247	294																									
	19	197	209	244	213	183	188	151	153	192	199	151	235	269																									
	20	184	218	236	219	152	152	132	143	166	204	130	227	261																									
	21	169	202	251	227	166	116	103	109	127	167	115	241	271																									
	22	167	213	262	232	152	105	77	82	125	178	118	238	275																									
	23	159	200	269	224	140	94	80	69	102	157	128	239	279																									

SPEED BY DIRECTION                                                              																																							
	Month	calm	0	10	20	30	40	50	60	70	80	90	100	110	120	130	140	150	160	170	180	190	200	210	220	230	240	250	260	270	280	290	300	310	320	330	340	350	360
	ALL	0	3.79	3.77	4.04	4.66	4.74	4.92	5.94	5.46	6.13	6.58	7.36	8.34	8.39	7.9	7.3	6.65	6.23	5.73	5.67	5.45	5.3	5.25	5.38	5.25	5.02	4.37	4.19	4.03	4.73	4.81	4.73	5.08	5.96	6.12	5.02	3.8	3.79
	1	0	4	3.9	4.3	5.4	5.4	5.8	7.4	6.7	6.3	7.1	8	8.8	8.7	9.1	8.8	7.7	7.7	6.6	6.7	5.5	4.5	4.1	4.4	5	4.4	4.2	4	3.5	4.9	4.7	4.7	5.5	7	7	5.1	3.7	4
	2	0	3.6	3.9	4.1	4.5	4.9	5.2	5.9	5.7	6.6	7.5	8.6	9.4	10.4	9.4	9	7.3	5.2	5.6	5.3	5.8	5.1	4.4	4.9	4	5.6	5.8	5.6	4.1	5.1	5.3	4.9	5.3	5.9	6.5	5.2	3.5	3.6
	3	0	4.1	4	4.1	5.2	5.2	5.5	6.9	5.7	6.7	7.1	7.8	9.2	9.4	9.5	6.6	5.6	5.2	4.2	4.7	4.5	3.4	3.7	3.8	4.4	4.7	4.3	5.1	4.4	5.2	5.2	5	5.4	7.2	7.3	5.8	4.2	4.1
	4	0	4.3	4	4	4.4	4.8	4.9	5.9	5.9	6.4	6.1	6.7	8.3	9	8.8	7.8	6.2	6.5	6.2	6.3	5.6	4.6	4.4	5	5.9	4.8	5.3	5.2	4	5.3	5.3	5	5	6.2	5.9	5.1	4.1	4.3
	5	0	3.8	3.7	3.6	4	4.4	4.3	4.7	4.8	4.5	5	5.6	6.6	7.6	7.1	6.5	6.3	5.8	5.4	5.6	5.4	5.2	5.1	5.4	5.2	5.6	5.1	4.4	4.2	4.6	4.8	4.7	5.2	5.6	5.6	4.6	3.9	3.8
	6	0	3.2	3.3	3.3	3.5	4	4.4	4.8	4.5	5.4	5.1	6	7	6.6	6.1	6.2	6	5.3	4.8	4.4	4.5	4.5	4.9	5.1	4.9	4.2	3.6	3.4	3.7	4.8	4.9	4.8	5.4	5.6	5.1	4.1	3.2	3.2
	7	0	2.6	2.9	3	3.1	3.3	3.1	4.2	4.2	5.2	4.9	5.1	6.1	5.9	6.3	6.4	6.1	5.4	5.3	5.2	4.5	4.7	5.1	5.6	4.9	4.1	3.5	3.4	3.7	4.7	4.8	4.7	4.4	4.7	4.5	4.2	3.3	2.6
	8	0	3	3	3.2	3.3	3.6	3.3	3.4	3.8	5	5.8	6.4	8.7	7.4	6.9	6.9	6.6	6.4	6.3	6	6	6.2	5.6	5.4	5.4	4.6	4.4	4.1	4.3	4.9	4.8	4.5	5	5.6	5.3	4.2	3.1	3
	9	0	3.3	3.4	3.7	4.2	4.3	4	6	5.6	6.6	7	7.3	7.3	7.2	6.9	8.1	8.2	6.9	6.1	6.7	7.2	6.7	6.7	6.2	5.7	5.8	4.6	4.3	4.4	4.6	4.5	4.7	4.8	5.6	5.7	4.7	3.6	3.3
	10	0	3.9	3.7	4	4.5	4.6	4.4	5.9	5.2	6.3	6.5	6.9	7.1	7.7	8.7	8.3	6.6	6.2	5.8	6.5	6.2	6.5	6.3	4.8	5.1	5.1	3.9	3.7	3.4	3.6	3.8	3.9	4.5	5.4	6	5.2	4.1	3.9
	11	0	3.8	3.9	4.4	5.1	5	5.4	6.2	5.9	6.8	7.8	8.2	10.2	9.4	9.3	7	7.8	9.6	8.4	7.8	8.8	7.1	7	6.5	6.4	6.4	6.1	6.1	4.3	4.7	5	5.7	5.4	5.9	6.5	5.3	3.8	3.8
	12	0	4.2	4.3	4.7	5.6	5.5	6	7.2	6.9	7.6	8.6	10.4	11.2	12.1	9.7	8.5	7.7	7	6.5	6.6	5.8	6.3	5.7	4.9	5.3	6.4	4.3	3.1	4.1	4.8	5.1	5.2	5.9	6.9	7.1	5.6	4.2	4.2
FREQUENCY BY DIRECTION                                                          																																							
	Month	calm	0	10	20	30	40	50	60	70	80	90	100	110	120	130	140	150	160	170	180	190	200	210	220	230	240	250	260	270	280	290	300	310	320	330	340	350	360
	ALL	4.64	5.1	8.06	7.6	5.01	2.84	1.73	2.2	1.92	2.29	2.42	2.63	2.49	2.09	2.02	1.84	1.74	1.91	1.81	1.86	2.23	2.43	2.82	2.81	1.87	1.47	1.27	1.1	1.25	1.74	2.15	2.36	2.55	3.69	4.77	4.11	3.83	5.1
	1	4.6	7.3	12	12.3	7.7	4	2.7	2.7	1.7	2.1	2.4	2.7	2.3	1.8	1.9	2	2	1.8	1	0.9	0.7	0.6	0.6	0.6	0.6	0.3	0.4	0.4	0.6	1	1.4	2.1	2.2	3.7	4.6	4.3	4.6	7.3
	2	5.5	6.6	10.7	10.5	6.7	3.4	2.5	3.2	2.6	2.9	3.6	5.4	4.4	3.7	3.2	2.2	1.5	1.3	0.8	0.6	0.6	0.9	0.6	0.7	0.7	0.7	0.6	0.5	0.4	0.9	1.2	1.4	1.6	2.5	3.5	3.4	4.2	6.6
	3	4.7	7.1	9.1	7.9	5.3	4.5	3	3.6	2.7	3.3	3.1	3.5	3	3.2	2.6	2	1.5	1	0.7	0.4	0.6	0.5	0.6	0.4	0.5	0.5	0.7	0.7	0.7	0.9	1.4	1.9	2.6	3.6	5.7	5.5	5.3	7.1
	4	3.4	6.3	8.2	7	4.3	3.1	2.1	3.2	3.6	3.2	2.6	2.2	2.5	1.9	1.7	1.7	1.2	1.3	1.1	1.2	1.7	1.4	1.8	1.7	1.2	1	0.6	0.6	1	1.5	1.9	2.6	2.9	4.3	6.4	6.3	4.7	6.3
	5	4	3.5	5.6	5.2	3.1	1.8	0.9	1.7	1.8	1.7	1.9	2.2	2.4	2.5	2.7	2.4	2.2	2.8	2.4	3	3.7	3.9	4.8	5.2	2	1.6	1.5	1	1.2	1.8	2.3	2.5	3	3.7	4.8	3.9	3.4	3.5
	6	5.8	3.4	4.7	4.2	3.2	1.8	1.7	2	2.4	2.4	2.2	2.5	3	2.4	2.5	2.3	2.1	2.4	3	3.1	4.3	5.8	7.3	5.9	3.1	1.4	1.3	1.2	1.2	1.6	1.9	1.8	1.8	2.7	2.5	2.6	2.4	3.4
	7	5.5	2	3	3.1	2.1	1.6	0.9	1.4	1.3	2.6	2.4	2.3	2.3	2.1	2.6	2.5	3.1	3	3.8	4.5	4.7	5.1	5.6	7	3.4	2.4	2.1	1.5	2.2	2.7	3.5	2.8	2.1	2.5	2.4	1.8	1.6	2
	8	5.1	2.6	4	3.7	2.7	1.9	0.8	0.8	0.9	1.5	1.6	1.8	2.2	1.6	1.9	2.2	2.6	3.2	3.4	3	3.7	3.9	4.3	4.4	3.4	2.8	2.4	2.1	2.4	3.8	4.2	3.7	3.3	4.1	4.2	2.7	2.3	2.6
	9	4.3	4.1	6.1	5.6	4.2	2.5	1.4	2	1.8	2.1	2.8	2.7	2.3	1.7	1.3	1.8	1.6	2.3	2	2.3	2.6	2.9	3	2.2	2.6	2.9	2.4	2.1	1.8	2.3	2.6	3	3.3	4.2	4.8	3.5	3	4.1
	10	4.9	7	11.3	10.4	6.2	3	1.6	1.6	1.3	1.8	1.9	1.5	1	1.1	1.1	0.8	0.9	0.8	0.9	0.9	1.1	0.7	1	0.8	1.4	1.6	1.3	1.3	1.3	1.7	1.8	2.4	3.4	5.4	8.1	6.4	5.3	7
	11	4.1	6.7	12.5	11.8	7.8	3.6	1.8	2.3	1.4	2.3	2.4	3	3.1	1.7	1.1	0.7	0.7	1.1	0.7	0.6	0.7	0.8	0.8	1.2	1.3	1	0.7	0.9	0.9	0.8	1.2	1.7	2.1	3.9	5.9	5.2	5.4	6.7
	12	3.2	7	13.3	13.3	9.2	3.8	1.9	2.6	2	1.9	2.6	2.5	1.8	1.5	1.4	1.1	0.8	0.8	0.5	0.4	0.6	0.5	0.9	1	0.9	0.6	0.5	0.4	0.6	1	1.3	1.9	2.1	3.9	5.3	5	5.1	7
FREQUENCY OF SPEED                                                              																																							
	Month	0	1	2	3	4	5	6	7	8	9	10	11	12	13	14	15	16	17	18	19	20	21	22	23	24	25												
	ALL	4.6	4.7	13.7	17	15.7	12.4	9.7	7	4.9	3.5	2.3	1.5	1.1	0.7	0.4	0.3	0.2	0.1	0.1	0.1	0	0	0	0	0	0												
	1	4.6	4.4	12.5	17.4	14.8	11.1	9	7	5.4	4.7	3.1	2.2	1.8	1.1	0.4	0.2	0.1	0.1	0.1	0.1	0.1	0	0	0	0	0												
	2	5.5	4.4	13	16.3	14	10.8	8.6	7.3	5.2	3.8	3.1	2.3	1.6	1.1	1	0.6	0.4	0.2	0.2	0.2	0.1	0.1	0	0	0	0												
	3	4.7	3.7	11.2	15.4	16	12.3	9	7.7	5.5	4.5	3.5	2	1.7	1	0.7	0.3	0.2	0.2	0.3	0.1	0	0	0	0	0	0												
	4	3.4	3.6	11.9	18	18.3	13	8.4	6.8	5.6	3.9	2.7	1.9	1	0.7	0.4	0.2	0.2	0.1	0	0.1	0	0	0	0	0	0												
	5	4	4.6	13.6	16.7	16	14.2	11.2	7.9	5.1	3	1.9	0.7	0.4	0.4	0.2	0.1	0.1	0.1	0	0	0	0	0	0	0	0												
	6	5.8	6.2	16.6	17.5	15.1	12.6	10	6.2	4.4	2.8	1.3	0.7	0.3	0.2	0.1	0.1	0	0	0	0	0	0	0	0	0	0												
	7	5.5	6.3	15.8	16.6	16.1	12.9	11	7.7	3.9	1.9	1.2	0.8	0.2	0.1	0	0	0	0	0	0	0	0	0	0	0	0												
	8	5.1	5.3	14.2	16.3	15.9	12.9	10.9	6.8	4	2.9	2	1.2	0.9	0.5	0.4	0.3	0.1	0.1	0.1	0.1	0	0	0	0	0	0												
	9	4.3	4.8	14.4	16.4	15.2	11.6	9.2	6.6	5.3	4.1	2.8	2.1	1.3	0.9	0.6	0.3	0.2	0	0	0	0	0	0	0	0	0
	10	4.9	5.3	16.4	20.5	16.7	10.8	8	5.8	3.7	2.8	1.9	1.2	0.8	0.4	0.2	0.2	0.1	0.1	0.1	0.1	0	0	0	0	0	0
	11	4.1	4.2	12.9	16.5	14.9	12.6	9	6.7	5.3	3.8	2.6	2	1.6	1.2	1	0.6	0.3	0.2	0.2	0.1	0	0	0	0	0	0
	12	3.2	2.9	10	16.5	15.8	13.5	10.5	7.8	5.9	4	2.6	2.1	1.6	1	0.5	0.4	0.4	0.5	0.3	0.2	0.1	0	0	0	0	0
PERCENT OF POWER BY SPEED                                                       																											
	Month	0	1	2	3	4	5	6	7	8	9	10	11	12	13	14	15	16	17	18	19	20	21	22	23	24	25
	ALL	0	0.1	0.6	2.2	4.4	6.6	8.6	9.8	9.9	10.1	9.2	8	7.1	5.9	4.5	3.4	2.4	2	1.8	1.4	0.9	0.6	0.3	0.2	0.1	0
	1	0	0	0.5	2	3.6	5	6.9	8.3	9.4	11.7	10.6	9.8	10.1	7.8	3.3	2.5	1.1	1	1.7	1.6	1.3	0.8	0.9	0	0	0
	2	0	0	0.4	1.5	2.9	4.1	5.5	7.3	7.4	8	8.7	8.6	7.6	6.8	7.3	5.5	4.1	2.7	2.4	2.6	2.4	3	1.2	0	0	0
	3	0	0	0.4	1.6	3.6	5.2	6.4	8.6	9	10.6	10.8	8.2	9	7	5.8	3.3	2.6	2.1	4	1	0.6	0	0	0	0	0
	4	0	0	0.6	2.3	5	6.8	7.4	9.5	11.3	11.2	10.7	9.8	6.5	5.6	4.1	2.5	2.6	1.2	0.3	1.3	0.8	0.5	0	0	0	0
	5	0	0.1	0.8	2.8	5.7	9.7	12.9	14.2	13.3	11.2	9.6	4.5	3.7	4	2.4	1.9	1.2	1.7	0.3	0	0	0	0	0	0	0
	6	0	0.1	1.2	3.6	6.7	10.6	14.1	13.6	14.2	12.8	7.9	5.5	3.2	2.5	1.3	1.9	0.5	0.3	0	0	0	0	0	0	0	0
	7	0	0.1	1.2	3.6	7.6	11.5	16.5	17.8	13.2	9.4	7.8	6.4	1.9	2.1	0.6	0.5	0	0	0	0	0	0	0	0	0	0
	8	0	0.1	0.7	2.4	5.1	7.9	11	10.9	9.2	9.7	8.9	6.8	6.9	5	4.4	4.3	1.7	2.1	1.4	1.4	0	0	0	0	0	0
	9	0	0.1	0.6	2	4.1	5.8	7.8	8.8	10.4	11.4	10.5	10.3	8.5	7.5	5.5	3.1	2.7	0.4	0.5	0	0	0	0	0	0	0
	10	0	0.1	0.9	3.4	5.9	7.1	8.9	10.2	9.4	10.1	9.4	8	6.5	4	2.3	2.3	1.7	1.5	1.7	2	0.9	1.1	0.7	2.1	0	0
	11	0	0	0.5	1.7	3.3	5.3	6.3	7.4	8.5	8.8	8	8.2	8.6	8.1	8.3	6.5	3.5	2.3	2.5	1	0.6	0.3	0	0	0	0
	12	0	0	0.3	1.6	3.2	5.1	6.6	7.6	8.5	8.1	7.1	7.6	7.5	5.9	3.9	3.7	4	5.6	4.2	3.8	2.5	1	0.8	0.8	0.5	0
PREVAILING DIRECTION BY HOUR                                                    																											
	Month	0	1	2	3	4	5	6	7	8	9	10	11	12	13	14	15	16	17	18	19	20	21	22	23		
	ALL	20	10	10	10	10	10	10	20	10	20	20	10	10	220	220	220	220	210	220	20	20	10	10	20		
	1	10	10	10	20	20	10	10	20	10	10	10	10	10	20	20	10	20	10	10	20	20	10	20	20		
	2	10	10	20	20	10	20	20	10	10	10	20	20	10	10	10	10	360	20	10	20	10	10	10	10		
	3	20	10	10	20	10	20	20	10	10	10	10	10	10	360	330	330	330	340	340	330	360	20	20	10		
	4	10	10	10	10	10	20	10	10	10	10	10	340	340	70	330	70	330	330	340	330	10	10	10	10		
	5	10	10	10	10	10	10	10	20	20	10	110	210	220	220	220	220	220	220	220	220	200	340	330	330		
	6	340	360	10	10	360	10	10	20	10	20	200	190	210	200	220	210	210	210	210	210	210	210	220	250		
	7	250	10	10	10	10	10	10	20	20	30	160	190	190	220	220	220	220	220	220	220	220	220	290	290		
	8	330	10	10	10	360	10	10	10	20	20	20	330	190	210	200	210	220	220	210	220	200	290	320	330		
	9	10	10	10	10	10	10	20	360	10	20	20	20	190	200	200	190	220	330	330	290	330	330	20	20		
	10	10	20	10	10	10	10	10	10	10	10	20	20	20	20	330	330	330	330	330	330	330	10	10	10		
	11	20	10	10	10	10	10	10	10	10	10	10	20	20	20	20	10	10	20	10	10	10	20	10	20
	12	20	20	10	10	20	10	20	20	10	20	10	10	10	10	10	10	10	10	20	20	20	10	20	10
SPEED FOR PREVAILING DIRECTION BY HOUR                                          																									
	Month	0	1	2	3	4	5	6	7	8	9	10	11	12	13	14	15	16	17	18	19	20	21	22	23
	ALL	3.88	3.51	3.57	3.61	3.7	3.67	3.69	3.9	3.78	4.08	4.1	3.91	3.83	5.3	5.76	5.68	6	5.35	5.78	4.18	4.21	3.78	3.7	4.05
	1	4.11	3.69	4	4.43	4.22	3.97	4.19	4.17	3.93	3.96	3.87	3.81	3.37	4.07	4.32	3.22	4.05	4.1	3.75	4.26	4.31	4.53	4.15	4.05
	2	4.2	3.74	3.96	4.37	4.03	4.01	4.19	3.85	3.77	4.19	4.24	3.92	3.85	3.61	3.51	4	3.26	4.23	3.76	4.31	3.93	4	3.66	3.91
	3	3.75	3.5	3.83	3.75	3.94	4.57	4.04	4.35	4.51	4.51	4.04	3.93	4.55	4.25	7.08	7.77	7.9	7.22	5.61	6.88	4.47	3.97	4.19	3.83
	4	3.67	4.12	3.62	3.97	4.31	3.98	3.83	3.95	4.01	4	3.7	5.35	5.72	6.21	6.79	6.15	5.99	6.13	5.86	6.28	3.97	3.85	3.71	4.05
	5	3.73	3.79	3.42	3.82	3.51	3.45	3.39	3.46	3.76	3.58	7.15	4.55	4.95	5.32	5.57	5.95	6.21	6.06	5.33	4.8	4.26	4.14	4.61	4.86
	6	3.22	2.66	3	3.09	3.37	3.31	3.22	3.57	3.67	3.62	3.21	3.66	4.25	4.62	5.91	5.89	5.63	5.58	4.41	5.06	4.8	4.44	4.2	2.97
	7	3.28	2.61	2.69	2.88	2.69	2.45	2.94	2.87	3.37	3.21	3.57	3.14	3.42	5.52	6.21	6.46	6.43	6.53	6.37	5.53	5.08	5.06	4.3	3.81
	8	3.82	2.71	2.64	2.96	2.83	2.9	3.16	2.82	3.4	3.34	3.6	5.89	4.22	4.91	5.32	5.12	6.28	5.89	5.73	4.63	5.64	3.86	4.68	3.96
	9	3.18	2.83	3.56	3.25	3.58	3.53	3.85	3.19	3.27	3.74	4.09	3.91	6.94	5.08	5.69	6.29	6.12	7.65	7.45	4.46	5	4.46	3.33	3.79
	10	3.87	3.86	3.55	3.6	3.41	3.46	3.79	3.7	3.4	3.97	4.22	3.92	4.19	4.23	7.46	6.7	6.46	6.83	5.87	6.03	5.24	3.3	3.24	3.38
	11	4.37	3.42	3.95	3.9	4.11	4.04	4.1	4.31	3.81	4.12	3.97	4.58	4.27	4.63	4.51	4.08	3.61	4.52	3.72	3.85	3.55	4.42	3.79	4.22
	12	4.67	5.1	4.38	4.29	4.61	4.1	4.73	4.91	4.41	4.93	4.34	4.44	4.03	4.41	4.48	3.88	4.04	4.16	4.48	4.6	4.64	3.89	5.16	4.15
