UMIAT               AK - 701620                                                 														
 69 deg    22' N  152 deg    08' W - Elev   85m   LST=GMT+99 hours   *NT=-10    														
 10/75-03/81 01/87-08/02                                                        								Adjusted to Alaska Time Zone (GMT-9)						
SPEED BY YEAR                                                                   														
	Year	ALL	JAN	FEB	MAR	APR	MAY	JUN	JUL	AUG	SEP	OCT	NOV	DEC
	ALL	2.99	2.54	2.83	2.81	2.93	3.69	3.83	3.62	3.38	3.22	2.44	2.21	2.33
	1975	1.88	-1	-1	-1	-1	-1	-1	-1	-1	-1	2.32	1.77	1.77
	1976	3.22	1.94	3.81	3.64	2.34	4.6	4.69	3.32	3.89	3.24	2.7	5.1	-1
	1977	3.2	3.34	3.8	2.92	2.61	3.37	2.74	3.92	2.83	3.43	4.25	2.12	2.27
	1978	2.6	2.13	1.54	1.43	1.63	3.05	3.74	-1	3.27	3.33	4.27	1.84	2.61
	1979	2.97	1.67	2.61	2.34	2.79	7.65	4.1	0.75	-1	1.11	2.5	2.87	3.74
	1980	3.58	5.15	3.17	2.69	3.6	2.75	5.88	5.1	3.55	2.37	1.67	-1	3.8
	1981	2.53	2.4	3.6	2	-1	-1	-1	-1	-1	-1	-1	-1	-1
	1987	3.23	2.75	2.44	2.62	2.79	3.83	4.21	4.2	3.5	3.91	2.13	3.95	2.26
	1988	2.98	1.69	2.71	2.91	3.27	4.73	4.12	3.58	3.51	2.88	2.45	1.66	1.89
	1989	3.11	2.53	3.46	3.19	3.16	3.03	3.89	3.74	2.84	2.69	3.27	2.43	2.97
	1990	3.27	2.32	3.17	2.97	3.69	3.47	4.31	3.89	3.64	3.94	2.41	2.54	2.81
	1991	2.81	3.86	3.37	2.8	2.38	2.79	3.94	3.44	3.57	2.94	1.82	1.83	1.16
	1992	2.83	2.07	2.1	1.7	3.38	3.91	3.77	3.11	2.9	3.44	2.64	2.35	2.76
	1993	3	3.43	2.44	2.49	2.41	3.97	3.03	3.6	3.57	3.8	3.09	2.26	1.97
	1994	3.27	1.95	3.58	3.2	3.23	4.16	3.6	3.57	3.39	4.44	2.14	3.24	2.77
	1995	3.32	2.78	3.32	3.42	2.73	4.09	4.12	3.76	3.27	3.17	3.41	2.41	3.25
	1996	3.5	2.62	3.88	2.98	3.1	3.41	4.41	3.95	4.2	3.64	1.95	1.83	3.14
	1997	2.93	2.67	1.72	3.35	2.81	3.49	4	4.06	3.5	3.13	2.08	0.98	2.41
	1998	2.54	2.74	1.82	2.41	2.61	3.74	2.92	3.04	3.09	2.54	1.98	1.68	1.58
	1999	2.67	1.75	1.58	2.83	3.12	3.84	3.52	3.18	2.56	1.64	2.46	1.41	2.19
	2000	2.83	3.2	1.82	2.81	2.85	2.68	3.52	3.71	4.07	3.07	1.74	2.36	2.38
	2001	2.69	2.4	2.55	2.93	2.86	3.64	4	-1	-1	1.5	-1	4	2
	2002	2.3	-1	-1	-1	2	-1	-1	-1	2.6	-1	-1	-1	-1
POWER BY YEAR                                                                   														
	Year	ALL	JAN	FEB	MAR	APR	MAY	JUN	JUL	AUG	SEP	OCT	NOV	DEC
	ALL	52	45	61	44	52	68	68	57	52	55	45	39	39
	1975	60	-1	-1	-1	-1	-1	-1	-1	-1	-1	97	75	31
	1976	70	41	101	98	30	103	92	45	52	39	46	87	-1
	1977	45	32	44	48	35	47	24	55	18	48	75	7	18
	1978	39	34	20	8	11	77	49	-1	39	38	132	20	31
	1979	50	14	19	18	33	158	43	1	-1	15	55	26	209
	1980	65	141	50	21	32	13	171	82	42	20	7	-1	83
	1981	24	27	35	6	-1	-1	-1	-1	-1	-1	-1	-1	-1
	1987	67	46	57	36	41	79	82	99	55	88	46	128	47
	1988	47	12	34	41	71	111	69	56	54	39	42	13	16
	1989	61	26	190	78	51	43	88	56	31	44	68	27	65
	1990	61	18	46	49	77	69	93	78	71	93	47	36	57
	1991	50	128	73	38	27	31	74	58	68	41	26	17	17
	1992	43	17	19	14	93	76	61	37	40	55	41	32	36
	1993	57	66	34	23	43	138	63	53	55	89	66	39	22
	1994	62	24	96	60	57	75	55	65	58	110	25	78	38
	1995	63	87	84	83	33	70	72	50	36	50	62	34	83
	1996	67	35	108	47	61	49	92	72	89	62	24	16	9
	1997	42	37	12	45	63	51	73	58	46	33	25	5	33
	1998	31	35	20	24	39	64	28	31	37	25	29	22	13
	1999	38	24	9	49	48	63	47	33	25	16	66	25	28
	2000	42	68	16	25	42	33	52	57	68	40	16	37	48
	2001	41	42	46	36	40	55	38	-1	-1	3	-1	57	5
	2002	8	-1	-1	-1	5	-1	-1	-1	11	-1	-1	-1	-1
NUMBER OF SPEED OBSERVATIONS BY YEAR                                            														
	Year	ALL	JAN	FEB	MAR	APR	MAY	JUN	JUL	AUG	SEP	OCT	NOV	DEC
	ALL	64241	5343	4976	5570	5701	5701	5353	5433	5248	5065	5391	5078	5382
	1975	787	0	0	0	0	0	0	0	0	0	157	287	343
	1976	1242	336	229	190	116	138	77	31	48	31	45	1	0
	1977	582	7	2	148	31	136	36	68	10	59	37	4	44
	1978	589	85	60	13	57	2	54	0	74	22	54	58	110
	1979	342	14	88	32	128	21	1	2	0	10	14	3	29
	1980	57	10	16	12	1	2	4	2	2	3	3	0	2
	1981	6	4	1	1	0	0	0	0	0	0	0	0	0
	1987	4482	322	311	372	358	391	387	390	391	371	428	367	394
	1988	4738	412	362	410	407	414	405	409	409	412	413	396	289
	1989	4246	285	262	286	276	416	395	418	412	368	395	338	395
	1990	4749	399	365	384	413	410	407	394	374	401	424	380	398
	1991	5030	427	388	419	416	428	412	436	410	408	426	416	444
	1992	4919	433	415	452	428	444	410	362	355	321	366	339	594
	1993	4301	442	361	391	362	331	263	369	357	349	372	340	364
	1994	4131	360	354	377	322	354	311	363	343	347	376	338	286
	1995	4115	318	334	362	340	347	348	364	262	329	360	359	392
	1996	3103	338	376	403	345	360	328	317	336	180	47	46	27
	1997	3387	22	54	65	312	346	352	390	373	412	412	382	267
	1998	4403	185	232	398	405	416	406	400	394	397	412	395	363
	1999	3827	286	153	305	337	410	411	422	415	307	292	219	270
	2000	3770	301	234	199	325	318	345	296	282	336	358	407	369
	2001	1433	357	379	351	321	17	1	0	0	2	0	3	2
	2002	2	0	0	0	1	0	0	0	1	0	0	0	0
NUMBER OF SPEED OBSERVATIONS BY HOUR                                            														
	Hour	ALL	JAN	FEB	MAR	APR	MAY	JUN	JUL	AUG	SEP	OCT	NOV	DEC
	0	57	9	10	6	4	0	2	0	0	0	2	0	24
	1	52	9	4	2	7	0	0	0	0	0	0	0	30
	2	52	10	3	1	5	1	0	0	1	1	0	0	30
	3	55	7	4	0	7	0	0	0	3	1	1	0	32
	4	99	6	4	0	8	3	1	1	13	19	14	0	30
	5	695	11	6	2	75	85	55	114	120	112	87	0	28
	6	2518	76	72	97	294	317	303	297	299	304	284	82	93
	7	3798	283	272	296	347	334	339	367	346	323	338	282	271
	8	4032	317	294	359	369	368	347	340	347	343	337	292	319
	9	4241	354	326	395	364	371	343	353	355	335	368	339	338
	10	4256	348	334	377	389	389	354	366	338	328	351	333	349
	11	4250	356	360	401	356	384	344	340	334	331	352	348	344
	12	4128	338	317	344	356	366	359	380	348	317	356	333	314
	13	4080	322	314	354	352	388	348	342	320	317	370	327	326
	14	4031	330	304	338	344	358	352	340	351	317	350	337	310
	15	4127	339	307	363	371	371	354	337	332	337	363	328	325
	16	4198	359	349	367	385	373	336	356	339	315	340	326	353
	17	4347	371	336	396	384	376	361	373	358	339	355	345	353
	18	4231	361	348	374	372	375	352	351	337	327	347	338	349
	19	4339	371	330	384	401	385	360	355	351	330	358	352	362
	20	3908	363	334	374	332	332	314	307	269	297	311	336	339
	21	1960	276	253	259	125	92	95	76	72	62	72	284	294
	22	581	92	60	62	40	29	31	28	14	7	25	79	114
	23	206	35	35	19	14	4	3	10	1	3	10	17	55

SPEED BY HOUR                                                                   														
	Hour	ALL	JAN	FEB	MAR	APR	MAY	JUN	JUL	AUG	SEP	OCT	NOV	DEC
	0	2.51	2.32	3.04	1.87	2.15	-1	3.35	-1	-1	-1	1.25	-1	2.62
	1	2.57	2.41	3.28	3.85	0.86	-1	-1	-1	-1	-1	-1	-1	2.85
	2	2.87	2.65	3.9	3.1	1.22	4.1	-1	-1	2.1	0	-1	-1	3.19
	3	2.62	3.47	3.3	-1	1.86	-1	-1	-1	0.67	2.1	7.7	-1	2.56
	4	2.9	4.08	3.03	-1	1.62	14.23	2.5	5.1	1.88	2.68	2.36	-1	2.62
	5	2.51	2.62	3.4	3.3	2.08	2.91	2.69	2.26	2.08	2.88	2.68	-1	2.68
	6	2.62	2.47	3.26	2.47	2.55	2.97	2.75	2.61	2.3	2.52	2.39	2.81	2.85
	7	2.59	2.57	2.9	2.63	2.53	3.24	2.93	2.54	2.36	2.5	2.27	2.25	2.34
	8	2.69	2.48	2.89	2.7	2.62	3.22	3.24	2.85	2.75	2.67	2.33	2.09	2.3
	9	2.8	2.51	2.74	2.66	2.99	3.47	3.2	3.19	3.09	2.75	2.27	2.29	2.36
	10	2.89	2.52	2.83	2.8	2.89	3.47	3.51	3.46	3.15	3.11	2.43	2.13	2.28
	11	2.96	2.6	2.84	2.98	3.04	3.55	3.55	3.52	3.47	3.15	2.48	2.11	2.28
	12	3.1	2.55	2.78	3.05	3.04	3.67	3.87	3.79	3.6	3.61	2.61	2.2	2.26
	13	3.19	2.6	2.74	3.05	3.13	3.81	4.09	3.91	3.77	3.64	2.63	2.23	2.57
	14	3.26	2.55	2.85	3.1	3.29	3.9	4.12	4.13	3.89	3.87	2.64	2.16	2.39
	15	3.24	2.46	2.94	3.02	3.2	4.05	4.25	4.04	3.95	3.73	2.7	2.2	2.25
	16	3.25	2.66	2.82	3	3.27	4.08	4.28	4.04	4.09	3.76	2.49	2.22	2.27
	17	3.27	2.68	2.83	2.9	3.22	4.12	4.51	4.13	4.01	3.59	2.52	2.3	2.29
	18	3.18	2.55	2.79	2.74	3.19	4.09	4.42	4.3	3.77	3.45	2.46	2.11	2.28
	19	3.1	2.53	2.82	2.61	2.9	3.92	4.43	4.06	3.7	3.29	2.25	2.31	2.37
	20	2.93	2.42	2.83	2.53	2.57	3.75	4.35	4.18	3.31	3.02	2.14	2.22	2.21
	21	2.61	2.58	2.73	2.47	2.34	3.55	3.83	3.75	2.91	2.45	2.17	2.24	2.2
	22	2.52	2.2	2.85	2.7	2.38	3.5	3.27	3.33	3.67	1.53	2.22	2.08	2.2
	23	2.43	2.03	3.08	2.55	2.37	4.1	3.27	3.16	2.6	0.7	2.15	1.86	2.26

POWER BY HOUR                                                                   														
	Hour	ALL	JAN	FEB	MAR	APR	MAY	JUN	JUL	AUG	SEP	OCT	NOV	DEC
	0	36	19	91	12	17	-1	27	-1	-1	-1	5	-1	31
	1	28	23	36	48	6	-1	-1	-1	-1	-1	-1	-1	32
	2	47	25	45	20	9	45	-1	-1	6	0	-1	-1	65
	3	27	44	27	-1	10	-1	-1	-1	2	6	290	-1	21
	4	31	79	32	-1	9	6	10	80	14	38	29	-1	33
	5	33	28	64	29	18	34	36	19	24	50	45	-1	38
	6	40	31	67	27	38	48	30	46	24	37	48	57	48
	7	39	50	48	33	33	55	54	27	24	34	41	35	33
	8	44	46	62	38	39	51	69	33	38	39	40	37	34
	9	46	47	51	37	68	69	41	39	37	41	41	37	48
	10	52	46	68	45	48	59	68	47	40	82	45	30	50
	11	51	55	63	49	72	59	54	52	50	45	46	35	34
	12	53	44	57	51	53	62	58	58	54	61	53	39	39
	13	59	45	48	50	55	83	95	63	55	66	42	44	56
	14	62	45	63	65	61	81	69	90	62	77	48	40	38
	15	60	43	78	47	55	91	74	66	69	70	56	34	36
	16	60	55	60	49	59	77	83	64	86	68	43	43	33
	17	63	51	67	46	74	92	88	73	79	62	43	42	33
	18	56	42	71	42	55	75	79	77	55	58	46	37	34
	19	55	43	64	41	41	68	81	65	68	51	37	43	63
	20	48	33	60	41	38	66	77	70	42	51	41	37	29
	21	42	47	45	33	33	55	56	51	36	27	33	52	31
	22	40	29	61	35	33	54	41	42	53	7	75	44	30
	23	42	21	54	22	23	131	33	30	11	2	262	30	24																									

SPEED BY DIRECTION                                                              																																							
	Month	calm	0	10	20	30	40	50	60	70	80	90	100	110	120	130	140	150	160	170	180	190	200	210	220	230	240	250	260	270	280	290	300	310	320	330	340	350	360
	ALL	0	3.63	3.7	3.85	4.12	4.21	4.25	4.32	4.44	4.28	3.94	3.64	3.39	3	2.79	2.9	3.11	2.94	3.94	4.02	4.27	4.16	3.58	3.36	3.54	3.79	3.76	3.58	3.7	3.55	3.61	3.67	3.67	3.75	3.67	3.67	3.55	3.63
	1	0	3.4	3.8	3.1	3.9	3.8	3.7	3.7	3.9	3.8	3.7	3.3	3.6	2.4	2.2	2	2.4	1.9	3.3	5.6	8	4.7	4	3.2	3.3	3.6	3.8	3.3	3.3	3.3	3.3	3.3	2.9	2.8	3.4	3	2.8	3.4
	2	0	3	3.2	3.5	3.9	3.1	3.5	3.6	4.3	3.3	3.1	3.3	3	2.6	2.3	2.3	2.3	2.7	3.8	4.3	5.4	4.3	3.2	3.3	3.5	3.8	4	3.7	4	3.5	4	3.2	3.5	3.8	3.1	3.1	2.7	3
	3	0	3.1	3.2	3.2	3.9	4	4.1	4	3.8	4	3.8	3.2	3.1	2.8	2.5	2.4	2.9	3.3	3.5	3.6	3.4	4.1	3	3.5	3.5	3.7	3.6	3.7	3.6	3.3	3.3	2.9	3.5	3.6	3.4	3.1	3.6	3.1
	4	0	3.2	3.4	3.5	3.9	3.8	3.8	4.4	4.5	4.3	3.9	3.7	3.4	2.7	3.2	2.8	2.9	2.3	4.8	3.9	5.5	3	2.5	2.8	3	3.3	3.7	3.6	4	3.8	3.5	3.9	3.6	3.6	3.1	3.2	3.2	3.2
	5	0	3.5	3.8	3.8	4.3	4.2	4.6	4.8	5.1	4.8	4.4	4.1	3.7	3.5	2.9	2.8	3.2	3.2	4.9	3.6	4	4.4	4.1	3.2	3.7	3.6	4	3.9	3.8	3.4	3.4	3.6	3.4	3.3	3.4	3.3	3.4	3.5
	6	0	4.2	4	4	4.3	4.2	4.2	4.2	4.4	4.7	4.4	4.1	3.8	3.1	2.9	3.3	3.9	3.2	3.6	3.5	3.4	4.3	3.8	3.4	3.6	4.2	4.5	4.2	4.7	4.9	4.4	4.7	4.4	4.4	4.3	4.3	3.7	4.2
	7	0	3.8	4	4	4.2	4.1	4.3	4.4	4.3	4.2	4	3.7	3.5	3	2.7	3.2	3	2.9	3.3	3.9	4.7	4.9	3.2	4.2	3.7	4.4	4.3	4.3	4.5	4.5	4.5	4.3	4.1	4.4	4.2	4.3	3.9	3.8
	8	0	3.2	3.5	3.6	3.9	3.8	3.8	4	3.9	3.8	3.6	3.5	3.2	3.1	3	2.9	3	3.4	4	4	4.1	5	4.1	3.3	3.8	4.4	4	4.2	4.2	4.6	4.4	4.3	4	3.7	3.7	4.1	3.6	3.2
	9	0	3.4	3.5	4	4	4.4	4.5	4.2	4.5	4.2	3.9	3.3	3.3	2.7	2.8	2.8	3	2.6	3.3	4	3.8	4	3.3	3.2	4.1	4.2	4.1	3.8	3.8	3.5	3.8	3.6	3.6	3.9	3.3	3.7	3.4	3.4
	10	0	4.2	4	4.7	4.5	4.9	4.6	4.8	4.9	4.2	3.9	3.3	3	3	2.8	3.4	3.8	3.1	3.8	2.5	2.3	3.9	3.7	3.3	3.4	3.5	3.5	3.6	3.4	3.1	3.2	3	3	4.2	3.9	4	4.5	4.2
	11	0	3.6	3.8	4.2	4.1	5	4.6	4.6	4.4	3.8	3.6	3.5	2.7	2.4	2.6	2.5	1.9	3	4.7	7.6	5.2	2.5	2.7	3.2	2.9	3.5	3.3	3	3.3	2.9	3.1	3	3.5	2.8	3.3	3.7	3.5	3.6
	12	0	3.1	3.5	3.8	4.5	4	4.2	4.1	4.3	4.1	3.4	3.2	2.7	2.5	2.8	2.4	2.3	1.8	5	2.5	3	2.8	3.9	3.2	3.5	3.6	3.4	3.2	3.2	3	2.8	3	2.9	2.6	2.6	2.4	3.5	3.1
FREQUENCY BY DIRECTION                                                          																																							
	Month	calm	0	10	20	30	40	50	60	70	80	90	100	110	120	130	140	150	160	170	180	190	200	210	220	230	240	250	260	270	280	290	300	310	320	330	340	350	360
	ALL	21.64	1.65	1.72	2.04	2.7	3.51	4.12	4.65	4.74	5.47	6.7	4.27	2.81	1.33	0.57	0.36	0.34	0.35	0.33	0.58	0.41	0.52	0.77	1.02	2.14	5.68	8.96	9.18	7.61	4.63	3.17	1.96	1.54	1.1	0.91	0.99	1.17	1.65
	1	27.6	0.4	0.8	0.7	1	1.8	2	2.7	2.7	2.9	3.4	1.4	0.7	0.5	0.1	0.2	0.1	0.3	0.3	0.5	0.4	0.5	0.9	1	1.9	8.7	15.7	17.2	13.4	7.3	3.7	2.2	1.5	1.2	0.4	0.7	0.8	0.4
	2	23	0.8	0.7	0.8	1.3	1.3	1.4	2.7	2.7	2.3	3.5	2.6	1.6	0.6	0.4	0.2	0.1	0.3	0.5	0.7	0.2	0.5	0.8	0.9	2	7.7	13.2	17.2	16	8.3	3.4	1.9	1	0.8	0.4	0.6	0.6	0.8
	3	21.3	1.1	1.2	1.1	1.3	1.4	2.1	3.7	3.9	3.6	5.2	4	2.1	0.6	0.3	0.2	0.1	0.2	0.2	0.3	0.3	0.4	0.4	0.7	2	6.3	13.5	12.8	12.8	7.3	5.1	2.2	1	0.6	0.5	0.9	0.5	1.1
	4	22	1.5	2.2	1.8	2.9	3.6	5.1	4.5	4.1	6.2	8.3	5.7	3.1	1	0.3	0.2	0.2	0.2	0.2	0.2	0.2	0.4	0.4	0.8	1.4	4.1	9.6	8.9	6.6	5.8	4	1.7	1.1	1	0.6	1.1	1.2	1.5
	5	11.9	1.6	1.8	2.3	2.8	4.7	6.8	6.7	7.1	9.1	12.7	7.5	4.8	2.1	0.7	0.4	0.5	0.5	0.3	0.5	0.2	0.3	0.5	0.5	1.2	3.3	5.1	3.3	2.9	2.3	1.7	1.1	0.9	0.8	0.9	1	1.2	1.6
	6	9.1	3.9	3.4	4	4.5	5.9	5.5	5.8	5.8	7.7	8.4	4.7	4.3	2.1	1	0.5	0.4	0.3	0.3	0.6	0.4	0.6	0.7	0.8	1.7	2.3	2.5	3.1	2.3	2.1	2.2	2.4	2.4	1.8	1.6	1.6	2.2	3.9
	7	11.6	2.8	2.6	2.9	3.6	4.5	4.9	5.6	5.6	5.9	7.7	5.6	3.8	2	0.9	0.7	0.3	0.4	0.3	0.9	0.7	0.8	1	1.4	2	4.1	4.2	4.6	3.9	2.6	2.7	2.4	1.9	1.5	1.5	1.6	2	2.8
	8	12.6	2.2	1.7	2.4	3.2	3.1	4.1	5.4	5.7	6	6.7	4.2	3.1	1.8	0.9	0.6	0.8	0.7	0.8	1.1	1	0.7	1.5	1.3	2.8	4.6	6	5	4.5	3.9	3.4	2.4	2.4	1.9	1.7	1.1	1.5	2.2
	9	17.9	1.6	2.4	2.9	4.3	5.7	6.2	5.5	5.8	6.7	6.7	3.6	3.1	1.8	0.9	0.5	0.3	0.5	0.4	0.9	0.6	0.6	1.2	1.7	2.9	6.2	7.3	4.4	3.4	2.3	2	1.9	1.5	1.1	1	0.9	1.2	1.6
	10	35.1	1.1	0.9	1.4	2.2	3.1	3.7	5.5	4.7	5.5	6.9	5.1	2.6	1.7	0.7	0.5	0.6	0.5	0.1	0.6	0.5	0.5	0.8	1.6	3.3	8.5	10.4	9.5	5.2	3.7	2.1	1.5	1.8	0.8	0.8	0.7	0.9	1.1
	11	37.2	0.9	1.1	1.9	2.4	3.6	3.5	3.3	3.7	4.3	4.1	3.3	1.8	0.4	0.3	0.2	0.2	0.2	0.3	0.4	0.1	0.3	0.5	0.9	2.6	6.9	11.3	14.6	12.1	6.3	3.4	1.8	1.2	0.9	0.5	0.3	0.4	0.9
	12	31.4	0.8	1.1	1.3	2.2	2.2	2.4	3	3.7	3.2	3.7	1.8	1.1	0.5	0.1	0.1	0.2	0.1	0.2	0.2	0.1	0.6	0.4	0.7	2.4	8.4	13.4	16	13.2	5.7	4.7	1.9	1.5	0.5	0.6	0.8	0.8	0.8
FREQUENCY OF SPEED                                                              																											
	Month	0	1	2	3	4	5	6	7	8	9	10	11	12	13	14	15	16	17	18	19	20	21	22	23	24	25
	ALL	21.6	1.7	25.6	19.8	12.1	9.5	4.6	3.2	0.5	0.4	0.6	0	0.1	0	0	0	0	0	0	0	0	0	0	0	0	0
	1	27.6	2.4	29.6	19.4	8.8	5.8	2.7	1.9	0.3	0.3	0.5	0	0.5	0	0	0.1	0	0	0	0	0	0	0	0	0	0
	2	23	1.4	30	22.2	9	5.8	2.8	2.6	0.3	0.3	1.5	0.1	0.5	0	0	0.1	0	0	0	0	0	0	0	0	0	0
	3	21.3	1.2	28.7	23.6	11.4	6.9	3.4	2.2	0.4	0.2	0.5	0	0.1	0	0	0.1	0	0	0	0	0	0	0	0	0	0
	4	22	1.4	25.5	21.8	13.2	7.8	3.5	2.9	0.7	0.5	0.4	0	0.2	0	0	0	0	0	0	0	0	0	0	0.1	0	0
	5	11.9	1.2	20	21	17	14.5	7.9	4.5	1	0.4	0.3	0	0.1	0	0	0	0	0	0	0	0	0	0	0	0	0
	6	9.1	1.3	18.2	21.6	19.1	16.8	7.9	4.8	0.6	0.2	0.3	0	0.1	0	0	0	0	0	0	0	0	0	0	0	0	0
	7	11.6	0.8	20.1	21.3	18.4	16.1	6.8	3.6	0.3	0.3	0.5	0	0.1	0	0	0	0	0	0	0	0	0	0	0	0	0
	8	12.6	2.3	25.3	21.7	15.1	12.6	5.6	3.7	0.3	0.2	0.4	0	0.1	0	0	0	0	0	0	0	0.1	0	0	0	0	0
	9	17.9	2.5	25.2	19	12	11.5	5.4	4.6	0.6	0.4	0.8	0	0	0	0	0	0	0	0	0	0	0	0	0	0	0
	10	35.1	1.6	25.5	14.3	7.5	6.6	3.9	3.3	0.6	0.6	0.9	0	0	0	0	0	0	0	0	0	0	0	0	0	0	0
	11	37.2	1.5	29.4	14.2	6.4	4.4	2.7	2.1	0.7	0.4	0.7	0.1	0.1	0	0	0.1	0	0	0	0	0	0	0	0	0	0
	12	31.4	2.8	30.7	17.2	6.9	4.8	2.6	2.4	0.1	0.3	0.6	0.1	0	0	0	0	0	0	0	0	0.1	0	0	0	0	0
PERCENT OF POWER BY SPEED                                                       																											
	Month	0	1	2	3	4	5	6	7	8	9	10	11	12	13	14	15	16	17	18	19	20	21	22	23	24	25
	ALL	0	0.1	4.4	9.1	11.5	16.3	13.9	17	3.8	3.6	8.3	0.6	3.6	0.2	0.2	1.6	0.1	0	0.2	0.1	1.9	0.3	0.8	1.6	0	0.6
	1	0	0.1	6.2	11	10.4	12.3	10.2	11.9	3.1	4.3	8.4	0.8	15.3	0	0.9	5	0	0	0	0	0	0	0	0	0	0
	2	0	0.1	4.7	9.4	7.9	9.2	7.8	12.8	2.2	2.9	18.2	1.3	11.3	1.1	1.3	4	0	0	1.3	0	1.9	0	0	2.7	0	0
	3	0	0.1	6.2	13.6	13.7	15.3	12.9	14.8	3.3	3	8.2	0.4	1.7	0	0	4	0	0	0	0	0	0	2.8	0	0	0
	4	0	0.1	4.5	10.3	13.4	14.3	11.3	16.6	5.8	5.1	5.6	0.7	4.7	0	0	0	0	0	0	0	0	0	0	7.6	0	0
	5	0	0	2.6	7.2	12.5	19.2	18.1	17.7	5.5	3.2	3.4	0	1.3	0	0	0.6	0.7	0	0	1.1	0	1.5	3.5	1.9	0	0
	6	0	0	2.4	7.2	13.1	21.2	17.3	18.3	3.5	1.8	3.2	0.3	1.7	0	0	0.6	0	0	0	0	2.9	0	1.9	2.1	0	2.8
	7	0	0	3	8.3	14.8	23.7	17.3	16.1	2.2	3	5.5	0.6	1.2	0	0	0	0	0	0	0	0	1.8	0	2.4	0	0
	8	0	0.1	4.1	9.6	13.7	20.9	16.1	18.7	2.3	2.4	4.9	0	1.4	0	0	0	0	0	0	0	5.8	0	0	0	0	0
	9	0	0.1	3.8	7.9	10.3	18.2	14.9	22.4	4.2	3.5	9.3	0	0.9	0	0	0.8	0	0	0	0	3.7	0	0	0	0	0
	10	0	0.1	4.9	7.5	8.2	13.2	13.6	20.7	5	6.4	14.7	0.4	1.2	0.7	0	1.1	0	0	0	0	2.5	0	0	0	0	0
	11	0	0.1	7.2	8.7	8.7	10.7	11.6	15.4	7.5	6	13.5	1.5	3.5	0	0	3.7	0	0	2	0	0	0	0	0	0	0
	12	0	0.2	7.3	10.7	9.3	11.8	11.3	18.4	1.6	4.2	10.5	1.4	0	0	0	1.2	0	0	0	0	7.3	0	0	0	0	4.8
PREVAILING DIRECTION BY HOUR                                                    																											
	Month	0	1	2	3	4	5	6	7	8	9	10	11	12	13	14	15	16	17	18	19	20	21	22	23		
	ALL	-1	-1	-1	-1	-1	250	250	250	260	250	250	250	260	250	250	260	260	260	260	260	260	260	270	-1
	1	-1	-1	-1	-1	-1	-1	260	250	250	260	270	250	250	260	250	260	260	260	260	260	250	260	270	-1
	2	-1	-1	-1	-1	-1	-1	260	270	270	260	250	260	260	270	260	260	250	270	260	260	260	260	280	-1
	3	-1	-1	-1	-1	-1	-1	260	250	270	270	250	270	270	260	270	250	270	250	250	260	260	250	80	-1
	4	-1	-1	-1	-1	-1	260	260	260	260	260	250	250	260	250	250	80	90	90	90	90	90	60	-1	-1
	5	-1	-1	-1	-1	-1	50	90	90	90	90	90	90	90	90	90	90	90	90	90	90	90	90	-1	-1
	6	-1	-1	-1	-1	-1	20	90	80	90	90	90	80	90	90	60	90	90	80	40	40	80	90	-1	-1
	7	-1	-1	-1	-1	-1	250	250	90	90	100	90	90	90	90	80	60	80	70	70	50	40	60	-1	-1
	8	-1	-1	-1	-1	-1	250	250	250	90	250	80	250	90	250	90	90	70	60	60	70	70	100	-1	-1
	9	-1	-1	-1	-1	-1	90	250	240	240	250	250	250	250	90	80	90	50	80	70	60	50	50	-1	-1
	10	-1	-1	-1	-1	-1	260	250	250	250	250	260	260	240	250	250	260	250	260	250	250	90	260	-1	-1
	11	-1	-1	-1	-1	-1	-1	260	260	260	250	250	260	260	270	270	260	270	270	250	260	260	270	270	-1
	12	-1	-1	-1	-1	-1	-1	260	260	260	270	250	260	260	260	260	260	260	260	260	260	260	270	270	270
SPEED FOR PREVAILING DIRECTION BY HOUR                                          																									
	Month	0	1	2	3	4	5	6	7	8	9	10	11	12	13	14	15	16	17	18	19	20	21	22	23
	ALL	-1	-1	-1	-1	-1	3.48	3.34	3.4	3.41	3.57	3.68	3.84	3.75	3.96	4	3.79	3.68	3.7	3.59	3.45	3.47	3.43	3.6	-1
	1	-1	-1	-1	-1	-1	-1	2.87	3.7	3.79	3.24	3.06	4.09	3.93	3.48	3.76	3.23	3.52	3.31	3.26	3.22	3.97	3.53	2.75	-1
	2	-1	-1	-1	-1	-1	-1	4.18	3.71	3.98	3.95	3.8	3.72	4.19	3.94	3.51	3.72	4.51	4.14	3.41	3.65	3.37	3.97	3.03	-1
	3	-1	-1	-1	-1	-1	-1	3.22	3.17	3.45	3.71	3.5	3.65	3.76	3.6	3.62	3.69	3.36	4.08	3.93	3.59	3.51	3.15	4.24	-1
	4	-1	-1	-1	-1	-1	3.32	3.25	3.22	3.16	3.46	3.7	3.57	3.95	4.19	4.13	4.51	3.77	4.54	3.76	3.99	3.42	3.41	-1	-1
	5	-1	-1	-1	-1	-1	4.43	3.54	3.89	4.24	4.47	4.1	4.19	4.39	4.5	4.85	4.75	4.88	4.39	4.89	4.47	4.07	3.47	-1	-1
	6	-1	-1	-1	-1	-1	2.84	3.15	3.83	3.44	3.61	3.96	4.78	4.33	4.44	3.82	4.69	5.38	5.29	4.47	4.57	5.11	4.81	-1	-1
	7	-1	-1	-1	-1	-1	3.45	3.32	3.57	3.38	3.45	3.71	3.79	3.96	4.53	4.72	4.59	4.19	5.06	4.89	4.94	4.79	4.72	-1	-1
	8	-1	-1	-1	-1	-1	4.09	3.11	3.55	3.15	3.41	3.25	4	3.6	4.12	3.9	3.65	4.4	4.4	4.37	4.09	4.01	4.17	-1	-1
	9	-1	-1	-1	-1	-1	3.58	3.39	3.9	4.07	3.24	3.92	3.63	4.57	3.94	4.25	4.39	5.16	4.47	4.08	3.75	4.37	3.6	-1	-1
	10	-1	-1	-1	-1	-1	3.72	3.37	3.75	3.52	2.8	3.64	3.23	3.41	3.63	3.83	3.75	3.9	3.36	3.38	2.92	3.65	4.42	-1	-1
	11	-1	-1	-1	-1	-1	-1	3.1	3.24	3.13	3.31	3	3.14	2.82	3.24	3.27	2.94	3.53	3.26	3.35	3.02	3.1	3.88	4.91	-1
	12	-1	-1	-1	-1	-1	-1	3.61	3.37	3.19	3.46	3.46	3.22	3.15	3.39	3.22	3.5	3.25	3.11	3.03	2.8	3.46	2.97	2.87	3.43
