WASILLA NEW ARPT    AK - 702325                                                 														
 61 deg    35' N  149 deg    27' W - Elev  113m   LST=GMT+99 hours   *NT=-10    														
 02/98-09/02                                                                    						Adjusted to Alaska Timezone (GMT-9)								
SPEED BY YEAR                                                                   														
	Year	ALL	JAN	FEB	MAR	APR	MAY	JUN	JUL	AUG	SEP	OCT	NOV	DEC
	ALL	2.43	3.05	2.51	3.45	2.63	2.36	1.99	1.87	1.89	2.31	2.96	2.58	2.69
	1998	2.27	-1	1.51	2.04	2.79	2.62	2.11	1.71	2	2.72	3.24	1.61	2.26
	1999	2.37	2.68	2.06	3.51	2.69	2.57	1.92	1.85	1.66	2.35	2.66	2.49	2.07
	2000	2.4	2.21	2.03	3.41	2.22	1.87	1.91	1.78	1.99	1.8	3.04	3.11	3.45
	2001	2.93	3.82	2.43	4.05	2.56	2.89	2.7	2.32	2.46	2.6	2.81	3.18	3.17
	2002	2.27	3.66	3.61	3.62	3.01	2.2	1.82	1.87	1.77	0.78	-1	-1	-1
POWER BY YEAR                                                                   														
	Year	ALL	JAN	FEB	MAR	APR	MAY	JUN	JUL	AUG	SEP	OCT	NOV	DEC
	ALL	36	67	43	85	42	26	14	11	13	28	46	46	62
	1998	36	-1	7	17	28	35	16	10	19	51	64	20	83
	1999	36	54	35	86	32	28	15	12	9	32	38	56	36
	2000	37	57	26	66	34	22	15	10	21	14	50	54	80
	2001	44	95	46	114	32	34	19	11	15	18	25	50	41
	2002	29	59	70	112	72	21	12	12	10	1	-1	-1	-1
NUMBER OF SPEED OBSERVATIONS BY YEAR                                            														
	Year	ALL	JAN	FEB	MAR	APR	MAY	JUN	JUL	AUG	SEP	OCT	NOV	DEC
	ALL	40607	2638	2743	3159	2900	4971	4665	4783	4807	2512	2539	2445	2445
	1998	5767	0	61	360	42	748	693	718	633	566	704	589	653
	1999	8623	689	650	732	715	799	746	760	756	685	654	718	719
	2000	8634	730	687	733	697	730	725	717	748	721	715	704	727
	2001	6624	728	687	618	716	619	504	490	500	516	466	434	346
	2002	10959	491	658	716	730	2075	1997	2098	2170	24	0	0	0
NUMBER OF SPEED OBSERVATIONS BY HOUR                                            														
	Hour	ALL	JAN	FEB	MAR	APR	MAY	JUN	JUL	AUG	SEP	OCT	NOV	DEC
	0	1630	98	114	128	117	205	201	206	207	94	97	83	80
	1	1786	115	117	135	123	204	200	201	195	122	118	126	130
	2	1722	109	113	139	120	217	193	203	208	107	112	104	97
	3	1594	103	115	125	126	202	194	197	195	97	82	79	79
	4	1750	114	112	130	115	197	191	197	191	125	119	131	128
	5	1679	110	119	126	127	202	191	191	194	99	103	107	110
	6	1616	107	111	133	121	212	195	193	206	89	91	79	79
	7	1720	117	117	129	124	193	188	184	195	114	114	128	117
	8	1621	104	108	134	119	207	170	189	186	97	106	95	106
	9	1597	109	110	120	123	194	197	210	198	91	86	75	84
	10	1800	128	122	141	120	199	183	203	192	119	127	136	130
	11	1733	113	113	131	128	212	203	200	205	110	106	105	107
	12	1644	95	118	133	110	226	207	209	211	93	95	78	69
	13	1728	97	114	134	126	208	194	200	203	111	125	114	102
	14	1731	124	116	131	121	206	198	204	199	101	113	105	113
	15	1562	94	101	134	113	210	196	202	211	96	77	60	68
	16	1801	118	116	132	131	200	200	200	205	119	124	130	126
	17	1724	116	117	138	121	218	191	199	212	109	105	103	95
	18	1620	100	112	123	121	212	201	197	205	91	101	77	80
	19	1773	119	107	138	116	211	196	202	205	110	123	120	126
	20	1664	97	121	122	120	208	195	194	196	107	104	102	98
	21	1583	102	106	132	115	206	199	205	201	92	75	64	86
	22	1831	135	124	138	122	208	192	202	195	119	128	144	124
	23	1698	114	120	133	121	214	190	195	192	100	108	100	111

SPEED BY HOUR                                                                   														
	Hour	ALL	JAN	FEB	MAR	APR	MAY	JUN	JUL	AUG	SEP	OCT	NOV	DEC
	0	2.21	3.22	2.61	3.63	2.44	1.7	1.53	1.25	1.73	2.17	2.98	3.05	2.76
	1	2.28	2.94	2.59	3.72	2.28	1.81	1.57	1.34	1.83	2.31	3	2.46	2.99
	2	2.28	3.38	2.52	3.57	2.47	1.65	1.52	1.42	1.9	2.3	3.2	2.59	2.84
	3	2.15	3.07	2.41	3.64	2.33	1.71	1.32	1.39	1.74	2.08	2.96	2.73	2.76
	4	2.17	3.14	2.64	3.4	2.13	1.41	1.22	1.37	1.67	2.36	3.22	2.48	2.73
	5	2.1	2.93	2.57	3.43	2.44	1.34	1.06	1.21	1.86	1.99	3.18	2.63	2.61
	6	2.05	3.1	2.34	3.35	2.35	1.38	1.04	1.09	1.72	2.32	2.97	3.06	2.8
	7	2.07	3.06	2.63	3.25	2.24	1.37	1.22	1.16	1.53	2.19	3.01	2.5	2.4
	8	2.06	2.79	2.63	3.11	2.32	1.76	1.3	1.25	1.42	2.08	2.88	2.69	2.17
	9	2.23	3.14	2.7	3.55	2.38	2.11	1.48	1.53	1.55	2.11	2.87	2.66	2.73
	10	2.34	3	2.53	3.28	2.72	2.45	1.71	1.77	1.65	2.55	2.51	2.4	2.27
	11	2.51	3.02	2.31	3.51	2.69	2.71	2.06	2.05	1.91	2.77	2.95	2.23	2.78
	12	2.63	3.1	2.42	3.5	2.94	2.93	2.38	2.33	2.1	2.43	2.74	2.72	2.58
	13	2.75	3.19	2.42	3.59	3.11	3.14	2.8	2.47	2.29	2.74	2.85	2.3	2.17
	14	2.8	2.93	2.34	3.58	2.86	3.28	3.04	2.53	2.3	2.67	2.91	2.27	2.67
	15	2.95	3.2	2.6	3.77	3.1	3.4	2.98	2.63	2.56	2.63	2.89	2.5	2.84
	16	2.84	2.91	2.48	3.41	3.15	3.48	3	2.8	2.46	2.53	2.89	2.05	2.64
	17	2.84	2.97	2.32	3.16	2.97	3.55	3.09	2.66	2.38	2.31	2.79	2.52	2.9
	18	2.77	3.04	2.26	3.12	2.72	3.45	2.81	2.77	2.32	2.12	2.58	2.86	2.89
	19	2.67	3.06	2.48	3.29	2.84	3.18	2.62	2.43	1.87	2.08	2.87	2.54	3
	20	2.53	3.12	2.58	3.32	2.61	2.57	2.36	2.17	1.47	2.2	3.38	2.83	3.07
	21	2.36	2.97	2.58	3.48	2.8	2.2	1.97	1.88	1.6	1.88	2.89	3.06	2.78
	22	2.38	3.04	2.38	3.65	2.73	1.99	1.64	1.8	1.53	2.36	3.26	2.67	2.74
	23	2.3	2.95	2.83	3.46	2.45	1.84	1.73	1.53	1.7	2.14	3.14	2.9	2.59

POWER BY HOUR                                                                   														
	Hour	ALL	JAN	FEB	MAR	APR	MAY	JUN	JUL	AUG	SEP	OCT	NOV	DEC
	0	32	89	42	87	43	14	6	4	11	19	48	53	52
	1	33	55	50	84	36	14	6	5	10	23	40	44	83
	2	33	79	50	89	47	11	5	6	10	28	48	37	63
	3	30	61	42	90	40	12	5	6	10	23	39	48	62
	4	31	69	46	62	36	11	5	5	11	29	59	45	55
	5	30	70	39	75	40	8	4	4	14	15	45	51	56
	6	30	70	36	74	42	13	4	4	12	32	32	57	61
	7	32	63	59	74	41	13	6	4	9	23	53	44	47
	8	31	59	40	78	42	22	6	5	11	20	48	51	36
	9	34	72	52	112	32	20	7	8	13	23	39	45	54
	10	37	56	38	98	49	26	9	12	16	44	37	40	58
	11	38	63	40	95	38	34	13	12	18	42	54	33	64
	12	37	69	37	92	41	36	18	14	16	30	37	59	58
	13	42	70	33	87	57	46	28	19	20	47	45	38	53																									
	14	43	69	35	76	47	50	34	19	17	34	47	40	81																									
	15	46	76	41	125	51	50	32	22	19	32	43	51	51																									
	16	43	60	53	86	48	45	29	23	19	38	41	35	76																									
	17	43	62	43	75	42	50	33	22	19	24	49	48	78																									
	18	37	64	35	69	34	42	29	23	16	17	40	48	60																									
	19	40	63	46	88	37	37	22	17	13	27	49	41	84																									
	20	35	74	38	77	36	21	14	13	7	27	67	54	75																									
	21	30	59	46	78	43	19	10	9	9	13	41	53	51																									
	22	36	74	40	84	51	13	7	9	9	35	52	52	67																									
	23	32	67	52	83	44	12	7	7	9	17	48	55	49																									

SPEED BY DIRECTION                                                              																																							
	Month	calm	0	10	20	30	40	50	60	70	80	90	100	110	120	130	140	150	160	170	180	190	200	210	220	230	240	250	260	270	280	290	300	310	320	330	340	350	360
	ALL	0	2.06	2.14	2.33	2.48	3.12	3.73	4.24	3.78	3.35	3.28	2.75	2.35	2.14	1.92	2.14	2.03	2.1	2.45	2.85	3.15	3.47	3.81	3.41	3.19	2.81	2.54	2.33	2.47	2.49	2.49	2.53	2.47	2.31	2.18	2.06	2.08	2.06
	1	0	2.4	2.5	2.5	2.7	3.4	4.8	5	5	4.7	4.5	3.7	2.4	3.2	1.5	2	1.5	2.3	2.5	2.4	2.8	4	4.7	3.9	2.9	2.9	2.3	2.2	2.5	2.6	2.3	2.6	2.6	2.3	2	2.1	2.3	2.4
	2	0	2	1.9	2.8	2.4	3.3	3.9	4.6	4.4	3.6	3.1	2.8	2.2	1.8	1.9	5.1	2.3	2.1	1.8	1.8	3.6	3.3	5	3.1	3.1	3.1	2.5	2.2	1.9	2.4	2.5	2.3	2.1	2.1	2.1	2	1.9	2
	3	0	2.3	2.4	2.1	3	5	5.1	5.6	4.3	3.6	3.5	2.7	2.1	1.9	2	2	2.5	1.8	2	2.3	2.7	3.1	3.4	3.4	3.3	2.8	2.3	2	2.6	2.4	2.5	2.7	2.5	2.2	2.7	2.1	2.8	2.3
	4	0	2.3	2	2.6	3.1	3.5	4.5	3.8	3.7	3.6	3.8	3.5	2.6	2.3	1.9	2.1	2.5	2.1	2.7	2.9	2.6	3.2	3.8	3.5	3.5	3.2	2.5	2.8	3	3	3.2	2.9	3.3	2.2	2.2	2.4	1.8	2.3
	5	0	2.2	2.5	2.2	2.4	2.5	2.6	2.8	3.2	3.2	3.6	2.7	2.7	2.4	2	2.2	2.2	2.4	2.8	3.3	3.4	3.9	4.4	3.9	3.7	3.2	2.9	2.5	2.7	2.6	2.8	2.8	2.7	2.5	2.1	2.2	2.2	2.2
	6	0	2	2.1	2.3	2.1	2.2	2.3	2.3	2.4	2.8	2.6	2.5	2.5	2.2	1.9	1.9	2	1.9	2.6	2.9	3.5	3.5	3.7	3.4	3.2	2.8	2.5	2.2	2.5	2.6	2.5	2.5	2.5	2.1	2.3	2	2.2	2
	7	0	1.8	1.9	2.1	2.2	2.2	2.3	2.5	2.6	2.3	2.1	1.9	2.1	1.8	1.6	2.3	1.7	2	2.5	3	3	3.3	3.4	3.1	3.1	2.8	2.6	2.2	2.4	2.3	2.5	2.4	2.2	2.9	1.9	1.8	2	1.8
	8	0	1.7	1.9	2	2.3	2.5	2.4	2.7	2.7	2.6	2.6	2.3	2	1.8	1.7	1.8	2	2	2.2	2.4	2.8	3.3	3.5	2.9	2.9	2.5	2.4	2.3	2.3	2.3	2.1	2.3	2.1	2.1	2	1.9	1.9	1.7
	9	0	1.9	2.1	2.2	2.5	2.6	3	3.1	3	3.3	3.6	2.7	2.5	1.8	2	2.1	1.9	2.1	1.9	2.6	3.3	3.4	4.2	3.8	2.8	2.7	3	2.8	2.4	2.3	2.5	2.3	2.3	2.3	2	1.9	2.1	1.9
	10	0	2.1	2.1	2.8	2.9	3.7	4.4	4.8	4	3.4	3.1	2.2	2.2	2.5	1.9	2.1	1.8	1.8	2.1	2.4	2.5	3.6	3.7	3	2.7	2.6	2.3	2.4	2.5	2.6	2.9	2.6	2.6	2.2	2.4	2.3	2	2.1
	11	0	2.2	2.2	2.1	2.3	2.8	4	5.1	4.3	3.5	2.7	2.3	2	1.9	1.8	1.5	-1	2.5	2	-1	2.5	2.2	5.2	2.7	2	2	1.8	1.9	2	2	2.1	2.2	2.2	2.1	2.4	2.2	1.8	2.2
	12	0	2.2	2.3	2.8	2.7	4	5.1	5.4	4.5	3.4	3.3	3.1	2.5	1.7	2.7	1.5	-1	2	1.5	2.1	2.1	4.2	3.1	4.1	2.8	2.4	2.5	2.2	2.6	2.5	2.1	2.2	2.4	2.1	2.2	2	2.3	2.2
FREQUENCY BY DIRECTION                                                          																																							
	Month	calm	0	10	20	30	40	50	60	70	80	90	100	110	120	130	140	150	160	170	180	190	200	210	220	230	240	250	260	270	280	290	300	310	320	330	340	350	360
	ALL	23.89	1.11	1.1	1.48	2.26	3.93	7.1	11.94	11.85	8.58	5.72	2.69	1.24	0.62	0.48	0.39	0.35	0.56	1.01	2.04	2.27	2.9	3.09	2.61	2.43	2.41	2.05	1.73	2.15	2.53	2.4	2.46	2.05	1.45	0.99	0.95	1.07	1.11
	1	23.6	0.9	0.8	1.4	2.3	3.3	7.3	14.8	16.1	13	7.3	2.3	0.8	0.2	0.2	0.1	0	0.2	0.1	0.4	0.3	0.7	1.4	1.8	0.9	1.4	1.4	1.4	2.5	3.1	3	2.9	2.9	1.5	0.8	1.1	1.1	0.9
	2	30.1	0.8	0.9	1.6	2.1	2.9	6.3	19.9	20.8	11.4	7.5	2.7	1	0.5	0.3	0.2	0.1	0.1	0.7	0.6	0.4	0.9	0.7	0.8	1	1.4	0.9	0.9	2	1.9	1.7	1.1	1.7	1.4	0.7	1.1	0.8	0.8
	3	16.7	0.5	0.8	1.2	1.9	5.2	12.5	22.6	16.1	8.7	5.6	1.9	1.1	0.5	0.2	0.3	0.2	0.1	0.2	0.8	0.5	1.4	1.6	2	1.5	1.3	0.6	0.9	1.3	1.9	1.4	2	1.1	0.8	0.4	0.5	0.2	0.5
	4	23.2	0.7	0.9	0.9	1.4	3.3	6.3	10.8	11.3	11.7	9.8	5.7	2.2	0.5	0.8	0.7	0.4	0.5	1.2	1.6	1.4	1.5	3	2.6	1.9	2.2	1.4	1.9	1.7	2.8	2.4	2	1.3	1	0.9	0.4	0.6	0.7
	5	21.9	1.1	1.1	1.7	2.4	3.1	4.4	5.3	5.8	6.1	5.1	3.4	1.8	1	0.8	0.6	0.6	1.1	1.5	2.7	3.2	4.7	4.9	4.3	3.6	3.2	2.4	2.8	2.6	3.1	2.7	3.5	2.9	2.1	1.6	1.2	1.6	1.1
	6	26	2.1	1.3	1.5	2.3	4	4.3	4.6	5	4.1	3.6	2.5	1	0.8	0.6	0.5	0.6	1	1.9	4.8	5.6	6.3	5.3	3.8	3.8	3.6	3.1	1.9	2.8	2.5	2.9	3.2	2.5	2	1.4	1.3	1.5	2.1
	7	26.6	1.1	1.3	1.3	2.5	3.7	5.6	6.4	7.1	5.5	3.5	1.9	0.8	0.7	0.1	0.4	0.5	0.7	1.8	3.9	4.1	5.2	4.8	3.9	4.6	4.4	4	2.3	2.5	3.5	3.3	2.5	1.6	1.5	0.5	0.9	1.4	1.1
	8	25.8	0.8	1.3	1.9	2.2	4.5	7.3	11.3	10.4	9.8	4.8	1.6	1.1	0.4	0.6	0.4	0.3	0.7	1.1	2.3	3.2	3.9	4.1	2.8	2.6	3.2	2.8	1.4	2	1.7	2.1	1.8	2.1	1	0.8	0.5	1.1	0.8
	9	21.4	0.8	1.2	1	2	3.8	7.1	10.6	14.7	11.1	8.6	3.3	1.5	0.8	1	0.7	0.6	0.7	1.2	2	1.7	2.6	2.8	2.5	1.8	1.1	1.1	1.5	1.6	2.1	1.5	1.6	1.6	1.4	1.1	1	0.6	0.8
	10	15.6	1.2	0.5	1.4	2.9	5.3	9.8	16	16.1	9	6	2.5	1.5	0.8	0.7	0.3	0.2	0.5	0.6	0.7	1	0.6	1.6	1.4	1.4	1.6	1.2	1.2	1.9	2.6	1.7	2.5	1.7	0.9	1	1.2	0.7	1.2
	11	25.7	1.6	1.9	1.4	2.6	4	10.2	18.3	17.9	9.7	5.7	2.4	1.3	0.4	0.1	0.2	0	0.1	0.1	0	0.2	0.4	0.7	0.8	0.6	0.6	0.7	1.2	1.8	2.5	2.2	2.9	1.9	1.7	1.2	1.3	1.4	1.6
	12	27.5	1.5	1.1	2.3	2.4	4.2	8.2	16.7	15.9	9.7	5.2	2.9	0.8	0.3	0.2	0.2	0	0.2	0.1	0.2	0.3	0.3	0.8	1	1.5	1.2	2.1	2.5	2.3	2.3	3.3	2.9	2.5	1.7	1.2	1	1	1.5
FREQUENCY OF SPEED                                                              																																							
	Month	0	1	2	3	4	5	6	7	8	9	10	11	12	13	14	15	16	17	18	19	20	21	22	23	24	25												
	ALL	23.9	15.9	27.3	13.9	7.7	4.6	2.8	1.7	1	0.6	0.3	0.1	0.1	0	0	0	0	0	0	0	0	0	0	0	0	0												
	1	23.6	12.3	20.1	11.6	9.8	6.7	5.2	4.5	3.8	1.4	0.6	0.4	0	0	0	0	0	0	0	0	0	0	0	0	0	0												
	2	30.1	12.7	20.9	10.7	8.6	7	5.3	2.3	1.3	0.6	0.2	0.1	0	0	0	0	0	0	0	0	0	0	0	0	0	0												
	3	16.7	10.4	22.3	13.7	10.9	8.8	6.4	4	2.8	1.9	1.1	0.4	0.1	0.1	0.2	0.1	0	0	0	0	0	0	0	0	0	0												
	4	23.2	12.3	25.7	16.1	9	5.6	3.3	2.1	1.2	0.6	0.5	0.2	0.2	0	0	0	0	0	0	0	0	0	0	0	0	0
	5	21.9	15.6	28.5	17.1	8.6	4	2.1	1.2	0.5	0.2	0.1	0.1	0.1	0	0	0	0	0	0	0	0	0	0	0	0	0
	6	26	18	30.3	15	7	2.6	0.8	0.3	0	0	0	0	0	0	0	0	0	0	0	0	0	0	0	0	0	0
	7	26.6	19.8	30.9	14	6	2.1	0.4	0	0	0	0	0	0	0	0	0	0	0	0	0	0	0	0	0	0	0
	8	25.8	19.6	35.4	11.6	4.4	1.6	0.8	0.4	0.2	0.1	0	0	0	0	0	0	0	0	0	0	0	0	0	0	0	0
	9	21.4	19.2	29.5	14.8	6.4	3.7	2.2	1.2	0.6	0.4	0.3	0.1	0.1	0	0	0	0	0	0	0	0	0	0	0	0	0
	10	15.6	13.9	27.4	15.3	9.7	8	4.8	2.6	1.5	0.7	0.3	0.1	0	0	0	0	0	0	0	0	0	0	0	0	0	0
	11	25.7	16.3	22.7	11.9	7.5	5.7	3.8	2.5	1.9	1.3	0.5	0.1	0	0	0	0	0	0	0	0	0	0	0	0	0	0
	12	27.5	13.7	21.4	12.2	8.2	5.3	3.9	3.4	1.2	1.1	0.8	0.7	0.3	0.2	0.1	0	0	0	0	0	0	0	0	0	0	0
PERCENT OF POWER BY SPEED                                                       																											
	Month	0	1	2	3	4	5	6	7	8	9	10	11	12	13	14	15	16	17	18	19	20	21	22	23	24	25
	ALL	0	0.9	6.1	8.9	10.9	12.5	13.1	12.4	11	8.9	6.3	4	2	1.2	1.4	0.5	0	0	0	0	0	0	0	0	0	0
	1	0	0.4	2.5	4.2	7.5	9.5	12.8	16.7	21.1	11.3	6	6.4	0.7	1	0	0	0	0	0	0	0	0	0	0	0	0
	2	0	0.6	4	6	10.5	16.3	20.7	13.8	11.7	7.2	3.4	2.4	0	0	1.6	1.9	0	0	0	0	0	0	0	0	0	0
	3	0	0.3	2.2	3.9	6.8	10.4	12.8	12.4	12.5	12.9	10.2	4.7	2.1	1.7	5.3	1.8	0	0	0	0	0	0	0	0	0	0
	4	0	0.6	5	8.8	10.8	12.9	13.1	12.9	10.6	7.6	8.4	3.8	5.2	0	0	0	0	0	0	0	0	0	0	0	0	0
	5	0	1.3	8.8	15.2	16.1	14.9	13.3	11.6	7.3	4.1	1.7	2.9	2.7	0	0	0	0	0	0	0	0	0	0	0	0	0
	6	0	2.6	16.6	23.9	23.8	16.9	8.6	5.2	0.5	0.8	1	0	0	0	0	0	0	0	0	0	0	0	0	0	0	0
	7	0	3.6	20.9	26.8	24.7	16.1	5.3	0.4	0	2.1	0	0	0	0	0	0	0	0	0	0	0	0	0	0	0	0
	8	0	3.1	21.1	19.3	16.3	11.1	9.9	7.3	5.5	4.2	2.2	0	0	0	0	0	0	0	0	0	0	0	0	0	0	0
	9	0	1.4	8.2	11.8	11.3	12.4	12.7	11.2	8.5	7.9	6.8	2.5	3.4	2.1	0	0	0	0	0	0	0	0	0	0	0	0
	10	0	0.6	4.9	7.7	10.9	17	17.1	14.1	11.9	8.4	4.9	2.4	0	0	0	0	0	0	0	0	0	0	0	0	0	0
	11	0	0.8	4	6.1	8.6	12.3	13.9	14.3	15.6	15.1	7.5	1.7	0	0	0	0	0	0	0	0	0	0	0	0	0	0
	12	0	0.5	2.9	4.6	6.6	8.3	10.5	13.8	7.4	9.5	10	10.3	6.7	6.2	2.5	0	0	0	0	0	0	0	0	0	0	0
PREVAILING DIRECTION BY HOUR                                                    																											
	Month	0	1	2	3	4	5	6	7	8	9	10	11	12	13	14	15	16	17	18	19	20	21	22	23		
	ALL	60	60	70	70	70	60	70	70	70	60	70	60	70	70	70	60	60	70	70	60	60	60	60	60		
	1	80	70	70	60	60	80	60	80	60	70	70	60	70	60	70	70	70	70	70	60	60	60	70	70		
	2	60	60	60	60	70	70	70	60	70	70	70	60	60	80	70	70	70	70	70	70	60	60	60	70		
	3	60	60	60	60	60	60	60	70	60	60	60	60	70	60	60	60	60	50	60	60	70	60	60	60		
	4	80	70	70	60	80	70	90	70	60	90	80	90	90	70	80	70	80	80	90	80	60	70	60	70		
	5	50	80	70	70	70	60	70	70	80	230	70	70	200	210	200	200	190	200	200	210	220	300	50	60		
	6	40	50	40	50	70	50	70	60	210	180	200	200	200	190	200	190	180	190	190	210	190	40	50	40
	7	50	80	80	70	70	70	80	70	70	60	50	190	250	200	190	180	190	200	210	230	200	210	50	70
	8	60	60	70	70	70	80	70	70	70	70	60	60	240	190	210	190	60	200	200	210	70	60	50	50
	9	70	70	70	70	70	70	60	70	70	70	60	80	70	80	90	70	90	200	60	50	50	80	70	70
	10	70	60	60	70	70	70	60	70	70	60	60	60	60	60	80	60	70	60	70	70	70	70	60	70
	11	60	70	70	60	60	60	50	70	60	60	70	70	60	70	60	60	60	70	70	60	60	50	60	70
	12	70	60	70	70	60	80	70	60	60	60	60	60	60	70	70	70	60	60	60	60	70	60	70	60
SPEED FOR PREVAILING DIRECTION BY HOUR                                          																									
	Month	0	1	2	3	4	5	6	7	8	9	10	11	12	13	14	15	16	17	18	19	20	21	22	23
	ALL	3.77	3.81	3.51	3.38	3.64	3.78	3.56	3.61	3.55	4.69	3.84	5.02	4.48	4.48	4.67	5.14	4.93	4.52	4.15	4.99	4.21	3.97	4.15	3.95
	1	5.08	4.16	5.01	4.52	4.54	5.79	4.67	4.79	4.33	4.51	5.36	4.96	5	5.72	4.79	4.77	4.66	4.79	5.37	5.56	4.62	5.38	5.12	5.08
	2	4.06	4.22	4.76	4.47	5.3	4.33	3.85	4.56	3.78	4.24	4.32	4.79	5.29	3.92	4.88	4.41	4.13	3.96	4.83	4.87	4.05	3.93	4.65	4.7
	3	5.05	5.09	5.55	5.3	4.83	5.13	4.87	3.61	5.56	6.29	6.87	6.7	5.35	5.85	6.73	7.58	6.37	5.54	6.04	5.12	4.48	4.76	4.99	5.44
	4	2.79	2.91	3.29	3.3	3.48	3.85	3.75	3.26	3.63	3.21	3.19	3.44	4	5.51	4.11	3.39	3.88	4.33	3.97	3.65	3.64	3.72	3.93	3.76
	5	2.17	2.79	2.6	2.49	3.15	2.32	2.79	3.38	4.49	3.08	3.32	3.78	2.95	4.22	4.91	4.43	3.82	4.78	5.15	5.37	3.42	2.94	2.65	2.48
	6	2.35	2.44	2.47	2.55	2.62	1.92	2.74	2.16	2.18	2.11	2.53	2.95	3.25	3.92	4.1	4.33	3.36	4.63	3.07	4.06	2.87	2.51	2.41	2.15
	7	2.16	2.3	2.07	2.66	2.46	2.17	2.3	2.59	2.62	2.79	3.48	2.66	3.07	3.6	3.27	4.25	3.28	3.71	3.91	3.11	2.79	3.54	2.24	2.26
	8	2.33	2.09	2.41	2.63	2.93	2.7	2.47	2.8	2.84	2.78	2.57	4.01	2.63	2.55	2.27	3.16	3.11	4.12	3.99	2.91	1.73	2.62	2.38	2.17
	9	2.84	2.43	3.25	2.43	2.93	3.17	3.12	3.26	2.99	2.98	4.11	3.56	4.19	3.9	3.79	4.4	4.07	2.4	2.9	3.16	2.63	2.35	2.51	2.45
	10	4.24	4.9	4.44	4	3.64	4.17	3.65	5.05	3.96	4.92	4.68	6.1	5.02	5.15	4.26	5.02	4.35	5.41	3.87	4.2	4.18	2.82	4.01	3.74
	11	5.56	3.78	4.61	5.49	4.81	5.18	4.19	4.79	5.18	4.94	3.7	4.72	6.17	4.66	4.66	5.16	5.11	5.24	4.16	4.84	5.34	3.28	4.93	3.87
	12	3.57	4.51	4.82	3.79	4.99	3.13	4.29	4.07	5.2	5.63	5.82	5.19	6.62	4.25	6.52	5.05	6.19	6.68	5.51	6.69	4.78	4.62	4.34	4.82
