WHITTIER            AK - 702757                                                 														
 60 deg    46' N  148 deg    41' W - Elev    9m   LST=GMT+99 hours   *NT=-10    														
 05/75-08/79 06/87-09/02                                                        								Adjusted to Alaska Timezone (GMT-9)						
SPEED BY YEAR                                                                   														
	Year	ALL	JAN	FEB	MAR	APR	MAY	JUN	JUL	AUG	SEP	OCT	NOV	DEC
	ALL	4.01	4.91	4.84	4.58	3.76	3.43	3.04	2.63	3.11	3.63	4.52	4.9	4.89
	1975	4.61	-1	-1	-1	-1	2.77	2.83	3.22	5.14	3.92	4.64	5.1	8.09
	1976	3.93	3.85	5.11	4.01	4.18	4.06	2.34	5.06	1.2	1.7	0	4.6	4.77
	1977	5.49	2.57	7.7	-1	10.2	4.93	2.78	3.97	3.53	3.77	3.36	6.13	8.82
	1978	3.25	2.63	3.8	3.85	0	-1	-1	-1	3.21	0	4.88	2.61	5.26
	1979	3.48	3.58	7.7	4.12	7.7	-1	3.73	2.52	1	-1	-1	-1	-1
	1987	3.2	-1	-1	-1	-1	-1	3.78	1.81	1.51	1.65	4.56	3.97	5.32
	1988	3.65	3.42	4.27	4.03	4.84	2.72	2.75	2.03	2.96	2.92	3.68	5.42	5.46
	1989	4.31	8.67	3.98	6.93	3.51	4.09	3.48	3.18	2.96	2.98	5.26	4.95	4.15
	1990	4.6	5.12	8.13	4.47	3.2	2.41	2.83	2.75	3.38	4.22	5.28	8.69	5.03
	1991	3.68	5.16	3.84	4.85	3.52	3.75	2.72	2.17	2.91	3.16	3.91	3.47	4.61
	1992	4.29	4.03	5.96	5.03	4.82	3.77	2.31	1.96	3.02	5.15	4.43	5.09	5.83
	1993	3.73	4.96	4.94	3.62	3.03	2.91	2.75	3.1	3.11	3.52	4.01	5.14	3.78
	1994	4.33	3.54	6.04	5.24	3.46	4.04	3.08	2.78	3.46	3.95	5.13	7.33	4.58
	1995	4	4.75	4.89	6.02	3.88	3.44	2.86	2.52	3.13	3.66	3.98	5.27	3.58
	1996	4.27	4.77	4.75	4.67	3.04	4.47	3.94	3.45	3.39	4.18	6	3.22	4.81
	1997	4.15	4.87	3.62	4.68	3.65	4.01	3.74	2.55	3.55	3.93	5.1	4.48	4.96
	1998	3.84	4.08	3.26	3.97	4.17	3.71	3.25	3.32	3.45	3.36	4.13	4.58	4.78
	1999	4.57	6.07	7.33	5.01	4.35	4.07	3.13	3.45	2.98	4.19	4.02	4.81	5.63
	2000	4.1	6.72	3.69	3.51	3.77	4.18	3.19	3.07	4.41	4.33	4.06	3.9	4.28
	2001	3.88	5.25	4.08	3.59	3.59	2.96	3.17	2.42	3.54	3.39	4.92	3.27	6.02
	2002	2.79	3.7	3.47	3.93	3.31	1.98	2.09	1.71	2.13	0.94	-1	-1	-1
POWER BY YEAR                                                                   														
	Year	ALL	JAN	FEB	MAR	APR	MAY	JUN	JUL	AUG	SEP	OCT	NOV	DEC
	ALL	161	288	284	206	103	76	56	45	75	100	180	275	261
	1975	429	-1	-1	-1	-1	39	90	92	356	182	260	614	1374
	1976	278	245	735	166	167	161	21	156	3	27	0	63	246
	1977	439	97	289	-1	673	176	53	127	151	120	106	405	1191
	1978	163	109	426	145	0	-1	-1	-1	89	0	202	58	131
	1979	198	91	296	86	289	-1	74	384	2	-1	-1	-1	-1
	1987	121	-1	-1	-1	-1	-1	73	27	30	44	211	206	264
	1988	131	113	146	133	185	43	46	41	55	79	150	350	291
	1989	237	1017	258	689	93	113	68	72	83	85	279	346	198
	1990	289	361	869	220	102	32	67	42	107	131	250	924	407
	1991	146	405	179	261	86	88	47	40	51	89	128	123	253
	1992	221	198	505	272	234	99	26	38	76	175	224	327	478
	1993	146	291	364	106	79	52	44	76	101	94	166	278	122
	1994	176	169	361	236	73	99	61	41	93	110	187	495	278
	1995	159	276	261	340	119	66	51	36	95	113	99	306	147
	1996	167	284	222	221	59	106	79	54	85	98	303	78	230
	1997	133	214	100	195	71	108	129	27	73	103	213	142	176
	1998	110	204	79	107	94	80	48	59	74	84	113	180	191
	1999	172	331	545	197	107	111	53	63	46	110	98	176	247
	2000	127	448	94	93	89	102	37	43	116	116	128	105	136
	2001	116	180	129	88	72	51	58	30	88	70	195	98	306
	2002	49	78	84	110	62	14	18	8	18	1	-1	-1	-1
NUMBER OF SPEED OBSERVATIONS BY YEAR                                            														
	Year	ALL	JAN	FEB	MAR	APR	MAY	JUN	JUL	AUG	SEP	OCT	NOV	DEC
	ALL	117663	9809	9244	9832	9685	9652	10305	10205	10096	9236	10098	9805	9696
	1975	223	0	0	0	0	38	35	13	11	12	47	27	40
	1976	179	21	42	22	21	23	25	9	5	3	3	2	3
	1977	377	3	2	0	2	6	18	34	22	28	73	105	84
	1978	146	66	24	2	1	0	0	0	17	3	12	8	13
	1979	42	5	1	15	1	0	3	15	2	0	0	0	0
	1987	4152	0	0	0	0	0	563	634	593	597	633	588	544
	1988	7596	621	610	624	635	689	666	675	647	628	695	664	442
	1989	7402	442	399	431	628	705	680	701	704	680	701	662	669
	1990	7856	633	622	624	621	676	657	694	685	635	663	647	699
	1991	8313	712	633	718	687	708	688	704	705	683	711	674	690
	1992	8134	696	660	699	674	700	666	659	684	668	683	652	693
	1993	8027	687	618	699	684	714	669	676	675	643	652	659	651
	1994	7876	661	583	688	672	671	663	696	696	667	689	570	620
	1995	7531	667	638	622	647	681	654	625	522	588	651	600	636
	1996	5727	663	622	646	485	17	503	319	359	416	473	638	586
	1997	7137	591	600	667	593	646	628	535	451	435	659	672	660
	1998	7765	646	634	683	631	639	600	606	669	654	716	682	605
	1999	8056	649	657	687	691	674	692	665	697	639	657	661	687
	2000	7985	681	600	634	661	684	651	684	684	657	702	654	693
	2001	7787	692	658	687	691	683	591	598	604	584	678	640	681
	2002	5352	673	641	684	660	698	653	663	664	16	0	0	0
NUMBER OF SPEED OBSERVATIONS BY HOUR                                            														
	Hour	ALL	JAN	FEB	MAR	APR	MAY	JUN	JUL	AUG	SEP	OCT	NOV	DEC
	0	4732	385	361	394	394	408	417	428	405	344	405	417	374
	1	4734	415	365	380	403	375	430	410	391	337	418	418	392
	2	4629	378	366	382	405	388	415	419	363	350	367	402	394
	3	4531	384	373	401	390	374	385	384	381	325	377	381	376
	4	4674	405	367	398	392	386	411	408	368	338	404	391	406
	5	4866	416	397	410	381	402	430	429	420	364	407	399	411
	6	4932	378	349	380	397	415	438	469	466	429	432	398	381
	7	4914	427	414	421	387	399	409	420	432	391	406	398	410
	8	4923	379	371	381	379	400	472	484	459	427	414	381	376
	9	4988	409	371	414	424	422	465	438	430	369	413	414	419
	10	4886	426	410	424	395	381	400	394	405	399	428	414	410
	11	5083	403	383	427	424	409	454	452	468	415	423	398	427
	12	4532	384	369	387	384	393	355	348	358	370	414	398	372
	13	5143	445	404	440	404	394	449	463	437	412	430	421	444
	14	5041	400	383	386	445	407	448	434	453	429	450	411	395
	15	5261	444	405	428	455	441	472	432	437	405	481	434	427
	16	5180	446	429	458	381	424	424	450	439	404	441	435	449
	17	4897	395	382	420	411	400	440	423	423	397	421	412	373
	18	4957	393	375	397	408	423	446	436	434	411	441	400	393
	19	5160	428	414	429	428	422	441	444	447	433	450	410	414
	20	5038	435	386	436	399	411	425	430	450	401	433	414	418
	21	5018	437	406	417	409	402	430	401	423	387	417	442	447
	22	4828	393	393	417	398	401	436	408	408	357	428	398	391
	23	4716	404	371	405	392	375	413	401	399	342	398	419	397

SPEED BY HOUR                                                                   														
	Hour	ALL	JAN	FEB	MAR	APR	MAY	JUN	JUL	AUG	SEP	OCT	NOV	DEC
	0	3.71	4.57	4.74	4.11	3.36	3.07	2.41	2.23	2.73	3.52	4.47	4.81	4.8
	1	3.83	4.91	4.76	4.31	3.65	3.11	2.62	2.22	2.79	3.43	4.4	4.84	4.95
	2	3.8	4.57	4.76	4.2	3.56	3.13	2.64	2.36	2.88	3.61	4.55	4.82	4.76
	3	3.91	5.14	4.91	4.61	3.45	3.08	2.63	2.36	2.87	3.64	4.44	4.69	5.06
	4	3.96	5.22	4.71	4.73	3.67	3.29	2.59	2.22	2.67	3.45	4.79	4.75	5.3
	5	3.98	5.36	4.89	4.88	3.58	3.41	2.63	2.22	3.04	3.48	4.42	4.93	5.07
	6	3.82	4.95	4.86	4.44	3.66	3.11	2.52	2.2	3.03	3.43	4.71	4.82	4.86
	7	3.99	5.14	4.78	4.75	3.71	3.3	2.57	2.34	3	3.56	4.67	5.02	5.03
	8	4.04	5.45	4.97	4.83	3.75	3.62	3.03	2.56	3.12	3.48	4.38	5.09	5.18
	9	4.11	5.22	4.93	4.68	3.96	3.75	3.21	2.58	3.32	3.5	4.76	5	4.73
	10	4.13	4.95	4.74	4.83	3.93	3.71	3.09	2.79	3.4	3.67	4.53	4.87	4.8
	11	4.16	5.2	4.71	4.65	4.01	3.85	3.26	2.99	3.32	3.78	4.62	5.15	4.75
	12	4.17	4.87	4.78	4.4	3.93	3.63	3.44	2.89	3.55	3.87	4.64	4.99	4.79
	13	4.17	4.9	4.77	4.67	4.01	3.68	3.47	2.93	3.41	3.89	4.6	4.8	4.92
	14	4.14	4.55	4.9	4.63	3.98	3.83	3.41	3.07	3.4	3.93	4.59	5.03	4.65
	15	4.22	5.14	4.74	4.81	3.98	3.9	3.62	3.24	3.36	3.69	4.53	4.9	4.83
	16	4.19	4.98	4.85	4.55	4.07	3.7	3.56	2.94	3.28	3.86	4.55	4.98	4.88
	17	4.16	4.57	5.15	4.7	3.96	3.71	3.5	2.99	3.42	3.7	4.62	4.79	4.96
	18	4.04	4.67	4.89	4.58	3.83	3.48	3.49	2.85	3.08	3.58	4.45	5.02	4.89
	19	4.07	4.88	5.01	4.69	3.88	3.45	3.32	2.93	3.19	3.57	4.48	4.75	4.87
	20	4	4.68	4.82	4.55	3.77	3.35	3.28	2.79	3.14	3.71	4.31	4.85	4.85
	21	3.93	4.68	4.92	4.49	3.65	3.01	3.07	2.5	2.99	3.46	4.48	4.81	4.94
	22	3.86	4.65	4.87	4.49	3.39	2.95	2.87	2.5	2.91	3.62	4.39	4.99	4.81
	23	3.74	4.61	4.81	4.2	3.31	2.99	2.57	2.25	2.67	3.46	4.19	4.93	4.81

POWER BY HOUR                                                                   														
	Hour	ALL	JAN	FEB	MAR	APR	MAY	JUN	JUL	AUG	SEP	OCT	NOV	DEC
	0	151	269	269	164	94	74	35	44	56	95	183	290	259
	1	162	291	312	182	107	71	50	42	62	94	176	296	255
	2	165	264	296	180	114	69	66	52	86	121	196	298	251
	3	184	352	318	264	101	73	71	58	85	120	196	277	280
	4	191	361	315	277	115	94	54	43	67	109	231	289	329
	5	194	385	317	311	115	100	51	53	86	107	182	303	315
	6	170	313	325	212	122	85	61	48	83	103	211	292	271
	7	193	374	311	257	129	92	61	56	81	110	232	315	297
	8	195	415	368	310	118	110	68	47	80	102	168	327	343
	9	178	308	311	223	117	96	102	46	93	101	224	290	250
	10	166	292	258	227	111	87	54	58	95	103	186	269	224
	11	159	303	261	200	116	70	54	54	77	110	185	286	232
	12	152	224	256	163	100	61	59	44	87	115	177	260	254
	13	150	252	238	197	97	65	50	42	70	109	168	255	255																									
	14	136	186	240	166	98	75	42	45	61	95	170	251	233																									
	15	151	281	263	203	90	85	50	57	67	86	154	251	241																									
	16	143	251	244	172	96	66	52	41	61	96	154	245	226																									
	17	145	216	278	178	88	62	51	38	91	89	170	246	265																									
	18	142	233	277	173	87	56	67	31	75	88	156	260	248																									
	19	147	286	284	193	92	56	43	35	64	88	157	244	245																									
	20	153	253	271	178	95	95	64	35	78	103	159	255	263																									
	21	150	267	285	175	94	49	47	31	67	87	175	251	245																									
	22	154	278	283	190	91	60	48	37	60	102	178	284	244																									
	23	146	267	253	153	84	64	39	32	58	84	149	290	264																									

SPEED BY DIRECTION                                                              																																							
	Month	calm	0	10	20	30	40	50	60	70	80	90	100	110	120	130	140	150	160	170	180	190	200	210	220	230	240	250	260	270	280	290	300	310	320	330	340	350	360
	ALL	0	2.43	2.56	2.78	2.74	3.54	4.17	4.81	5.21	4.79	4.46	4.1	3.96	3.83	3.52	3.25	2.85	2.51	2.42	2.77	3.95	6.09	7.32	7.73	7.5	7.05	6.01	5.23	4.81	3.67	3.16	2.62	2.27	2.44	2.28	2.17	2.16	2.43
	1	0	2.4	4.4	4	2.6	4.7	5.9	6.2	6.2	5.6	5	4.2	4.2	3.8	3.7	3.3	2.8	2.5	2.3	2.5	4.3	7.2	8.8	9.5	9	8.6	6.8	6	5.4	4	3.4	2.8	2.4	3.5	2.9	1.9	2.2	2.4
	2	0	2.2	2.4	3	2.8	3.7	4.9	5.5	5.7	5.5	4.9	4.4	4.3	4	3.6	3.2	2.8	2.3	2.3	2.9	4.5	6.9	9.3	9.9	9.5	8.3	7.6	5.7	4.9	3.5	3.2	2.9	2.5	2.4	2.7	2.9	2.9	2.2
	3	0	2	2.5	2.7	2.8	4.3	5.2	5.8	5.8	5.2	4.9	4.2	4	3.6	3.6	3.3	2.9	2.3	2.3	2.6	4	6.3	7.9	8.3	8	7.3	6.1	5.1	4.9	3.6	3.5	2.6	2.3	2.5	2	2	1.9	2
	4	0	2.1	2	3	3.2	3.7	4.5	5.4	5.7	5.1	4.7	4.4	4.1	4.1	3.7	3.3	3	2.5	2.3	2.5	3.3	5.4	6.2	6.5	6.1	5.6	4.4	4.5	3.8	3	3	2.6	1.9	2.1	2.1	1.8	1.6	2.1
	5	0	2.1	1.9	2.2	2.5	3.2	3.1	3.7	4.6	4.6	4.4	4.2	4.2	4.3	3.7	3.6	2.9	2.5	2.5	2.7	3.5	5.2	5.7	6	5.4	4.7	4	3.7	4.1	3.2	2.9	2.5	2	2.4	1.9	2	1.7	2.1
	6	0	3.2	3	3.4	2.8	3.5	3.3	3.2	3.6	3.7	3.6	3.5	3.7	3.4	3.2	3	2.7	2.7	2.8	2.9	3.3	5.1	5.9	5.9	5.6	4.5	4.1	4	3.2	3.3	2.2	2.2	2.3	2.5	2.6	2.5	2.8	3.2
	7	0	2.1	2	2	2.2	2.7	2.9	3.2	3.6	3.4	3.5	3.5	3.2	3	2.8	2.6	2.4	2.4	2.5	2.8	3.2	4.6	5.8	6	5.7	5.2	4.4	4	4.5	3.7	2.3	2.3	2	2	1.8	2	1.8	2.1
	8	0	2	2.6	2	2.4	3	3.8	3.9	4	3.9	3.7	3.2	3.3	3.3	2.8	2.5	2.5	2.2	2.2	2.6	3.6	5.7	6.2	6.1	5.7	5.4	3.9	4.4	3.9	3.6	2.9	2	1.9	1.8	1.8	2.1	1.7	2
	9	0	2	1.9	2.2	2.5	3.5	4.6	5.4	5.7	4.7	4.3	3.9	3.7	3.8	3.3	3.3	2.7	2.3	2.3	2.5	3.5	5.4	6.1	6	6	5.1	5	4.6	4.3	3.2	2.7	2.7	2.1	2	2.2	1.7	1.7	2
	10	0	3.2	4.2	4.4	3.3	4.2	5.2	5.4	5.3	5.2	5.2	4.8	4.2	4.1	3.7	3.5	3.2	2.7	2.3	2.8	4.5	6.4	7.2	7.5	7.1	7.1	5.7	5.1	4.4	3.3	3.1	2.4	2.6	3.1	2.2	2.8	2.7	3.2
	11	0	2.4	2.5	2.4	4.9	4.4	5.9	6.1	6.1	5.1	4.7	4.5	4.5	4	3.9	3.5	3	2.7	2.4	2.9	4.7	6.7	8.5	8.8	8.5	8.1	6.5	5.6	5.7	4.4	3.5	2.9	2.5	2.6	2.7	1.8	1.8	2.4
	12	0	2.3	2.8	4	3.5	3.9	5.8	6.8	6.6	6	5.3	4.9	4.3	4.1	3.7	3.5	3	2.7	2.4	3.4	4.8	7.6	8.4	8.8	8.2	7.2	6.8	6.1	4.9	3.8	3.6	2.9	2.7	3.3	4.4	2.9	2.4	2.3
FREQUENCY BY DIRECTION                                                          																																							
	Month	calm	0	10	20	30	40	50	60	70	80	90	100	110	120	130	140	150	160	170	180	190	200	210	220	230	240	250	260	270	280	290	300	310	320	330	340	350	360
	ALL	14.4	0.48	0.39	0.5	0.71	1.48	3.27	5.56	5.83	3.7	3.33	1.98	3.02	3.48	2.91	2.5	2.48	3.62	5.67	7.19	4.82	5.07	6.32	6.15	5.11	4.13	1.99	1.38	1.36	1.19	1.2	0.97	0.62	0.48	0.36	0.39	0.34	0.48
	1	13.9	0.2	0.2	0.2	0.2	0.9	2	5	6.6	3.5	3	1.6	2.6	3	3	2.8	2.2	3.1	4.9	6.2	4.5	4.4	6.8	7.1	6.6	6.3	3	2	2.1	1.8	1.8	1.3	0.5	0.3	0.2	0.2	0.1	0.2
	2	13	0.2	0.1	0.1	0.3	0.6	2	4.5	6.2	4.2	3.4	2.1	3.4	3.7	3	2.4	2.4	3.2	5.3	6.7	4.4	4.4	6.4	7.1	6	5.5	2.5	1.8	2	1.7	1.8	1.3	0.5	0.4	0.2	0.2	0.1	0.2
	3	12.3	0.3	0.2	0.3	0.5	1	2.9	5.9	6.4	4	3.3	2	2.8	3.1	2.7	2.4	2.3	3	4.7	6.1	4.2	4.9	6.7	8	6.6	5.1	2.3	1.6	1.4	1.2	1	1	0.7	0.5	0.3	0.3	0.2	0.3
	4	13.5	0.3	0.5	0.5	0.6	1.3	2.8	5.9	7.1	5	4.2	2.8	3.7	4.5	4.1	3.3	3.1	4	5.8	6.6	3.6	4.5	5.7	5.1	4.3	3.4	1.3	0.8	0.8	0.8	0.8	0.7	0.4	0.5	0.3	0.5	0.4	0.3
	5	12.2	0.5	0.4	0.5	0.9	1.7	3	4.4	4.6	3.8	3.4	2.5	4	4.6	4	3.2	3	4.6	8	8.4	6.1	5.3	6.1	5.3	3.6	2.5	0.8	0.7	0.6	0.5	0.7	0.6	0.5	0.4	0.3	0.3	0.2	0.5
	6	12.9	1.1	0.9	1.1	1.4	2.8	5.5	6.4	5.1	3.4	3.3	1.9	3.1	3.5	2.7	2.3	2.5	4.5	9	11.6	5.8	4.6	3.8	3.1	2.1	1.3	0.7	0.4	0.5	0.6	0.7	0.9	0.7	0.5	0.5	0.6	0.9	1.1
	7	20.1	0.8	0.7	1.1	1.6	2.5	6	8.8	7.1	4.2	3.9	2.1	3	3.2	2.1	2.1	2.3	3.9	7.1	9.6	5.1	4.1	3.2	3	2.1	1.6	0.9	0.8	0.8	0.8	0.9	0.9	0.8	0.6	0.7	0.7	0.6	0.8
	8	19.5	0.8	0.6	0.7	1	2.4	5.6	8.6	7.4	4.6	4.3	2.5	2.8	3	2.3	1.9	2	3.3	4.6	5.7	4.3	5.1	6.5	5.5	4	2.7	1.2	0.8	0.9	0.7	0.6	0.8	0.6	0.8	0.7	0.6	0.5	0.8
	9	16.9	0.6	0.5	0.6	1	1.8	4.4	7.6	7.8	4.7	4.1	2	3.7	3.5	2.3	2	2.3	3.3	3.6	5.7	4.4	5.4	7.2	6.6	4.2	2.9	1.4	0.9	0.8	0.8	0.7	0.6	0.7	0.5	0.6	0.5	0.4	0.6
	10	12.5	0.4	0.3	0.5	0.5	1.3	2.2	3.5	3.9	2.5	2.5	1.4	2.5	3.2	3.2	2.5	2.6	2.9	4.1	5.9	5.1	6.7	8.9	7.9	7.8	5.9	2.7	1.8	1.6	1.4	1.4	0.8	0.6	0.5	0.3	0.3	0.3	0.4
	11	13.4	0.2	0.2	0.2	0.3	0.8	1.3	2.5	3	1.5	1.8	1.2	2.2	3.1	2.5	2.5	2.4	3.8	5.3	6.8	5.6	6.4	7.4	8.5	7.7	6.8	3.6	3.1	2.6	2	2	1.3	0.6	0.3	0.2	0.2	0.2	0.2
	12	12.3	0.2	0.1	0.2	0.2	0.6	1.7	4.1	5.4	3.2	3	1.6	2.7	3.3	3	2.5	2.5	3.8	5.3	6.7	4.7	5	7.2	6.7	6.2	5.4	3.3	1.8	2.3	2	2	1.5	0.8	0.4	0.2	0.3	0.2	0.2
FREQUENCY OF SPEED                                                              																																							
	Month	0	1	2	3	4	5	6	7	8	9	10	11	12	13	14	15	16	17	18	19	20	21	22	23	24	25												
	ALL	14.4	17.1	17.5	6.8	6.4	16.1	1.2	10.5	0.1	0.2	6.3	0.1	2.1	0	0	0.8	0	0	0.2	0	0	0	0	0	0	0												
	1	13.9	13	15.9	5.8	5.3	15.1	1.1	11.1	0.1	0.2	10.5	0.3	4.5	0.1	0	2.3	0	0	0.6	0	0.1	0	0	0	0	0												
	2	13	15.8	14.6	5.6	5.9	15.5	1.2	9.9	0.1	0.2	9.9	0.1	4.6	0.1	0	2.6	0	0	0.6	0	0.1	0	0	0	0	0												
	3	12.3	15.6	14.1	5.9	5.8	18.6	1.2	12.6	0.1	0.2	9.1	0.3	3.1	0.1	0	0.8	0	0	0.3	0	0	0	0	0	0	0												
	4	13.5	16.6	16.1	7.4	7.8	21.6	1.3	10.5	0.1	0.1	3.9	0	0.9	0	0	0.1	0	0	0	0	0	0	0	0	0	0
	5	12.2	19.1	19.1	8.9	8.9	19	1.5	8.3	0.1	0.1	2.4	0	0.2	0	0	0	0	0	0	0	0	0	0	0	0	0
	6	12.9	19.3	24.6	11.4	10	13.3	1	5.6	0	0	1.5	0	0.2	0	0	0	0	0	0	0	0	0	0	0	0	0
	7	20.1	22.9	22.7	9.1	6.4	11.1	1	5	0	0	1.4	0	0.2	0	0	0	0	0	0	0	0	0	0	0	0	0
	8	19.5	21.7	17.8	5.7	5.6	15.8	1.3	9.3	0.1	0.1	2.5	0	0.4	0	0	0	0	0	0	0	0	0	0	0	0	0
	9	16.9	17.8	16.6	5.3	5.4	18.3	1.7	12.6	0.1	0.3	4	0.1	0.6	0	0	0.1	0	0	0	0	0	0	0	0	0	0
	10	12.5	15.2	15.3	5	4.7	17	1.5	16.8	0.2	0.3	8.7	0.1	2	0	0	0.6	0	0	0.1	0	0	0	0	0	0	0
	11	13.4	15.8	14.7	5.3	4.4	14.1	0.8	12.1	0.2	0.4	11.1	0.3	4.8	0	0	1.9	0	0	0.4	0	0.1	0	0	0	0	0
	12	12.3	11.8	17.7	6.3	5.9	14.7	0.9	12.8	0	0.2	10.5	0.1	4.4	0.1	0	1.7	0.1	0	0.4	0	0.1	0	0	0	0	0
PERCENT OF POWER BY SPEED                                                       																											
	Month	0	1	2	3	4	5	6	7	8	9	10	11	12	13	14	15	16	17	18	19	20	21	22	23	24	25
	ALL	0	0.2	0.9	1	1.8	8.4	1.2	18.8	0.2	0.5	27.1	0.8	18.3	0.2	0.1	12.4	0.2	0.2	4.8	0	1.3	0.1	0.3	0.6	0.2	0.4
	1	0	0.1	0.4	0.5	0.9	4.5	0.6	11.2	0.1	0.4	25.9	1.2	22.1	0.3	0.2	19	0.3	0.1	8.1	0	2	0	0	1.2	0	0.8
	2	0	0.1	0.4	0.5	1	4.6	0.6	10.2	0.1	0.4	24.7	0.5	22.8	0.3	0.1	22.4	0.3	0	8.7	0	1.3	0	0	0.9	0	0
	3	0	0.2	0.6	0.7	1.3	7.7	0.9	18	0.2	0.6	30.9	1.5	20.6	0.5	0.1	9.6	0	0	4.7	0	1.1	0	0	0.4	0	0.5
	4	0	0.3	1.2	1.8	3.6	17.9	2	29.7	0.2	0.3	26.6	0.4	12.2	0.2	0	3.3	0	0	0.4	0	0	0	0	0	0	0
	5	0	0.5	2	2.8	5.4	21.1	3.1	31.1	0.4	0.7	22.1	0.5	3.5	0	0	0.9	0	0	1.1	0	0	0	0.9	1.1	1.2	1.4
	6	0	0.7	3.4	4.8	8	19.6	2.8	28.2	0.2	0.1	18.4	0.3	3.8	0	0	0.4	0	1.7	0	0	0	0	6	0	1.5	0
	7	0	1.1	4	4.8	6.6	20.3	3.3	31.1	0.3	0.3	21.2	0	4.8	0	0	0	0	0	0.9	0	0	1.2	0	0	0	0
	8	0	0.6	1.8	1.8	3.3	17.3	2.6	34.7	0.5	0.6	22.5	0.4	7.4	0	0	0.3	0	0.8	0	0	0	1.6	0	1	1.3	1.4
	9	0	0.4	1.3	1.3	2.5	15.1	2.6	35.5	0.4	1.3	27	0.6	8	0.2	0.2	2.2	0	0.3	0.4	0	0	0	0	0.8	0	0
	10	0	0.2	0.7	0.7	1.2	7.9	1.3	26.8	0.5	0.8	33.3	0.8	14.8	0.1	0	7.5	0	0.5	2	0	0	0	0	0.4	0	0.6
	11	0	0.1	0.4	0.5	0.8	4.3	0.5	12.8	0.3	0.7	28	1.1	24.1	0.3	0.2	16.2	0	0	6.1	0	2.1	0	0	0.9	0	0.4
	12	0	0.1	0.5	0.6	1.1	4.8	0.5	14.3	0	0.4	28.2	0.5	23.3	0.3	0.3	15.3	0.6	0.1	5.3	0	2.7	0	0.6	0	0.4	0
PREVAILING DIRECTION BY HOUR                                                    																											
	Month	0	1	2	3	4	5	6	7	8	9	10	11	12	13	14	15	16	17	18	19	20	21	22	23		
	ALL	180	180	180	180	180	210	210	220	220	60	60	60	60	60	60	60	70	180	180	180	180	180	180	180		
	1	230	210	180	210	210	230	210	220	220	210	230	220	70	60	240	240	220	220	220	220	70	70	220	220		
	2	210	210	190	230	230	220	240	230	220	230	240	220	70	70	60	180	220	220	210	220	220	180	220	220		
	3	220	210	70	180	220	220	220	220	220	220	60	220	70	210	60	210	220	220	220	180	180	70	220	220		
	4	70	70	70	180	180	210	180	220	170	60	80	60	60	60	70	70	70	80	170	180	180	70	180	210		
	5	170	170	170	220	180	180	180	220	210	60	60	60	50	170	60	60	180	180	180	180	170	170	180	190		
	6	170	180	180	180	180	180	180	70	60	60	60	60	60	50	60	50	180	180	180	180	180	170	180	180
	7	180	180	180	180	180	180	170	70	70	60	60	60	60	60	60	60	180	180	180	180	180	180	180	180
	8	70	210	210	180	180	210	210	60	70	60	60	50	60	60	60	60	70	70	70	60	180	180	170	210
	9	210	210	220	210	220	210	180	210	210	70	60	60	60	60	60	60	70	220	60	70	180	180	220	210
	10	210	210	180	210	230	210	210	230	180	230	220	230	230	230	210	220	230	220	210	210	220	210	220	210
	11	210	210	180	230	180	220	220	220	230	230	180	220	220	220	210	200	210	220	230	180	220	210	220	210
	12	210	220	220	180	220	210	220	190	180	230	180	240	180	210	230	180	210	220	210	180	210	220	230	170
SPEED FOR PREVAILING DIRECTION BY HOUR                                          																									
	Month	0	1	2	3	4	5	6	7	8	9	10	11	12	13	14	15	16	17	18	19	20	21	22	23
	ALL	2.59	2.46	2.32	2.62	2.38	7.43	7.87	8.15	8.59	4.14	4.01	4.16	4.1	4.14	3.92	4.11	4.79	3.1	3.02	2.72	2.76	2.48	2.47	2.38
	1	7.64	8.95	2.17	8.64	9.71	8.85	9.73	10.33	9.93	7.96	7.8	9.54	6.51	4.83	7.22	8.77	9.44	8.93	9.02	9.52	6.14	5.23	10.43	9.9
	2	8.99	10.66	4.91	10.06	8.53	10.72	9.43	9.92	11.33	9.63	7.48	9.84	5.24	5.14	4.63	2.27	9.13	9.76	8.7	9.76	10.96	2.66	10.06	10.07
	3	8.26	8.13	5.55	3.14	8.59	9.34	7.51	8.93	10.48	9.44	5.2	8.93	5.42	7.65	4.96	8.02	7.36	7.62	8.45	2.52	2.59	5.05	7.36	6.15
	4	6.55	6.55	6.07	2.05	1.97	6.82	2.33	6.49	2.26	5	4.59	5.39	5.65	5.22	4.98	5.37	5.69	5.15	2.46	2.18	2.67	6.33	2.19	5.51
	5	2.11	2.09	2.04	6.43	2.08	2.06	2.59	6.37	6.93	2.87	2.91	3.09	3.25	2.89	4.19	3.05	3.12	3.49	2.94	2.77	3.01	2.22	2.17	2.6
	6	2.2	2.38	2.09	2.05	1.95	2.07	2.6	3.01	2.72	3.06	2.8	2.96	2.91	2.96	2.9	3.22	3.92	3.58	3.58	3.28	3.2	2.94	2.51	2.51
	7	2.11	2.22	2.12	2.4	2.47	2.36	2.19	3.46	3.02	2.52	2.99	2.93	2.74	2.46	3.02	3.32	3.34	3.39	3.31	2.98	2.82	2.71	2.59	2.3
	8	4.49	5.95	6.66	2.65	2.01	6.16	7.06	3.98	3.59	3.2	3.29	2.64	3.03	3.32	3.12	3.09	3.85	3.92	4.08	4.47	2.6	2.19	2.15	5.65
	9	6.17	5.74	5.67	5.9	6.2	6.69	1.83	6.62	6.02	5.07	3.64	4.84	4.52	5.39	4.38	4.78	5.67	5.63	5.49	6.28	2.6	2.06	6.14	4.67
	10	6.83	7.34	2.41	7.32	7.7	6.18	7.67	7.59	3.59	7.19	8.28	8.08	7.53	7.52	7.97	6.97	7.16	7.9	6.85	7.1	7.43	7.5	7.59	6.67
	11	9.56	8.24	3.24	8.58	2.41	7.75	7.88	10.06	8.53	7.48	2.36	9.12	8.76	8.42	7.58	6.64	7	8.49	7.48	2.42	8.63	8.13	8.65	9.29
	12	7.95	8.14	8.3	2.9	9.13	8.4	8.77	5.59	4.85	7.81	2.36	7.84	4.19	7.19	7.49	4.3	7.91	9.3	9.19	2.43	8.21	7.94	8.26	2.18
